9.578715056956937923e-01
3.633033620595144120e-01
3.510367347008432892e-01
3.404567998621887970e-01
3.313615006446183342e-01
3.234689208967889140e-01
3.162884133490360128e-01
3.097204354129172721e-01
3.038948533811319241e-01
2.985091318806586957e-01
2.934886860413616905e-01
2.887883734082493103e-01
2.844346160202091411e-01
2.803556566898008362e-01
2.764633280766154999e-01
2.727402446758218635e-01
2.692064012192549871e-01
2.658290471416255296e-01
2.625933685382132454e-01
2.594738198736267765e-01
2.564596958049102926e-01
2.535490362616160676e-01
2.507346692422421919e-01
2.480218550448141102e-01
2.454144559584252872e-01
2.429145860990399031e-01
2.404994104502737873e-01
2.381528358578934301e-01
2.358942153914946327e-01
2.337183472377549198e-01
2.316187582160198211e-01
2.295876797651756063e-01
2.276105349456374327e-01
2.256809799430337660e-01
2.238063282874312443e-01
2.219991962516489614e-01
2.202525320095706229e-01
2.185508513572376466e-01
2.168967653242769300e-01
2.153071923990375891e-01
2.137649936245856475e-01
2.122564732787110553e-01
2.107814549546437322e-01
2.093450105045684684e-01
2.079459924890993960e-01
2.065871418111068503e-01
2.052593220692860432e-01
2.039618474146611127e-01
2.026992538071526739e-01
2.014808457671957986e-01
2.002961377816722122e-01
1.991376716868416552e-01
1.980051496183970472e-01
1.968951504535355890e-01
1.958166980247083855e-01
1.947714705604619845e-01
1.937501047525419240e-01
1.927552887478363175e-01
1.917851232031631548e-01
1.908369796719326938e-01
1.899079735085797138e-01
1.889996882832838399e-01
1.881056238575025963e-01
1.872255625983165750e-01
1.863679967116287917e-01
1.855280316041685029e-01
1.847103117974279451e-01
1.839110349194402194e-01
1.831244542303411549e-01
1.823531776139718230e-01
1.816017458302676968e-01
1.808629163414143814e-01
1.801335446692608477e-01
1.794179958274347009e-01
1.787132029980236236e-01
1.780170214437071796e-01
1.773300922922857736e-01
1.766511145973669872e-01
1.759796440435835718e-01
1.753170225549221251e-01
1.746699471487036526e-01
1.740344069828700380e-01
1.734067591869361546e-01
1.727867850903954117e-01
1.721745745735693278e-01
1.715695449162574771e-01
1.709714869209777444e-01
1.703799501574937425e-01
1.697965543228844021e-01
1.692243639387643050e-01
1.686581469383846010e-01
1.680980762145271867e-01
1.675447855575276646e-01
1.670004312338762564e-01
1.664687848666991932e-01
1.659474182213825366e-01
1.654342977702630557e-01
1.649297737492709248e-01
1.644340972628542674e-01
1.639429766607527206e-01
1.634565188306634498e-01
1.629745198041374354e-01
1.624991289829673669e-01
1.620279140420703978e-01
1.615624966267857898e-01
1.611010682375989822e-01
1.606457177244214607e-01
1.601966453166842330e-01
1.597526430485030347e-01
1.593166574341604580e-01
1.588875908815188254e-01
1.584633353317629889e-01
1.580424007521292473e-01
1.576250236571644092e-01
1.572111032707552702e-01
1.568019616373673986e-01
1.563963984010384167e-01
1.559944482909821628e-01
1.555955197410467672e-01
1.551995723535881666e-01
1.548065699509464654e-01
1.544174983574017612e-01
1.540315489216260436e-01
1.536484387206677737e-01
1.532693680277110171e-01
1.528933403420409953e-01
1.525200165021530496e-01
1.521493647861291709e-01
1.517814023970011084e-01
1.514188072578359079e-01
1.510605784574942656e-01
1.507048290623600184e-01
1.503515311541185617e-01
1.500006572613028777e-01
1.496521803503619852e-01
1.493060738169353086e-01
1.489623114773283297e-01
1.486253510045862369e-01
1.482921409616417829e-01
1.479644806852255245e-01
1.476406420447096413e-01
1.473191337223287156e-01
1.470015661175334554e-01
1.466901289286248744e-01
1.463812429332276566e-01
1.460742329688681229e-01
1.457717594182736109e-01
1.454723736329525674e-01
1.451747619260022049e-01
1.448789069940312757e-01
1.445849111976404144e-01
1.442951329025974894e-01
1.440073453401724823e-01
1.437212198262189655e-01
1.434370777272462871e-01
1.431563814970819304e-01
1.428784563116688167e-01
1.426022246949625316e-01
1.423279468531623293e-01
1.420561072411243575e-01
1.417859070762825802e-01
1.415188092632863048e-01
1.412537432402045656e-01
1.409901191343299887e-01
1.407279238763686213e-01
1.404671445856697232e-01
1.402078988226735934e-01
1.399505380740943272e-01
1.396947081933472001e-01
1.394402344668530525e-01
1.391871050936733523e-01
1.389353084356063917e-01
1.386848330140742491e-01
1.384356675070806675e-01
1.381878007462379598e-01
1.379412217138624164e-01
1.376959195401343816e-01
1.374518936155800231e-01
1.372091834454901571e-01
1.369677981295872593e-01
1.367276467162984177e-01
1.364888605678692690e-01
1.362516361296602363e-01
1.360194891606331113e-01
1.357891002891360444e-01
1.355599178922916037e-01
1.353319514293571391e-01
1.351053529295117017e-01
1.348806271440882443e-01
1.346579877516872747e-01
1.344364222666007136e-01
1.342159225009176837e-01
1.339964803656817638e-01
1.337780878691221809e-01
1.335608442501615145e-01
1.333465419610481706e-01
1.331354436030879884e-01
1.329267630148046331e-01
1.327190448410876522e-01
1.325122869833160744e-01
1.323065142316025844e-01
1.321016829735628673e-01
1.318977944164358984e-01
1.316949328378208273e-01
1.314929923359348107e-01
1.312926166833144059e-01
1.310932030627317557e-01
1.308952872900582265e-01
1.306993367972963949e-01
1.305056022968879847e-01
1.303145379762493394e-01
1.301253759452075387e-01
1.299370383495430659e-01
1.297495196528927197e-01
1.295632423662362587e-01
1.293781065640114691e-01
1.291942109439993824e-01
1.290116401837564375e-01
1.288299109078809013e-01
1.286493503354663448e-01
1.284695430262584592e-01
1.282905205960432615e-01
1.281122861104013466e-01
1.279347903366691297e-01
1.277581275798920224e-01
1.275823253425709680e-01
1.274076817783441895e-01
1.272349307233507920e-01
1.270628846414378899e-01
1.268915393005620729e-01
1.267208905063801350e-01
1.265512154249917587e-01
1.263831592990058428e-01
1.262166644981238817e-01
1.260510955488919893e-01
1.258861818670538313e-01
1.257219196959896701e-01
1.255583053101322621e-01
1.253953350145738110e-01
1.252330051631614927e-01
1.250714897988635388e-01
1.249109224205475349e-01
1.247509799800696068e-01
1.245916589549537351e-01
1.244331142462494350e-01
1.242753084957900905e-01
1.241181117539224277e-01
1.239615206360930866e-01
1.238066413723540454e-01
1.236526708132992675e-01
1.234994581010992604e-01
1.233468257477422919e-01
1.231948293047269855e-01
1.230434128343392691e-01
1.228932412624597764e-01
1.227436918243880598e-01
1.225949013761183648e-01
1.224476686125224034e-01
1.223018293730377404e-01
1.221565277823681156e-01
1.220117609950781834e-01
1.218675261866959819e-01
1.217238205534868500e-01
1.215810066027998848e-01
1.214388416248726871e-01
1.212973022582234522e-01
1.211562759904807329e-01
1.210157602014138856e-01
1.208757812698040141e-01
1.207363957552980427e-01
1.205975113061326792e-01
1.204591253976808468e-01
1.203212355221202484e-01
1.201838391882793233e-01
1.200469590427986205e-01
1.199106049149002984e-01
1.197747366734110558e-01
1.196393518935058714e-01
1.195044481662649039e-01
1.193700230985325350e-01
1.192360743127767880e-01
1.191025994469520760e-01
1.189695961543627001e-01
1.188379970542728370e-01
1.187079097485994605e-01
1.185784007176859389e-01
1.184500736783720837e-01
1.183221968347339809e-01
1.181951091423387029e-01
1.180692814065877339e-01
1.179439076240062778e-01
1.178190689433714078e-01
1.176948492138495811e-01
1.175716995263062781e-01
1.174490153158408573e-01
1.173267556000365253e-01
1.172053852051761214e-01
1.170855296779799715e-01
1.169667204826276841e-01
1.168486185670407768e-01
1.167311433408391858e-01
1.166140566250550709e-01
1.164973565767455088e-01
1.163810413648135311e-01
1.162651091698997524e-01
1.161495581842765523e-01
1.160343866117429373e-01
1.159195926675210264e-01
1.158056728914283462e-01
1.156933204867930942e-01
1.155813888012736379e-01
1.154698818736706323e-01
1.153587349404024687e-01
1.152479463125166970e-01
1.151375143119702238e-01
1.150274372715292953e-01
1.149177135346701184e-01
1.148086665649652033e-01
1.147002376628656756e-01
1.145928577382311214e-01
1.144859043483166389e-01
1.143792904650631076e-01
1.142730923170067331e-01
1.141673758314249026e-01
1.140619901240851886e-01
1.139569337000384541e-01
1.138524213537515511e-01
1.137483080009401432e-01
1.136445178394023953e-01
1.135410494208127646e-01
1.134379013055725749e-01
1.133350720627382124e-01
1.132325602699506412e-01
1.131304317020620509e-01
1.130287798263125837e-01
1.129274416885368421e-01
1.128275506086681562e-01
1.127280042764606804e-01
1.126287611628419560e-01
1.125301735480642579e-01
1.124319402372057353e-01
1.123340049918519490e-01
1.122366897369808936e-01
1.121407146749755501e-01
1.120452771129539782e-01
1.119501239198582854e-01
1.118552538630693677e-01
1.117606657171342638e-01
1.116663582637091312e-01
1.115723302915045539e-01
1.114785805962301563e-01
1.113851079805404792e-01
1.112920083765245038e-01
1.111991970953285502e-01
1.111069343323756592e-01
1.110151963735417635e-01
1.109237269521923669e-01
1.108325249257273021e-01
1.107415891580051798e-01
1.106510355024896558e-01
1.105608501039308383e-01
1.104709272994765790e-01
1.103812659748035496e-01
1.102918665466438575e-01
1.102028275011113778e-01
1.101140462077512261e-01
1.100255215784803065e-01
1.099372525313060678e-01
1.098492379902819005e-01
1.097615052332520519e-01
1.096740549767562523e-01
1.095868558373894464e-01
1.094999067639021995e-01
1.094133858093787187e-01
1.093276597520764226e-01
1.092425823769692245e-01
1.091579624785560393e-01
1.090737385463456249e-01
1.089898364060625652e-01
1.089065662612120483e-01
1.088236892412170059e-01
1.087415322003327522e-01
1.086596367989717676e-01
1.085779666626102702e-01
1.084965208769353984e-01
1.084152985325897989e-01
1.083343559340266687e-01
1.082537128122370018e-01
1.081732900006775744e-01
1.080930866116362327e-01
1.080131017621849820e-01
1.079333345741462225e-01
1.078537841740596082e-01
1.077751383421996778e-01
1.076970541029058370e-01
1.076193736223232944e-01
1.075418990752354531e-01
1.074646296627928127e-01
1.073878726042057502e-01
1.073113843307170190e-01
1.072352235453219726e-01
1.071593303550586462e-01
1.070836351859319885e-01
1.070083761870306571e-01
1.069333935479281766e-01
1.068586046191792732e-01
1.067840086635356289e-01
1.067096049474949293e-01
1.066353927412759389e-01
1.065613713187944372e-01
1.064882254952475710e-01
1.064155831757377380e-01
1.063431237110333411e-01
1.062708464275656933e-01
1.061987506550240018e-01
1.061268357263358969e-01
1.060551009776474762e-01
1.059835457483035148e-01
1.059121693808280640e-01
1.058409712209049669e-01
1.057699506173586101e-01
1.056994886737804840e-01
1.056294429168601612e-01
1.055595688704012575e-01
1.054899161899365834e-01
1.054204681016698980e-01
1.053511896838626866e-01
1.052820803310596243e-01
1.052131394406186221e-01
1.051443664126945204e-01
1.050757606502227548e-01
1.050073215589033132e-01
1.049390485471848461e-01
1.048709410262488734e-01
1.048030926176764244e-01
1.047355972940899604e-01
1.046682643360789949e-01
1.046010931741517130e-01
1.045340832414029947e-01
1.044672339735002314e-01
1.044006352970122814e-01
1.043346150367633896e-01
1.042687966255446685e-01
1.042031335953714222e-01
1.041376254120753575e-01
1.040722715438698737e-01
1.040070714613367253e-01
1.039420246374132412e-01
1.038771305473790013e-01
1.038123886688432501e-01
1.037477984817318788e-01
1.036833697419506234e-01
1.036192025814708928e-01
1.035551845560167133e-01
1.034913151584713059e-01
1.034275938839693681e-01
1.033640202298847788e-01
1.033005936958179272e-01
1.032373137835834037e-01
1.031741799971977319e-01
1.031111918428672253e-01
1.030483488289755667e-01
1.029856504660721928e-01
1.029230962668601229e-01
1.028606857461838858e-01
1.027984184210181257e-01
1.027362938104556117e-01
1.026743114356955117e-01
1.026124708200323588e-01
1.025507714888437977e-01
1.024892129695799542e-01
1.024277947917514864e-01
1.023665164869186350e-01
1.023053775886802463e-01
1.022443776326621423e-01
1.021835161565066152e-01
1.021227926998612839e-01
1.020622068043680886e-01
1.020017580136525770e-01
1.019414458733133577e-01
1.018812699309112890e-01
1.018212297359585988e-01
1.017613248399091147e-01
1.017015547961470506e-01
1.016419191599770289e-01
1.015824174886137687e-01
1.015230493411716783e-01
1.014638142786548070e-01
1.014047118639466866e-01
1.013457416618002843e-01
1.012872151152267863e-01
1.012288235732295982e-01
1.011705616455687434e-01
1.011124289099953472e-01
1.010544249460479382e-01
1.009965493350428317e-01
1.009388016600649002e-01
1.008811815059587474e-01
1.008236884593189248e-01
1.007663221084812155e-01
1.007090820435136147e-01
1.006523516973759635e-01
1.005963124793804175e-01
1.005403943688182866e-01
1.004845969787990789e-01
1.004289199240584740e-01
1.003733628209497325e-01
1.003180641941936874e-01
1.002629171318123597e-01
1.002078888288303604e-01
1.001529789067358428e-01
1.000981869886003461e-01
1.000435126990702334e-01
9.998899455871830544e-02
9.993467028026278842e-02
9.988046296587560491e-02
9.982637223936946524e-02
9.977239772615646707e-02
9.971853905323919964e-02
9.966479584920222290e-02
9.961116774420383790e-02
9.955793598926482302e-02
9.950502607571196090e-02
9.945231644917608416e-02
9.939973574310700943e-02
9.934726620905066918e-02
9.929490749508203262e-02
9.924265925075097250e-02
9.919052112707527069e-02
9.913849742292421552e-02
9.908658455514797458e-02
9.903478072327569215e-02
9.898308558438351223e-02
9.893149879697554772e-02
9.888039503244870632e-02
9.882960155148939885e-02
9.877892217518738360e-02
9.872834754487334885e-02
9.867787733542131290e-02
9.862751122304934392e-02
9.857727178276075308e-02
9.852727938549268871e-02
9.847757228041384425e-02
9.842800392365091966e-02
9.837860227729415541e-02
9.832930098958818366e-02
9.828009975040230550e-02
9.823103687566210607e-02
9.818209606064563777e-02
9.813325398099213837e-02
9.808451033496976001e-02
9.803616196491704571e-02
9.798797043641210847e-02
9.793987534562814679e-02
9.789188858471724319e-02
9.784431098985021946e-02
9.779697348860263983e-02
9.774972870174794548e-02
9.770257635451015665e-02
9.765551617322333622e-02
9.760861452156124884e-02
9.756202761101311072e-02
9.751553119174620476e-02
9.746912499676048391e-02
9.742280876013437174e-02
9.737658221701935013e-02
9.733044510363367263e-02
9.728439715725718806e-02
9.723848689839814652e-02
9.719279705385006074e-02
9.714754263119904087e-02
9.710244773314388733e-02
9.705743803332723962e-02
9.701251328727363010e-02
9.696797326899675440e-02
9.692363962008863909e-02
9.687938843566358538e-02
9.683521948190319806e-02
9.679131455877185153e-02
9.674762474430941006e-02
9.670401810587761493e-02
9.666054082102332190e-02
9.661714312411252836e-02
9.657388699460157933e-02
9.653095566792935234e-02
9.648810239818100820e-02
9.644532696759502977e-02
9.640262915926119114e-02
9.636000875711632496e-02
9.631746554593949294e-02
9.627499931134765598e-02
9.623260983979102512e-02
9.619029691854910635e-02
9.614806033572591282e-02
9.610589988024577368e-02
9.606381534184893489e-02
9.602185531921678119e-02
9.598009331121371002e-02
9.593888382126274095e-02
9.589783726599554470e-02
