1.260900355311286747e+00
8.006812555368738593e-01
7.600648182969629296e-01
7.294885875744515635e-01
7.039573395344020934e-01
6.816429783496942285e-01
6.615074470699363607e-01
6.431496277837033260e-01
6.260724484928239519e-01
6.103024544331488999e-01
5.957791816087131265e-01
5.822531386612573856e-01
5.695953676239452479e-01
5.576475856371674311e-01
5.464719976886975861e-01
5.360134562116168899e-01
5.261542727066940150e-01
5.168414049250312781e-01
5.080127355485545282e-01
4.996070202749421374e-01
4.915829108453242946e-01
4.839937633886767787e-01
4.767667805247696178e-01
4.699659455719038537e-01
4.634607525210112655e-01
4.572459282161568384e-01
4.513353788925912324e-01
4.456748170061395897e-01
4.402287651931849899e-01
4.350036411458053642e-01
4.300089470701640160e-01
4.251766439713713375e-01
4.204956131587127555e-01
4.160050388612193117e-01
4.117748530796782047e-01
4.077400428722185444e-01
4.038399466139921401e-01
4.000674357276433613e-01
3.964625366165608900e-01
3.930047547722413936e-01
3.896436188523871302e-01
3.864081229838796094e-01
3.832693570491438328e-01
3.802157337912526747e-01
3.772757378118752336e-01
3.744514721095497101e-01
3.717035565463375213e-01
3.690279121491307213e-01
3.664281812593527810e-01
3.638897259593315558e-01
3.614033849028114864e-01
3.589738023155039093e-01
3.565933503721058773e-01
3.543011418404780066e-01
3.520637407759494297e-01
3.498755185356800523e-01
3.477263067102471794e-01
3.456139433259017291e-01
3.435580309265873766e-01
3.415575345311555600e-01
3.396098420403597662e-01
3.377026001698288371e-01
3.358615128213101042e-01
3.340651560272909770e-01
3.323086463821531833e-01
3.305912150677637884e-01
3.289155494027010129e-01
3.272913952327043963e-01
3.256954481085734265e-01
3.241353978369669320e-01
3.226132487858260900e-01
3.211198038580015401e-01
3.196537144491738980e-01
3.182252569549819388e-01
3.168250692219617970e-01
3.154496865779798931e-01
3.140978203352281506e-01
3.127697741672461063e-01
3.114638258236351320e-01
3.101913960983137541e-01
3.089436147994897852e-01
3.077182494701441451e-01
3.065106299257451816e-01
3.053206054313011841e-01
3.041593917156313331e-01
3.030227848457356932e-01
3.019067903554163990e-01
3.008109644918190440e-01
2.997345911062831436e-01
2.986752976027167716e-01
2.976428203404723472e-01
2.966282451942395815e-01
2.956247869285294483e-01
2.946391147744747419e-01
2.936647235396677158e-01
2.927065993844569225e-01
2.917660503088178037e-01
2.908437938715191518e-01
2.899393681434693226e-01
2.890526124828359800e-01
2.881906103823156373e-01
2.873529899452552105e-01
2.865241859257268708e-01
2.857035310454321131e-01
2.848924474080525293e-01
2.840922950609094388e-01
2.833115907885049300e-01
2.825494987722422802e-01
2.817963661467682290e-01
2.810540030482681084e-01
2.803267310708251747e-01
2.796151921294017795e-01
2.789224331942807278e-01
2.782431802577655655e-01
2.775698014935746860e-01
2.769060733601564350e-01
2.762537567445846887e-01
2.756107516628467091e-01
2.749759346007074057e-01
2.743462389123632050e-01
2.737231517758854094e-01
2.731093567936977440e-01
2.725005219789466970e-01
2.718977431529835953e-01
2.713021964692097776e-01
2.707188772891289119e-01
2.701442569711626773e-01
2.695776826988925956e-01
2.690175228992449097e-01
2.684682897036263505e-01
2.679296679184709484e-01
2.673986716634807470e-01
2.668729309785310977e-01
2.663515422847307912e-01
2.658340340306846739e-01
2.653255156463286690e-01
2.648226839643849639e-01
2.643236233200306207e-01
2.638279265066664214e-01
2.633355576638955475e-01
2.628470796424248745e-01
2.623629200098981373e-01
2.618819607167449659e-01
2.614059407309941574e-01
2.609350359444245204e-01
2.604685692625371418e-01
2.600117924925718360e-01
2.595583593729145488e-01
2.591085104099332126e-01
2.586646789410024239e-01
2.582259787332810141e-01
2.577936481718332007e-01
2.573647787208376281e-01
2.569386738188934594e-01
2.565151827363129078e-01
2.560996548537204931e-01
2.556958430638960889e-01
2.552991978516181981e-01
2.549078651175495369e-01
2.545210058903988881e-01
2.541410105058229951e-01
2.537663755971296120e-01
2.533960684647590944e-01
2.530306891910160672e-01
2.526681775512872874e-01
2.523136478398302907e-01
2.519627315732314576e-01
2.516140518836396112e-01
2.512681200658369862e-01
2.509260243420133873e-01
2.505903496013767717e-01
2.502581425873399712e-01
2.499294150084808153e-01
2.496023738158903438e-01
2.492770050027035833e-01
2.489543914177258510e-01
2.486383085157352346e-01
2.483240789634634793e-01
2.480119350893246200e-01
2.477020987441065636e-01
2.473967689691235206e-01
2.470937072229325293e-01
2.467921162773850929e-01
2.464919844963589513e-01
2.461946587830685373e-01
2.459010059952882743e-01
2.456095232878909296e-01
2.453201412217249910e-01
2.450325819869234312e-01
2.447495306638346191e-01
2.444689140939598493e-01
2.441915192793080169e-01
2.439160359675428269e-01
2.436417988941016188e-01
2.433687990502133303e-01
2.430982876126691339e-01
2.428313061427848085e-01
2.425667536099483657e-01
2.423033716636525114e-01
2.420411520284854456e-01
2.417801964457636787e-01
2.415218666958764970e-01
2.412650483429462367e-01
2.410097387583028938e-01
2.407592975271328206e-01
2.405113697417672891e-01
2.402646598924265131e-01
2.400189935327951551e-01
2.397746881268887909e-01
2.395316608944749737e-01
2.392904569349923738e-01
2.390502551496022365e-01
2.388110487319524688e-01
2.385745781105940710e-01
2.383413962796897823e-01
2.381097445844833349e-01
2.378791355666647067e-01
2.376501074904657229e-01
2.374248919814446190e-01
2.372014965580424850e-01
2.369790577414545574e-01
2.367574975354383715e-01
2.365368101554088942e-01
2.363169898687730308e-01
2.360987611795732077e-01
2.358815435443485653e-01
2.356651678436129937e-01
2.354496286121802173e-01
2.352349204338846922e-01
2.350213112270723992e-01
2.348086821699263138e-01
2.345968627150296637e-01
2.343858477242585225e-01
2.341762455440557500e-01
2.339688252406444124e-01
2.337626497781101764e-01
2.335585295196327404e-01
2.333558083893698398e-01
2.331538357601272426e-01
2.329528699580400986e-01
2.327534257417125108e-01
2.325547152860253930e-01
2.323567340365352285e-01
2.321594774779977555e-01
2.319639186082219084e-01
2.317696469157283501e-01
2.315780929730742177e-01
2.313873861693158951e-01
2.311974014578252745e-01
2.310086231274874891e-01
2.308211783447135235e-01
2.306343890678551611e-01
2.304482514703648788e-01
2.302633730859139638e-01
2.300813186024202872e-01
2.298998827489086572e-01
2.297190619850066062e-01
2.295401742448277826e-01
2.293626014198930363e-01
2.291865492928643888e-01
2.290127988253043978e-01
2.288427403023057805e-01
2.286739268835314975e-01
2.285057566897147341e-01
2.283389905312448454e-01
2.281727526877714296e-01
2.280070402992780132e-01
2.278418505285515205e-01
2.276771805609475174e-01
2.275130276041582855e-01
2.273493888879841995e-01
2.271862616641070753e-01
2.270240803892084880e-01
2.268635780554947579e-01
2.267048883230535772e-01
2.265468569123424702e-01
2.263893052831907338e-01
2.262322309378158591e-01
2.260756313980048504e-01
2.259195042049091107e-01
2.257638469188429642e-01
2.256091858195604927e-01
2.254557239247752254e-01
2.253030667846832868e-01
2.251511649995937836e-01
2.250008826239929816e-01
2.248510420105383767e-01
2.247021921468455585e-01
2.245537927156327218e-01
2.244058303028622636e-01
2.242583026898467280e-01
2.241112076748641713e-01
2.239645430729853282e-01
2.238183067159039974e-01
2.236727538927358594e-01
2.235277477487244147e-01
2.233831629967713839e-01
2.232389975157025030e-01
2.230952492004434073e-01
2.229531763430696867e-01
2.228134714677381389e-01
2.226741565663948319e-01
2.225352297672532897e-01
2.223971651042163100e-01
2.222602437619961846e-01
2.221243251198738444e-01
2.219889153302423701e-01
2.218538727256655074e-01
2.217191956162090360e-01
2.215848823237998588e-01
2.214509311821112880e-01
2.213173405364490254e-01
2.211841087436386410e-01
2.210514216647430641e-01
2.209194242608921721e-01
2.207877769464492157e-01
2.206564781613351567e-01
2.205255263559221801e-01
2.203949199909386036e-01
2.202646575373753690e-01
2.201348882351482350e-01
2.200059309947404451e-01
2.198773114857405508e-01
2.197490282230806780e-01
2.196212918691044513e-01
2.194945563865139671e-01
2.193682005833630932e-01
2.192427749814694071e-01
2.191186707399497002e-01
2.189950257322441085e-01
2.188723268973515601e-01
2.187499350505007767e-01
2.186279203635754231e-01
2.185066492357307100e-01
2.183856766377744729e-01
2.182650013630706154e-01
2.181450628392489210e-01
2.180258473209803760e-01
2.179082362158063224e-01
2.177909074244251397e-01
2.176738598390596524e-01
2.175570923584166372e-01
2.174412047325813002e-01
2.173262181841841834e-01
2.172119158829382835e-01
2.170978822067557712e-01
2.169841161222240689e-01
2.168711836610402455e-01
2.167590848326295394e-01
2.166473824270409854e-01
2.165359388026477372e-01
2.164249769608122820e-01
2.163144677581571862e-01
2.162042144340504679e-01
2.160942160210193308e-01
2.159845432537250143e-01
2.158752259528725348e-01
2.157661601420470532e-01
2.156573448850234997e-01
2.155488994715681339e-01
2.154413603641297248e-01
2.153351559380203561e-01
2.152294598123883351e-01
2.151240032913880329e-01
2.150187854998467096e-01
2.149138055674013892e-01
2.148090626284610560e-01
2.147047227628189059e-01
2.146011749357175091e-01
2.144979665680386560e-01
2.143957058897285606e-01
2.142938847017299420e-01
2.141922837687359471e-01
2.140919353248560975e-01
2.139924265151298133e-01
2.138934139259542899e-01
2.137950872282162462e-01
2.136971705076816386e-01
2.135999053339550646e-01
2.135028406983449645e-01
2.134062517900870981e-01
2.133110244472344319e-01
2.132159943089423915e-01
2.131211607405885666e-01
2.130265231105099577e-01
2.129320807899836576e-01
2.128378331532088108e-01
2.127437795772878226e-01
2.126499194422083461e-01
2.125567690167774748e-01
2.124647323004054400e-01
2.123728824414911065e-01
2.122812952110323115e-01
2.121902079024175214e-01
2.120993049418438137e-01
2.120086462012691630e-01
2.119182222274424710e-01
2.118279805874562216e-01
2.117380898375162412e-01
2.116485757069774543e-01
2.115593619861422248e-01
2.114707248262688299e-01
2.113822664960711972e-01
2.112939864303621518e-01
2.112058840665439197e-01
2.111179588445917521e-01
2.110302102070369668e-01
2.109426375989509606e-01
2.108552404679290837e-01
2.107680182640743749e-01
2.106810911369539074e-01
2.105948605782309024e-01
2.105090878978413127e-01
2.104234833240119229e-01
2.103380463463634387e-01
2.102527764567533874e-01
2.101676731492618244e-01
2.100827359201775379e-01
2.099979642679843383e-01
2.099133576933474021e-01
2.098289156990995052e-01
2.097446377902280334e-01
2.096610892488943445e-01
2.095777149194937017e-01
2.094945020761294074e-01
2.094114502335747696e-01
2.093285589086914533e-01
2.092458450767575306e-01
2.091639644283030119e-01
2.090822407053182785e-01
2.090006780292740785e-01
2.089195235738274536e-01
2.088385235477441815e-01
2.087576775004228169e-01
2.086770305925056412e-01
2.085969200672190826e-01
2.085169612472191347e-01
2.084371536952097370e-01
2.083574969756043505e-01
2.082779906545168813e-01
2.081986342997532435e-01
2.081194274808026157e-01
2.080403697688288644e-01
2.079614607366618295e-01
2.078826999587892466e-01
2.078040870113479766e-01
2.077256214721155680e-01
2.076473029205023468e-01
2.075691309375428395e-01
2.074911051058875577e-01
2.074132250097950603e-01
2.073354902351237650e-01
2.072579003693237887e-01
2.071804550014290647e-01
2.071031537220494601e-01
2.070259961233628099e-01
2.069489817991069514e-01
2.068721103445723686e-01
2.067954683168676255e-01
2.067191217121515656e-01
2.066429155750824642e-01
2.065668495140995931e-01
2.064909448523254143e-01
2.064157864780693519e-01
2.063410448589835244e-01
2.062666533283197268e-01
2.061925050741942045e-01
2.061184884996032085e-01
2.060449969921661073e-01
2.059716693191547543e-01
2.058984711794536737e-01
2.058254921793510328e-01
2.057527676138416195e-01
2.056808040502474400e-01
2.056093950041541774e-01
2.055381105797167984e-01
2.054669504557274651e-01
2.053959143120406561e-01
2.053250018295683377e-01
2.052542126902763275e-01
2.051835465771793543e-01
2.051130031743368942e-01
2.050425821668488136e-01
2.049723407631601768e-01
2.049024168023980963e-01
2.048326136179561829e-01
2.047629308999918130e-01
2.046933683396956472e-01
2.046239256292876896e-01
2.045546024620119030e-01
2.044853985321324341e-01
2.044163135349290339e-01
2.043473471666925612e-01
2.042784991247208193e-01
2.042097691073138377e-01
2.041411568137700139e-01
2.040732047509744573e-01
2.040055462807936482e-01
2.039380024104680555e-01
2.038705728499190517e-01
2.038040244073605067e-01
2.037377729173561747e-01
2.036716312390655093e-01
2.036055991054210590e-01
2.035396762501683887e-01
2.034738774655273641e-01
2.034087354642382384e-01
2.033437009574298737e-01
2.032787736826536795e-01
2.032139533782758023e-01
2.031492397834736285e-01
2.030846326382327871e-01
2.030201316833441794e-01
2.029558693720351359e-01
2.028918679273759851e-01
2.028279710329840280e-01
2.027641784388238277e-01
2.027004898955871437e-01
2.026369051546906830e-01
2.025734239682736304e-01
2.025102326119762874e-01
2.024473431368705723e-01
2.023845562185529745e-01
2.023218716091056690e-01
2.022592890613537364e-01
2.021968215452611406e-01
2.021345925929302900e-01
2.020726062768262443e-01
2.020109586294520643e-01
2.019494099235135676e-01
2.018879599244646217e-01
2.018266083984423809e-01
2.017653551122644828e-01
2.017041998334275499e-01
2.016431423301043580e-01
2.015822656491590981e-01
2.015215900175042207e-01
2.014610109662981763e-01
2.014005282657569118e-01
2.013401416867925120e-01
2.012798510010106734e-01
2.012196559807080953e-01
2.011598763146544011e-01
2.011004467155797226e-01
2.010411108728731022e-01
2.009818685656882820e-01
2.009227195738314264e-01
2.008641224050079777e-01
2.008056596766723545e-01
2.007472888486243057e-01
2.006890097028524445e-01
2.006308220220052452e-01
2.005727255893884620e-01
2.005147201889627973e-01
2.004568056053414038e-01
2.003989816237876642e-01
2.003412480302126375e-01
2.002836046111728940e-01
2.002260511538680454e-01
2.001685874461383574e-01
2.001112210735656871e-01
2.000543409960211794e-01
1.999975484734300701e-01
1.999408433031531207e-01
1.998842252831385113e-01
1.998276942119198984e-01
1.997712498886145827e-01
1.997148921129216215e-01
1.996586206851197753e-01
1.996024354060658978e-01
1.995465242786400306e-01
1.994907651233645274e-01
1.994350913854233409e-01
1.993795028662757041e-01
1.993239993679665201e-01
1.992685806931246695e-01
1.992132466449610395e-01
1.991580898252941489e-01
1.991032393523624877e-01
1.990484721174300975e-01
1.989937879284481848e-01
1.989391865939302284e-01
1.988848733670324775e-01
1.988308092030593444e-01
1.987768263074696784e-01
1.987229244952554152e-01
1.986691634018295516e-01
1.986155223717217533e-01
1.985620019530598968e-01
1.985088631256574088e-01
1.984559476101110942e-01
1.984031880745393550e-01
1.983505678400886707e-01
1.982980253504768031e-01
1.982455604334668331e-01
1.981931729172861367e-01
1.981408626306250809e-01
1.980886294026361072e-01
1.980364730629320669e-01
1.979843934415853046e-01
