1.216268783022747213e+00
7.847329889631429189e-01
7.601362453703088828e-01
7.355362023094389468e-01
7.370094206536047521e-01
7.193737960304344980e-01
7.032946512973184960e-01
7.146224941125340901e-01
6.453987611523118728e-01
6.788497486254524427e-01
6.563691932997948175e-01
6.456152730283037933e-01
6.718846353989120779e-01
6.298817993111489599e-01
6.137527491440353256e-01
6.509861639900303976e-01
6.122782755439780678e-01
6.257314001841576268e-01
5.681902463186305763e-01
5.858593469218766892e-01
5.835950019467218697e-01
5.995203076585439161e-01
5.882593073664117433e-01
5.811857766673896863e-01
5.731805137928965843e-01
5.351209816865367674e-01
5.586016489136766960e-01
5.534656272170302982e-01
5.188029531444875442e-01
5.269759324566332115e-01
5.196787418784952761e-01
5.178117184081862945e-01
5.397394371775515731e-01
4.989118809752086103e-01
5.473024290880336151e-01
5.247518216697300009e-01
5.082433644332484679e-01
4.831731585596262812e-01
4.953658906613192525e-01
4.833360861649448337e-01
4.763870023161736467e-01
5.113008441407945748e-01
4.855599849755303787e-01
4.596784493838271812e-01
4.780633317080146827e-01
4.588447718888408189e-01
4.617195766541895563e-01
4.597454373713097397e-01
4.892358560182215044e-01
4.673351199862757488e-01
4.524887235325987245e-01
4.457709421637819358e-01
4.661389780466488331e-01
4.680972832782079873e-01
4.259962621718384468e-01
4.280760211011829242e-01
4.331580720799148576e-01
4.164409904342465385e-01
4.579521623662896612e-01
4.282336584361511878e-01
4.316606717987457875e-01
4.288874055724763434e-01
4.174299230785338821e-01
4.367461780077910305e-01
4.154878200186876702e-01
4.363556290015380146e-01
4.328995667900982225e-01
4.074863322572048197e-01
4.197602135520995814e-01
4.210048096343941282e-01
4.016253673581604566e-01
4.011030510717408792e-01
4.004124679643772389e-01
3.920655295602212265e-01
4.068654590018160322e-01
3.794798992695603834e-01
3.859600331333088441e-01
3.872841649447512080e-01
4.085552586365796546e-01
4.182803941625827249e-01
4.121156271894751977e-01
3.843435576052924851e-01
3.705056655999336424e-01
3.981788883842293236e-01
3.931578708535116706e-01
4.015900469741282564e-01
3.815608320790908614e-01
3.793976229242881359e-01
3.768442654555544391e-01
3.839533970481262548e-01
3.940376137712363613e-01
3.884528135191677722e-01
3.850647779346235144e-01
3.731846663518383900e-01
3.759306888136904057e-01
3.740683663533601599e-01
3.769965402800924403e-01
3.764892945479253461e-01
3.826227003318270481e-01
3.817322964521827067e-01
3.609146889582407480e-01
3.748244395685128016e-01
3.667084854389874304e-01
3.626510129528824899e-01
3.638968403860247114e-01
3.673711370529566533e-01
3.614140353417572005e-01
3.276372602627652952e-01
3.719055076316580832e-01
3.728399867486572039e-01
3.683870094487208258e-01
3.636955868808296466e-01
3.725741169785830031e-01
3.778849480766213742e-01
3.485709275031761423e-01
3.746802876353676481e-01
3.703763539161721297e-01
3.681371753799734248e-01
3.488783659126100667e-01
3.670896204555089692e-01
3.439767387352039574e-01
3.519700489581242819e-01
3.361126559862299135e-01
3.567078283726463073e-01
3.418260235595282359e-01
3.597468935909057808e-01
3.418126481733982924e-01
3.669967690976820851e-01
3.712902213096989090e-01
3.430787011028619826e-01
3.432665391716641645e-01
3.513948292526017370e-01
3.684389385834982433e-01
3.556017886526344762e-01
3.541799152798687511e-01
3.566687509851609872e-01
3.443438538387212366e-01
3.536653285053069085e-01
3.521531339672660521e-01
3.329047940346990808e-01
3.511362784751779209e-01
3.449988345788786992e-01
3.467934004738514320e-01
3.425901270514163932e-01
3.548434629470099133e-01
3.424889265997569932e-01
3.373279060265532148e-01
3.511835947112125766e-01
3.417269095140459401e-01
3.391106101162207342e-01
3.543010965346609087e-01
3.444313819597555337e-01
3.512658028223433759e-01
3.477231144065452972e-01
3.417284801392769800e-01
3.360039125980484043e-01
3.370364881934602708e-01
3.560141158233386949e-01
3.569205414841999380e-01
3.487715651018228891e-01
3.530429959227044390e-01
3.377701535468773386e-01
3.352969079465125124e-01
3.274268132087285177e-01
3.383593444222139368e-01
3.346749304208895270e-01
3.430155932794444751e-01
3.539987066789800907e-01
3.404896704078773095e-01
3.485729918026172491e-01
3.426338335647251543e-01
3.316226166752826998e-01
3.597230696962027685e-01
3.326495815592321326e-01
3.306199350350590982e-01
3.415135513301443826e-01
3.464218911183368221e-01
3.616935916373669180e-01
3.375953367060143262e-01
3.598764730268318446e-01
3.529395462230981440e-01
3.396469588836313336e-01
3.406620270529110428e-01
3.489415041454528854e-01
3.482044149061070404e-01
3.381729040766848216e-01
3.361466797459990996e-01
3.372055427211309575e-01
3.324736775473733918e-01
3.465594098001510415e-01
3.249106099165630646e-01
3.448778080782364253e-01
3.458277011958187930e-01
3.346250034855206557e-01
3.364635969930313553e-01
3.387476083989583442e-01
3.422798546318964186e-01
3.402259277986035557e-01
3.471581638349575116e-01
3.421924602238326507e-01
3.316184165815492801e-01
3.294235472646648288e-01
3.314869774366949740e-01
3.460943347273857107e-01
3.414435904904551955e-01
3.394797925360261703e-01
3.400442307604055747e-01
3.336810630405863121e-01
3.368136219621245542e-01
3.206692532846658339e-01
3.329736658075632683e-01
3.408106137406539116e-01
3.360547015166267526e-01
3.360467794456172275e-01
3.204843005221352792e-01
3.271313828050129713e-01
3.319780428692385432e-01
3.490694511613412487e-01
3.274648280076135620e-01
3.267722252511396364e-01
3.436063037328601077e-01
3.228055714310930635e-01
3.267682719699939176e-01
3.436393693215830658e-01
3.213814396980949062e-01
3.241467434809181536e-01
3.289285818815790297e-01
3.234267095624089317e-01
3.431626772574530304e-01
3.330992262912858548e-01
3.375766509454856679e-01
3.362323368613504559e-01
3.597780501029166356e-01
3.421265687143758005e-01
3.229552811155804726e-01
3.309350098142661012e-01
3.346055531233340097e-01
3.299155544125482176e-01
3.484026925548894815e-01
3.355644344752751196e-01
3.166971555608474875e-01
3.214857602348161758e-01
3.356369563246686671e-01
3.338547956371594738e-01
3.259958193119451009e-01
3.398112653358688617e-01
3.450891244587651063e-01
3.307718793946597402e-01
3.419025670550980833e-01
3.434510068285936968e-01
3.250347373323967393e-01
3.252300778088498268e-01
3.314864469895322796e-01
3.294019645589675860e-01
3.177719498650993790e-01
3.351839853970988159e-01
3.307992349233170315e-01
3.345566004975970009e-01
3.359864831401901397e-01
3.488154150674842580e-01
3.309040458019876785e-01
3.124026759174119428e-01
3.415976198305363254e-01
3.136288888042857437e-01
3.160428286071500503e-01
3.306746071565833112e-01
3.372235432464481542e-01
3.292523805659889335e-01
3.225657982444606886e-01
3.307030246751990754e-01
3.433295631760943101e-01
3.358329487166628047e-01
3.199499106658660330e-01
3.266233127202987085e-01
3.280907338481959812e-01
3.439214889357872229e-01
3.111906189587481664e-01
3.429087931507504017e-01
3.479391325832918436e-01
3.093057055223956131e-01
3.335534027217765263e-01
3.194461026944448445e-01
3.246682438766524403e-01
3.328720390611484281e-01
3.541902744117815249e-01
3.183362113124682535e-01
3.417948954402075246e-01
3.354996901861507230e-01
3.290319943921565793e-01
3.295521294177870542e-01
3.370819377006164519e-01
3.388244848599707981e-01
3.327835991363931600e-01
3.285117029922542953e-01
3.334941230826182212e-01
3.349081226205928852e-01
3.332812915278311472e-01
3.307542493177147991e-01
3.088842745865777450e-01
3.427417288941916884e-01
3.367965455578098011e-01
3.510162504582030052e-01
3.309866371588598977e-01
3.262523327801103989e-01
3.241184733148211872e-01
3.280645791640036668e-01
3.428264411845229342e-01
3.469316680570708744e-01
3.290453266712386471e-01
3.187361422347691486e-01
3.219666122873419134e-01
3.064082336980269994e-01
3.294280293516578806e-01
3.195788453129129181e-01
3.348751266922098679e-01
3.123888101016731866e-01
3.268889962786452053e-01
3.205974797414296029e-01
3.372371803698113735e-01
3.231735896966582144e-01
3.314481645729898673e-01
3.397997021766978598e-01
3.266051193970666011e-01
3.346449916902020094e-01
3.322685035661084307e-01
3.361258812117046135e-01
3.299541129290394226e-01
3.396879379467270255e-01
3.220026599354011143e-01
3.360210702467250066e-01
3.359755857992858807e-01
3.220365961520881837e-01
3.186803847776236709e-01
3.077564891004561098e-01
3.369022736512517491e-01
3.081537849800131679e-01
3.202676783031511709e-01
3.413776232282008660e-01
3.480544128601789078e-01
3.352076408156870468e-01
3.283689568492741961e-01
3.189811757476480603e-01
3.296545578271785626e-01
3.254488152326250328e-01
3.274435587074628895e-01
3.343429705741359781e-01
3.395246439650836945e-01
3.486956055276588251e-01
3.379349848772189580e-01
3.328103662582458377e-01
3.221403217689516874e-01
3.441141603192944820e-01
3.254230149942891059e-01
3.143767547814471652e-01
3.307838153315952323e-01
3.297496107892826100e-01
3.394166804572096852e-01
3.253309140492318119e-01
3.349828261903112780e-01
3.217342432523027651e-01
3.410097446020430856e-01
3.162673097267357236e-01
3.187656363370824919e-01
3.053629212779402913e-01
3.484378746964945650e-01
3.405677426948824915e-01
3.309038766353779581e-01
3.215642962335216737e-01
3.254914659494151929e-01
3.313865863787376353e-01
3.470097488905179439e-01
3.347671033690214903e-01
3.337779617851512337e-01
3.509748622235115412e-01
3.220032574500577560e-01
3.297010097673269136e-01
3.196137019748739871e-01
3.385879200734738803e-01
3.168514317953222692e-01
3.432480033877205461e-01
3.434994505365007167e-01
3.336149674372215213e-01
3.429821975898272313e-01
3.502625138889327028e-01
3.140321106821155062e-01
3.402338328224208674e-01
3.255543669962225328e-01
3.273491235111868347e-01
3.290610811060224461e-01
3.374159210071714932e-01
3.210749742672734941e-01
3.301744932632993401e-01
3.474870269692598157e-01
3.304599673503088586e-01
3.201976727424189484e-01
3.351003992878733295e-01
3.236325839812045357e-01
3.391150407265018929e-01
3.239724932052541750e-01
3.264408829321263639e-01
3.320080731431354071e-01
3.420098508919282576e-01
3.271965430904780758e-01
3.260695465190587838e-01
3.143422162917687834e-01
3.426707161843675076e-01
3.286721651464480920e-01
3.288547466758884319e-01
3.171725740449197750e-01
3.241015167157265120e-01
3.500577909746228067e-01
3.338378202287138885e-01
3.449971164625242892e-01
3.223974570043010579e-01
3.306636157294737255e-01
3.312471235836335626e-01
3.304699320237186599e-01
3.214571870152913569e-01
3.349874004813807038e-01
3.317838358339385008e-01
3.348520230836478095e-01
3.243296495990989903e-01
3.304228199845604674e-01
3.256435682276067611e-01
3.272407747756608809e-01
3.303271590261501189e-01
3.181982996761560378e-01
3.337352348986440953e-01
3.266284060844700243e-01
3.284339969450772445e-01
3.271277325557531701e-01
3.324332256978443922e-01
3.179153223524617822e-01
3.414286494649844683e-01
3.234966878162168213e-01
3.443212223583007048e-01
3.312994899362186607e-01
3.340767088012492891e-01
3.139043196459239127e-01
3.112318202388664745e-01
3.365076226696620543e-01
3.294670317514494240e-01
3.330779120394828929e-01
3.306121098736028996e-01
3.358656773863635259e-01
3.204121138389314782e-01
3.269840918662219043e-01
3.237607788496179029e-01
3.285081271830125327e-01
3.097491734084830139e-01
3.326252889832359561e-01
3.504552811799492296e-01
3.275263467256495087e-01
3.481753910947998354e-01
3.442431786022575602e-01
3.218067492915681616e-01
3.264184841602781884e-01
3.341962586896104481e-01
3.243715799694527613e-01
3.440446232825441486e-01
3.346990415853424716e-01
3.402406936902411805e-01
3.356642945006764189e-01
3.289168449297016350e-01
3.312653241366294021e-01
3.312687695504679120e-01
3.145081297898337236e-01
3.256204086697776501e-01
3.386166641939068467e-01
3.238941276908524070e-01
3.198772711500568744e-01
3.283113193680058939e-01
3.361414359535799257e-01
3.156894713978889433e-01
3.262058679366721115e-01
3.171656987045641807e-01
3.238335546811267340e-01
3.231180696745706848e-01
3.196816907262536867e-01
3.370983268100660735e-01
3.249083146035237069e-01
3.293850223441378566e-01
3.272106175032691300e-01
3.281834667592484767e-01
3.119199513018934278e-01
3.118970682644924275e-01
3.324560641789322535e-01
3.201932519588841508e-01
3.237051101138552767e-01
3.265077149804618828e-01
3.224248749957601690e-01
3.362711791092781177e-01
3.451636743053603240e-01
3.393837493767936087e-01
3.444612927905952859e-01
3.347552100122625496e-01
3.415156173903594605e-01
3.149546890980344793e-01
3.298361891502097354e-01
3.182209238060765277e-01
3.328794655518267920e-01
3.369539914958035176e-01
3.424830480538496036e-01
3.333184734239960645e-01
3.190630282868996415e-01
3.312048215729428424e-01
3.318858897219825188e-01
3.418978668760405126e-01
3.374920481587907473e-01
3.395164802784264579e-01
3.397173165439512088e-01
3.147012951978359063e-01
3.303224950172187202e-01
3.459654813374098414e-01
3.296158698287023903e-01
3.183592471621169984e-01
3.303320353277652832e-01
3.441619463245011445e-01
3.115419786886233777e-01
3.416517735404798195e-01
3.285280015951728139e-01
3.458545422022695770e-01
3.452103015518543372e-01
3.370605517837580445e-01
3.289007075585329010e-01
3.415785713334986706e-01
3.341218220674030959e-01
3.178119334421036779e-01
3.281403126062550357e-01
3.547084829765539959e-01
3.218233736086590357e-01
3.326295284370314187e-01
3.194066029594844203e-01
3.300593745858880212e-01
3.381540785364361423e-01
3.250444653994764010e-01
3.390467364365586378e-01
3.332995958461811292e-01
3.352733017578597430e-01
3.383281316494531343e-01
3.427487544360121041e-01
3.280547081476212767e-01
3.146515881687208527e-01
3.287669239992213055e-01
3.331335193115474991e-01
3.433354005366491268e-01
3.276564828182378375e-01
3.421184636735905560e-01
3.359818974863516550e-01
3.313651254898270504e-01
3.415957543358251747e-01
3.283433782233685649e-01
3.225724920200180867e-01
3.321063225615785153e-01
3.264352291048807642e-01
3.360853735007778287e-01
3.316714357763176357e-01
3.420159058435512378e-01
3.383465373278815580e-01
3.409996881817227710e-01
3.153701678036938127e-01
3.303442991243403237e-01
3.267516653833021367e-01
3.447505213932851031e-01
3.287041582107284587e-01
3.263663103815517830e-01
3.465471072925909723e-01
3.112862826705490304e-01
3.241282393538438833e-01
3.241058091798756924e-01
3.310322413175706413e-01
3.337256288777902258e-01
3.258306453461043417e-01
3.333434938865929009e-01
3.302720443110816473e-01
3.202316190607552571e-01
3.242464882901998080e-01
3.065536540513404962e-01
3.268668295498812215e-01
3.389196347852977964e-01
3.521163392669436898e-01
3.359854959368234750e-01
3.315827779325439817e-01
3.334958261878706032e-01
3.451824704040339364e-01
3.336359767819988553e-01
3.343577921975688927e-01
3.226030131832109960e-01
3.135954221983817680e-01
3.402339948468599551e-01
3.502736154945743086e-01
3.327013945584651466e-01
3.358592228981064354e-01
3.188482556985253180e-01
3.424918190414423802e-01
3.185096211386310716e-01
3.357770853618576301e-01
3.378580712713044609e-01
3.417876638046044580e-01
3.256254813491790134e-01
