9.353974361450612118e-01
3.965565496697849857e-01
3.644855506559982472e-01
3.465577556823701832e-01
3.344166960599758709e-01
3.252518643007247801e-01
3.174279357963198378e-01
3.105733005575224137e-01
3.044759586272042240e-01
2.989035022983791423e-01
2.939337299075647225e-01
2.892650695736457278e-01
2.849510202613226295e-01
2.809104608043244689e-01
2.770756324573986351e-01
2.734140651198789240e-01
2.699173615772332835e-01
2.665528641677586408e-01
2.634005336987328971e-01
2.603792667496983015e-01
2.575124720311361415e-01
2.547901209290505120e-01
2.521566517257863849e-01
2.496047993854658420e-01
2.471670979070721419e-01
2.448130342318609320e-01
2.425154203495478999e-01
2.402843223096654546e-01
2.380993846643208456e-01
2.359785808328025147e-01
2.339051940125178308e-01
2.318826591104193036e-01
2.299236235252387073e-01
2.280100258920423895e-01
2.261452067854369530e-01
2.243331810611035038e-01
2.225631714433590203e-01
2.208326198268551477e-01
2.191338658729150013e-01
2.174680153230755253e-01
2.158493253283679525e-01
2.142725779083049231e-01
2.127404027944713172e-01
2.112505840855378458e-01
2.098006102798514738e-01
2.083859652484950642e-01
2.070039231227314147e-01
2.056475922774110565e-01
2.043142598388585085e-01
2.030025006638309093e-01
2.017193816605324375e-01
2.004594164063544237e-01
1.992182132916511805e-01
1.979999405285426950e-01
1.968030968143905102e-01
1.956283941225423761e-01
1.944977773324970127e-01
1.933895397001027527e-01
1.923158899085166407e-01
1.912615887156282612e-01
1.902232247378506935e-01
1.892027536118479625e-01
1.881980544316583237e-01
1.872077759850613032e-01
1.862301888376518000e-01
1.852670929247821341e-01
1.843325385608036715e-01
1.834162181680307757e-01
1.825144430565209253e-01
1.816265423706315552e-01
1.807507078127006395e-01
1.798911951452449032e-01
1.790455389413800336e-01
1.782101770414742103e-01
1.773919244268893358e-01
1.765865096588220828e-01
1.757958604991405049e-01
1.750151805534636285e-01
1.742466558914179675e-01
1.734914954301581824e-01
1.727503405661365288e-01
1.720208427912550131e-01
1.712996356729475922e-01
1.705861131390914720e-01
1.698802083174322242e-01
1.691826957047187774e-01
1.684987932316130976e-01
1.678259003211453326e-01
1.671599618588625324e-01
1.665009460007979281e-01
1.658548761526332793e-01
1.652220360655209663e-01
1.645994248482126610e-01
1.639830457146377596e-01
1.633733600973079625e-01
1.627765014866340287e-01
1.621927300857385623e-01
1.616155267395033845e-01
1.610442246116832177e-01
1.604793951895760740e-01
1.599217796869628616e-01
1.593709741893593324e-01
1.588333083057304751e-01
1.583056472923020930e-01
1.577921012151737301e-01
1.572946216056385349e-01
1.568024654316633459e-01
1.563164792235357536e-01
1.558360654189011596e-01
1.553628014701150528e-01
1.548982678248996547e-01
1.544379804165991465e-01
1.539816999352529303e-01
1.535295721935880930e-01
1.530830413739228124e-01
1.526409273964879354e-01
1.522053625568258739e-01
1.517741563056563825e-01
1.513534565765484452e-01
1.509401915458823962e-01
1.505333688398582670e-01
1.501299974173638252e-01
1.497298740904530745e-01
1.493328732199011577e-01
1.489401996534234773e-01
1.485509574079657280e-01
1.481647144808710126e-01
1.477820096891944990e-01
1.474040350428096890e-01
1.470325476834026812e-01
1.466673746926897837e-01
1.463074068029558139e-01
1.459500852675394700e-01
1.455973142374352436e-01
1.452476286853112142e-01
1.449004777821548129e-01
1.445565439952140874e-01
1.442150674246164277e-01
1.438760229986277561e-01
1.435414068961402001e-01
1.432132855793683546e-01
1.428918073322533733e-01
1.425749369793984089e-01
1.422605664660741565e-01
1.419491120678097462e-01
1.416402575833558830e-01
1.413348325053636056e-01
1.410340529616574967e-01
1.407352401740793735e-01
1.404394769056472592e-01
1.401460327225419467e-01
1.398545405719715251e-01
1.395652894927221499e-01
1.392798391361138588e-01
1.389971583119107013e-01
1.387167555296504318e-01
1.384392416727509845e-01
1.381637086658354663e-01
1.378899103678772609e-01
1.376178307819672930e-01
1.373476221043107848e-01
1.370815640430247950e-01
1.368188434798819908e-01
1.365596960326908860e-01
1.363021199013358664e-01
1.360468176649509697e-01
1.357945345693963024e-01
1.355439737604449135e-01
1.352949066376339105e-01
1.350485136706258138e-01
1.348038460575177455e-01
1.345606224027948716e-01
1.343193489987484224e-01
1.340816016371627339e-01
1.338456599073292452e-01
1.336112937278902124e-01
1.333802258007411035e-01
1.331504772288638339e-01
1.329227841692346423e-01
1.326968839843871983e-01
1.324732226784942624e-01
1.322513601853763099e-01
1.320308229754575957e-01
1.318115173778386939e-01
1.315934752340794101e-01
1.313767340702302888e-01
1.311617576162132925e-01
1.309496409705478703e-01
1.307389556875534764e-01
1.305294055158589539e-01
1.303209810633780830e-01
1.301147594673622288e-01
1.299106041922288846e-01
1.297075317656411764e-01
1.295055333394553310e-01
1.293049822957323403e-01
1.291055609143498262e-01
1.289071817262812947e-01
1.287098362755401404e-01
1.285135161978580853e-01
1.283182132195151703e-01
1.281239191561852342e-01
1.279306259117959366e-01
1.277383254774040466e-01
1.275470099300850813e-01
1.273567768627114627e-01
1.271680886082882100e-01
1.269818926835349637e-01
1.267983338300677498e-01
1.266156655069140824e-01
1.264338810681676917e-01
1.262532059023999398e-01
1.260734247458771273e-01
1.258944994852795596e-01
1.257164239342718204e-01
1.255391919658020994e-01
1.253627975114350313e-01
1.251877702733983910e-01
1.250135837708346576e-01
1.248402209491377285e-01
1.246685248097380017e-01
1.244979877614811187e-01
1.243289464996835680e-01
1.241612099809017850e-01
1.239946893745293571e-01
1.238292577713527576e-01
1.236652993017132440e-01
1.235025276087398649e-01
1.233404789555891667e-01
1.231791484070182685e-01
1.230185310739016075e-01
1.228586221126936051e-01
1.226994167248988826e-01
1.225409101565487074e-01
1.223830976976848228e-01
1.222259746818496057e-01
1.220695364855830661e-01
1.219137785279264669e-01
1.217587266500287091e-01
1.216049538262931606e-01
1.214518451609039595e-01
1.212993962437525219e-01
1.211476027049727816e-01
1.209971680584519954e-01
1.208475633446948888e-01
1.206985901909664594e-01
1.205502445142357520e-01
1.204036350357806651e-01
1.202579696276387944e-01
1.201129085232445631e-01
1.199684478723909709e-01
1.198245838586924766e-01
1.196813126992084392e-01
1.195386306440710394e-01
1.193965339761180328e-01
1.192550949076009725e-01
1.191154900006264339e-01
1.189764478975710582e-01
1.188379651509093582e-01
1.187000383420273725e-01
1.185629482639202759e-01
1.184268902571789656e-01
1.182926175348197467e-01
1.181588735419899366e-01
1.180256551190368847e-01
1.178929591321661169e-01
1.177613315321957566e-01
1.176315044113143277e-01
1.175021790589643594e-01
1.173733449060508638e-01
1.172449991294156890e-01
1.171173643482154025e-01
1.169909059076665314e-01
1.168649179709628227e-01
1.167393978956921818e-01
1.166143430601000175e-01
1.164897897506035479e-01
1.163657199993112235e-01
1.162423611143384578e-01
1.161198189944033649e-01
1.159980442073015872e-01
1.158771723297911671e-01
1.157567390756425868e-01
1.156367420582770228e-01
1.155171789090289475e-01
1.153980472769664950e-01
1.152797714066879781e-01
1.151626454385599463e-01
1.150467013641670311e-01
1.149312723453795315e-01
1.148162486715469666e-01
1.147016291373138541e-01
1.145874116177097446e-01
1.144735932461583144e-01
1.143601719551040896e-01
1.142473536176328575e-01
1.141349527875819142e-01
1.140229911214521719e-01
1.139117288715698756e-01
1.138008449226180496e-01
1.136903373945554463e-01
1.135807057872424558e-01
1.134715457779829767e-01
1.133630422607457000e-01
1.132551054303898436e-01
1.131475312883285095e-01
1.130412929203378075e-01
1.129357731265904913e-01
1.128306070897825142e-01
1.127257904360365048e-01
1.126213283515934832e-01
1.125179969920318962e-01
1.124150269511717537e-01
1.123123907878238043e-01
1.122101869956222547e-01
1.121094267924697824e-01
1.120089857430107139e-01
1.119088623720805864e-01
1.118090552135074245e-01
1.117096785245697971e-01
1.116110337026310212e-01
1.115126972617939000e-01
1.114147361234713723e-01
1.113174411707020389e-01
1.112210921320588436e-01
1.111252908847085857e-01
1.110297799657705559e-01
1.109345581037051859e-01
1.108396240342138933e-01
1.107449765001875669e-01
1.106506142516548441e-01
1.105565360457311241e-01
1.104628152854920248e-01
1.103696240075304896e-01
1.102773036448744526e-01
1.101852963394772816e-01
1.100938345930669027e-01
1.100033163964106442e-01
1.099130623425296771e-01
1.098230713138718395e-01
1.097333663765902717e-01
1.096445848016725511e-01
1.095560588293654630e-01
1.094677873961594911e-01
1.093797694442356500e-01
1.092920039214287098e-01
1.092044897811908083e-01
1.091172259825562846e-01
1.090302114901052638e-01
1.089434452739285741e-01
1.088569263095926221e-01
1.087706535781046285e-01
1.086846260658775876e-01
1.085988427646964460e-01
1.085133026716833260e-01
1.084280112584860567e-01
1.083429642306456275e-01
1.082581573978048800e-01
1.081739281743942654e-01
1.080900127254567217e-01
1.080063331267500232e-01
1.079230095136517603e-01
1.078401387750964890e-01
1.077575471780798932e-01
1.076752096145492804e-01
1.075932653833327757e-01
1.075116297574861268e-01
1.074309878987193545e-01
1.073506582048477653e-01
1.072705440413072864e-01
1.071906445895284971e-01
1.071111568102514483e-01
1.070320604820874100e-01
1.069533081007861958e-01
1.068753095908306638e-01
1.067975163592617543e-01
1.067199276440883582e-01
1.066425426867936982e-01
1.065653607323176766e-01
1.064883810290397637e-01
1.064116028287618171e-01
1.063350253866909706e-01
1.062590169829991660e-01
1.061832872170410252e-01
1.061077894398577692e-01
1.060327997707292413e-01
1.059582049357375433e-01
1.058838033811268370e-01
1.058095943907511605e-01
1.057357994020482195e-01
1.056625793091490323e-01
1.055895469939680253e-01
1.055167017645057131e-01
1.054440429319381256e-01
1.053715698106007098e-01
1.052992817179727314e-01
1.052271779746614538e-01
1.051552579043861929e-01
1.050835208339630511e-01
1.050119660932891524e-01
1.049406107162539348e-01
1.048698573049788862e-01
1.047992826302858727e-01
1.047291909102667923e-01
1.046595011587227037e-01
1.045900743870158689e-01
1.045210584261598297e-01
1.044522122184021046e-01
1.043835351704736486e-01
1.043150266916332558e-01
1.042467187568750092e-01
1.041786157181547740e-01
1.041110260969721341e-01
1.040436972468183896e-01
1.039766283169228922e-01
1.039098640358478848e-01
1.038433065638255659e-01
1.037769925783161712e-01
1.037109003025059734e-01
1.036449660549855351e-01
1.035791892937456549e-01
1.035135694790646071e-01
1.034481060734981639e-01
1.033827985418689921e-01
1.033176463512570503e-01
1.032526489709890555e-01
1.031878058726288655e-01
1.031231165299668628e-01
1.030585804190107257e-01
1.029941970179751726e-01
1.029299658072717477e-01
1.028658922461659214e-01
1.028021622915141070e-01
1.027385823802273029e-01
1.026751606062939609e-01
1.026119029228231283e-01
1.025488190748348738e-01
1.024863778198966818e-01
1.024240815958422923e-01
1.023619479148904915e-01
1.023002771630525110e-01
1.022387464951538816e-01
1.021774387894950759e-01
1.021163532994019685e-01
1.020554057341495069e-01
1.019945956516601637e-01
1.019339226115823366e-01
1.018733861752837283e-01
1.018129859058441306e-01
1.017528792924546621e-01
1.016930279180123242e-01
1.016333111958451496e-01
1.015737286897936131e-01
1.015142799654569911e-01
1.014549645901859226e-01
1.013957821330750408e-01
1.013367321649550901e-01
1.012778732449392122e-01
1.012193599319364812e-01
1.011609932549061980e-01
1.011029761761878532e-01
1.010450875188478731e-01
1.009873268737931651e-01
1.009296938335620675e-01
1.008722596162596463e-01
1.008152687942744374e-01
1.007584024776815163e-01
1.007016602751516776e-01
1.006450417969072114e-01
1.005885466547143670e-01
1.005321744618768026e-01
1.004759248332286470e-01
1.004197973851278514e-01
1.003637917354489040e-01
1.003079075035766682e-01
1.002521443103992910e-01
1.001965017783014167e-01
1.001409795311576922e-01
1.000855771943262307e-01
1.000302943946416584e-01
9.997513076040884239e-02
9.992008592139595136e-02
9.986515950882839110e-02
9.981035115538200442e-02
9.975576433416022404e-02
9.970130967081823614e-02
9.964697056440698086e-02
9.959274666556786060e-02
9.953863762626091738e-02
9.948464309975950381e-02
9.943076274064473197e-02
9.937699620480001939e-02
9.932335627225580277e-02
9.926984485662584956e-02
9.921644708776275468e-02
9.916316261773459872e-02
9.911022370631285272e-02
9.905750972376481389e-02
9.900490726352199899e-02
9.895241598531670513e-02
9.890003555020522585e-02
9.884776562056230009e-02
9.879560586007449241e-02
9.874355593373489171e-02
9.869161550783667192e-02
9.863978424996747152e-02
9.858806182900334281e-02
9.853644791510290935e-02
9.848494217970160669e-02
9.843354429550581208e-02
9.838225393648716843e-02
9.833107077787667238e-02
9.828004735307363515e-02
9.822918954158763039e-02
9.817865697220734544e-02
9.812864203530576035e-02
9.807881674109615588e-02
9.802914197574127964e-02
9.797973829686870695e-02
9.793043514496452273e-02
9.788123223125629047e-02
9.783212926797407727e-02
9.778312596834634607e-02
9.773422204659693024e-02
9.768541721794099519e-02
9.763671119858211012e-02
9.758820830220914233e-02
9.753986049131302405e-02
9.749165712334957601e-02
9.744362037307846558e-02
9.739587383135582532e-02
9.734872447742659585e-02
9.730166800692413576e-02
9.725501556365785671e-02
9.720851449702694325e-02
9.716210404729529182e-02
9.711578396043160644e-02
9.706955398330791018e-02
9.702341386369603415e-02
9.697736335026406473e-02
9.693140219257223578e-02
9.688553014106987549e-02
9.683975712432005278e-02
9.679425025685571560e-02
9.674883115344190543e-02
9.670349957016494136e-02
9.665825526397268941e-02
9.661309799267087106e-02
9.656802751491955217e-02
9.652304359022993718e-02
9.647814597896066380e-02
9.643333444231461105e-02
9.638874605271036122e-02
9.634438980139883868e-02
9.630011746546517093e-02
9.625592881730533901e-02
9.621182363009114780e-02
9.616793800833714490e-02
9.612455434528167919e-02
9.608125899445474349e-02
9.603804369210321157e-02
9.599490822579517801e-02
9.595185238381015447e-02
9.590887595513682140e-02
9.586597872946986398e-02
9.582316049720772388e-02
9.578042104945011515e-02
9.573776017799502658e-02
9.569517767533632091e-02
9.565274584632121879e-02
9.561065666537907348e-02
9.556864419962828039e-02
9.552670824906793479e-02
9.548490615698819461e-02
9.544320752446334988e-02
9.540158417521006629e-02
9.536003591518164846e-02
9.531856255095393082e-02
9.527716388972279349e-02
9.523583973930251079e-02
9.519458990812326715e-02
9.515341420522922811e-02
9.511231244027645859e-02
9.507128442353066089e-02
9.503032996586521786e-02
9.498944887875894472e-02
9.494864097429428496e-02
9.490790606515482619e-02
9.486724396462348219e-02
9.482665448658054996e-02
9.478613944497672750e-02
9.474587319628749449e-02
9.470582603612058559e-02
9.466593615689765373e-02
9.462637567755732837e-02
9.458715638322603980e-02
9.454823831432600245e-02
9.450938799909919252e-02
9.447065972572049608e-02
9.443200185780178946e-02
