8.243642437464843153e-01
3.535765442872956799e-01
3.355591116386633654e-01
3.236577472008586032e-01
3.146547473622328672e-01
3.071314307895984808e-01
3.004362562832188499e-01
2.944558627885427438e-01
2.890923885565487850e-01
2.841598068512768416e-01
2.795534889637034115e-01
2.752657037214878422e-01
2.712418484120706630e-01
2.674395024308597879e-01
2.639198456353317179e-01
2.605675362638388282e-01
2.573417941504463902e-01
2.542822866393577574e-01
2.513549372616218358e-01
2.485757972342363120e-01
2.458903071087675529e-01
2.432798037624109844e-01
2.407681967793667277e-01
2.383699668755877299e-01
2.360456729180916424e-01
2.337996205650261228e-01
2.316245893031229353e-01
2.295108628666861494e-01
2.275004278258615509e-01
2.255533463494170665e-01
2.236501113972217958e-01
2.218228669837387645e-01
2.200575595802215234e-01
2.183313592274592763e-01
2.166393185627501772e-01
2.149996801137334934e-01
2.134315056290480017e-01
2.118995909841906167e-01
2.104015690901233637e-01
2.089432862859829099e-01
2.075166745104618238e-01
2.061185279780881063e-01
2.047464200055656991e-01
2.033999876019990383e-01
2.020917596905215108e-01
2.008167295424617693e-01
1.995714236429151356e-01
1.983682797085847827e-01
1.971875683019485292e-01
1.960290960898632417e-01
1.948919385956562056e-01
1.937806028220901144e-01
1.926916483445106076e-01
1.916286002863265281e-01
1.905856970962909458e-01
1.895653069504263377e-01
1.885614772407834538e-01
1.875770950977017071e-01
1.866225481154057952e-01
1.856898016099777227e-01
1.847804080435702934e-01
1.838874501076169787e-01
1.830064976304526525e-01
1.821365457641959118e-01
1.812875110858817584e-01
1.804572790906471547e-01
1.796395175856312365e-01
1.788429330599660416e-01
1.780672307868925164e-01
1.773009553728483734e-01
1.765439410798554654e-01
1.757953753549305886e-01
1.750559330936725944e-01
1.743277236303741040e-01
1.736095286994215892e-01
1.729027084057098984e-01
1.722067945454495708e-01
1.715203105248155335e-01
1.708429686673901826e-01
1.701739499773096964e-01
1.695132613920025400e-01
1.688621410809940937e-01
1.682195455536835971e-01
1.675866949136687323e-01
1.669620120780940242e-01
1.663472086363303737e-01
1.657387714279554281e-01
1.651374903547598860e-01
1.645426526017948199e-01
1.639575197646760130e-01
1.633800299608803852e-01
1.628119648418563659e-01
1.622516358676743820e-01
1.617049332903560677e-01
1.611633893889872493e-01
1.606276995252061968e-01
1.601055911861530845e-01
1.595957152382177224e-01
1.590904480020947920e-01
1.585920438413176980e-01
1.581013848020954016e-01
1.576206036083761808e-01
1.571454295595411665e-01
1.566753319607708805e-01
1.562092513764158641e-01
1.557505941971318586e-01
1.552995049598573096e-01
1.548619498478315260e-01
1.544296967811980836e-01
1.540008771266670462e-01
1.535761409597583282e-01
1.531557283047549067e-01
1.527419330866700287e-01
1.523356099722493473e-01
1.519353614851381706e-01
1.515383934293616786e-01
1.511446241500215282e-01
1.507601801384869100e-01
1.503838085653911305e-01
1.500123399032196325e-01
1.496457389417689410e-01
1.492823453752703811e-01
1.489239986557708562e-01
1.485681337352984799e-01
1.482152011961564153e-01
1.478678486284174531e-01
1.475246634562005221e-01
1.471839358938411835e-01
1.468464616088366592e-01
1.465120757665714091e-01
1.461813372382005372e-01
1.458536921445273415e-01
1.455284902525076640e-01
1.452055684886987552e-01
1.448849934916950355e-01
1.445671599108108440e-01
1.442513680463764214e-01
1.439375985186642226e-01
1.436258322029223544e-01
1.433176428679810988e-01
1.430148637092326369e-01
1.427160794875921013e-01
1.424224381064168599e-01
1.421317248310176584e-01
1.418427590828789109e-01
1.415562604338746755e-01
1.412725891023896563e-01
1.409909746579499079e-01
1.407124606745533413e-01
1.404359663083498688e-01
1.401611767650123019e-01
1.398879836200988269e-01
1.396163736814595158e-01
1.393463338985514721e-01
1.390787940227188324e-01
1.388144621911199250e-01
1.385516247647289867e-01
1.382914935613788476e-01
1.380333095233299556e-01
1.377765514752871678e-01
1.375212084201116181e-01
1.372672694677025129e-01
1.370147238336556772e-01
1.367635608379463019e-01
1.365142919979994984e-01
1.362697071486400624e-01
1.360272489011215280e-01
1.357860793470460903e-01
1.355464079022507262e-01
1.353090419007090817e-01
1.350741208349134914e-01
1.348418762003092408e-01
1.346108292667679007e-01
1.343809714414802292e-01
1.341539028201107764e-01
1.339287936011582802e-01
1.337048348343438109e-01
1.334820182549520118e-01
1.332603356716851872e-01
1.330400565000697255e-01
1.328224802225061452e-01
1.326059911789593537e-01
1.323913601077087443e-01
1.321797268021452920e-01
1.319699609483672431e-01
1.317627567828563440e-01
1.315578021160268007e-01
1.313547785271037271e-01
1.311527441328310117e-01
1.309516549775817384e-01
1.307515049886913694e-01
1.305522881391704415e-01
1.303539984473408297e-01
1.301566299764740642e-01
1.299601768344329500e-01
1.297646331733157687e-01
1.295699931891033108e-01
1.293762511213087385e-01
1.291834012526302256e-01
1.289914379086061769e-01
1.288004848156291959e-01
1.286112664286245544e-01
1.284229139364034544e-01
1.282354217724460399e-01
1.280487844134034769e-01
1.278629963787271673e-01
1.276782560960181001e-01
1.274951029310195938e-01
1.273137052882004350e-01
1.271331204715067387e-01
1.269533433331122285e-01
1.267743687645640216e-01
1.265961916964536693e-01
1.264188070980907797e-01
1.262434760930274125e-01
1.260690358333690086e-01
1.258953615929293557e-01
1.257228816354808987e-01
1.255516042819319056e-01
1.253810667728286199e-01
1.252112645850577966e-01
1.250421932288917348e-01
1.248738482477207562e-01
1.247062252177871255e-01
1.245395056313699234e-01
1.243744551838514983e-01
1.242101817419421078e-01
1.240471175046183316e-01
1.238847335501231661e-01
1.237230258167540953e-01
1.235622557526380449e-01
1.234033411983008338e-01
1.232462065367206649e-01
1.230903921482374430e-01
1.229352357275084878e-01
1.227807833109708230e-01
1.226271188668831558e-01
1.224740766129205904e-01
1.223221267111821164e-01
1.221710560976695115e-01
1.220205927929478296e-01
1.218717431224650566e-01
1.217240435802171422e-01
1.215791553959739285e-01
1.214349270250359575e-01
1.212912593415242102e-01
1.211485757110453421e-01
1.210065601196465696e-01
1.208656615183375943e-01
1.207255686821649132e-01
1.205874735785699980e-01
1.204510655846476180e-01
1.203158518604596494e-01
1.201811403426599478e-01
1.200469283047868874e-01
1.199138287419630883e-01
1.197816587553485329e-01
1.196500894456491437e-01
1.195196380379877632e-01
1.193906586423495869e-01
1.192621420858347298e-01
1.191340859470843144e-01
1.190064878203992288e-01
1.188800497818377766e-01
1.187541875701128707e-01
1.186287682655141340e-01
1.185038226075229295e-01
1.183793136159330545e-01
1.182552390913263890e-01
1.181315968477022610e-01
1.180083847123867824e-01
1.178856005259432960e-01
1.177632421420832382e-01
1.176413074275782511e-01
1.175197942621723224e-01
1.173987005384955068e-01
1.172781980728020701e-01
1.171581137399529404e-01
1.170385226873977835e-01
1.169193895848807674e-01
1.168006633333033423e-01
1.166823418822606068e-01
1.165644231946015436e-01
1.164469052463217302e-01
1.163297860264583677e-01
1.162130635369855586e-01
1.160967357927118193e-01
1.159808008211778291e-01
1.158652566625556490e-01
1.157501013695492326e-01
1.156369409190236008e-01
1.155244586127842921e-01
1.154129116979012715e-01
1.153018415308029732e-01
1.151911337060935736e-01
1.150807864677636100e-01
1.149708083120717095e-01
1.148612005084235221e-01
1.147519478099407048e-01
1.146430485056383342e-01
1.145345008950302557e-01
1.144263032880548231e-01
1.143184540050007081e-01
1.142109513764332923e-01
1.141037937431229748e-01
1.139969794559719529e-01
1.138905068759433759e-01
1.137843743739902769e-01
1.136787923853269794e-01
1.135737505738730890e-01
1.134692372695897400e-01
1.133656868029072201e-01
1.132627457413496047e-01
1.131602614504335358e-01
1.130581527934075153e-01
1.129565090902313051e-01
1.128551818475153901e-01
1.127547164285796905e-01
1.126545613240253763e-01
1.125549131450157697e-01
1.124563491554895073e-01
1.123582213018664289e-01
1.122606239296992381e-01
1.121633194473234535e-01
1.120663065515162260e-01
1.119696609854341912e-01
1.118733789896000086e-01
1.117773844239419029e-01
1.116817499357563859e-01
1.115865201110341209e-01
1.114915718910540060e-01
1.113969040450356329e-01
1.113025153490286301e-01
1.112084045858701548e-01
1.111145705451417193e-01
1.110211617906158577e-01
1.109282283791028778e-01
1.108355924104879181e-01
1.107435030305481405e-01
1.106517678994024534e-01
1.105602969362326077e-01
1.104690890295017686e-01
1.103787527006467872e-01
1.102888930273793200e-01
1.101993479977599749e-01
1.101107899283056413e-01
1.100225640469155997e-01
1.099346671629327921e-01
1.098472803904023132e-01
1.097604951035403426e-01
1.096740557923627374e-01
1.095880308679470089e-01
1.095026949038300501e-01
1.094175885559132144e-01
1.093327109401209390e-01
1.092480611764142379e-01
1.091636383887744227e-01
1.090794417051861726e-01
1.089954702576214768e-01
1.089117231820225240e-01
1.088282175785107303e-01
1.087449377154676849e-01
1.086618794928768672e-01
1.085790420640287551e-01
1.084965014328188038e-01
1.084146392255469354e-01
1.083329913333651306e-01
1.082515569497551067e-01
1.081703352718270256e-01
1.080894181143731148e-01
1.080087471119124398e-01
1.079282863409113391e-01
1.078480350084593253e-01
1.077679923252720384e-01
1.076881575056759244e-01
1.076085297675927754e-01
1.075291083325242286e-01
1.074498924255359450e-01
1.073708812752424413e-01
1.072920741137916578e-01
1.072134701768492626e-01
1.071350687035834137e-01
1.070568689366492160e-01
1.069788701221733446e-01
1.069010715097385711e-01
1.068234723523685675e-01
1.067464935565590745e-01
1.066700958073946021e-01
1.065940150299751477e-01
1.065181271630545046e-01
1.064424314889429873e-01
1.063669272933057547e-01
1.062916138651463921e-01
1.062164904967904111e-01
1.061418246260899950e-01
1.060674168195923778e-01
1.059931959195338363e-01
1.059191612352817641e-01
1.058454322168699696e-01
1.057720961969826901e-01
1.056989440340751762e-01
1.056259750456137320e-01
1.055531885523000174e-01
1.054805838780539240e-01
1.054081603499972264e-01
1.053359266096035030e-01
1.052641363057978813e-01
1.051925458976184086e-01
1.051211320983517633e-01
1.050498942608668607e-01
1.049788317410777910e-01
1.049079438979279716e-01
1.048372300933745338e-01
1.047670878782883119e-01
1.046974495790958248e-01
1.046279788980314929e-01
1.045586752412988596e-01
1.044895380177738725e-01
1.044205666389920323e-01
1.043517605191350978e-01
1.042836563371883074e-01
1.042160106488784072e-01
1.041485243800146093e-01
1.040811969749822208e-01
1.040141234478656057e-01
1.039472440780564028e-01
1.038805214367355539e-01
1.038139549806832568e-01
1.037475441690758060e-01
1.036812884634742138e-01
1.036151873278133434e-01
1.035492402283907376e-01
1.034834466338553499e-01
1.034178060151969003e-01
1.033523178457344815e-01
1.032869816011059289e-01
1.032217967592568564e-01
1.031567628004293746e-01
1.030918792071518209e-01
1.030271454642276291e-01
1.029625610587245471e-01
1.028983308895033005e-01
1.028347958093066838e-01
1.027714054625664536e-01
1.027081593593514169e-01
1.026450570118751099e-01
1.025820979344855971e-01
1.025192816436551191e-01
1.024566076579697255e-01
1.023940754981189222e-01
1.023316846868855406e-01
1.022694347491354128e-01
1.022073252118072678e-01
1.021453556039026711e-01
1.020835359660249991e-01
1.020222749583971633e-01
1.019611507585429233e-01
1.019001629094046096e-01
1.018393109559305176e-01
1.017785944450650265e-01
1.017180539118551219e-01
1.016583008717123898e-01
1.015989247224327874e-01
1.015396902379474553e-01
1.014806071588883751e-01
1.014216506880180613e-01
1.013629612787960016e-01
1.013044249959834386e-01
1.012465896272093657e-01
1.011894909753362076e-01
1.011325805348444046e-01
1.010758176784866957e-01
1.010191715136886104e-01
1.009626536174217382e-01
1.009062857332067020e-01
1.008500334039020008e-01
1.007938962810755595e-01
1.007378740176751580e-01
1.006819662680219080e-01
1.006261726878040497e-01
1.005704929340709569e-01
1.005149266652267670e-01
1.004594735410241774e-01
1.004041332225583810e-01
1.003489053722607660e-01
1.002937896538931006e-01
1.002387857325412190e-01
1.001838932746091371e-01
1.001291119478129182e-01
1.000744414211746508e-01
1.000198813650165913e-01
9.996543145095518335e-02
9.991109135189504831e-02
9.985686074202305973e-02
9.980273929680273659e-02
9.974872669296801220e-02
9.969512188103105133e-02
9.964174789368399066e-02
9.958858005681117676e-02
9.953551779058399107e-02
9.948256078578031347e-02
9.942970873437986801e-02
9.937705574091354466e-02
9.932483606274698784e-02
9.927303366917500371e-02
9.922133256094892162e-02
9.916973244463922477e-02
9.911875425876021106e-02
9.906792205870916523e-02
9.901718771749988546e-02
9.896655095579925954e-02
9.891601149534974546e-02
9.886556905896480563e-02
9.881522337052318916e-02
9.876497415496417187e-02
9.871482113828233818e-02
9.866476404752272389e-02
9.861480261077557041e-02
9.856500257185082936e-02
9.851537030649402948e-02
9.846583267470224166e-02
9.841638940799529722e-02
9.836731651815368294e-02
9.831847210924471447e-02
9.826973300265205713e-02
9.822108527457813765e-02
9.817253214972115893e-02
9.812411272678801810e-02
9.807584130169441639e-02
9.802786655680756356e-02
9.798008225307372476e-02
9.793238575413003300e-02
9.788477682108535916e-02
9.783725521593322760e-02
9.778982070154734751e-02
9.774247304167753281e-02
9.769521200094595514e-02
9.764803734484259201e-02
9.760094883972141033e-02
9.755394625279639742e-02
9.750702935213748090e-02
9.746019790666637928e-02
9.741345168615284100e-02
9.736679046121066161e-02
9.732021400329370076e-02
9.727372208469189929e-02
9.722731447852757392e-02
9.718099095875153137e-02
9.713511309477797229e-02
9.708946139147561771e-02
9.704389064113878860e-02
9.699840063154138714e-02
9.695299115123080791e-02
9.690766198952409372e-02
9.686241293650410533e-02
9.681724378301607981e-02
9.677215432066357814e-02
9.672714434180494647e-02
9.668221363954959680e-02
9.663736200775414897e-02
9.659258924101922494e-02
9.654789513468543805e-02
9.650327948483009011e-02
9.645874208826324403e-02
9.641428274252471231e-02
9.636990124587999085e-02
9.632559739731703929e-02
9.628137099654281161e-02
9.623722184397960622e-02
9.619314974076197122e-02
9.614915448873284642e-02
9.610523589044046855e-02
9.606139374913505447e-02
9.601762786876509581e-02
9.597393805397438915e-02
9.593052320457692850e-02
9.588764883065616085e-02
9.584498201950834850e-02
9.580238844031115086e-02
9.575986790707718965e-02
9.571742023447522840e-02
9.567504523782675852e-02
9.563274273310316820e-02
9.559051253692248118e-02
9.554835446654641462e-02
9.550646768397240416e-02
9.546483909201847196e-02
9.542328093172633419e-02
9.538179302596976050e-02
9.534037519824635487e-02
9.529902727267457185e-02
9.525774907399066349e-02
9.521654042754615355e-02
9.517540115930414601e-02
9.513433109583717406e-02
9.509333006432353630e-02
9.505239789254524285e-02
9.501154337451783727e-02
9.497076596127743131e-02
9.493005686089771300e-02
