5.544450152617708127e-01
5.159678657512553057e-01
4.948495141329963820e-01
4.786931816734687484e-01
4.655174200821275421e-01
4.542803315703635159e-01
4.446103780953732376e-01
4.360129096105100910e-01
4.282051936282842419e-01
4.210666279189965167e-01
4.145021817018648691e-01
4.083760136044164990e-01
4.027584166308265101e-01
3.975250736296805920e-01
3.926888728148334451e-01
3.881381365308511078e-01
3.838338447339255111e-01
3.797382301419712780e-01
3.758886780735007926e-01
3.722330248879664460e-01
3.687837537345085015e-01
3.655133932666202456e-01
3.624020794894616815e-01
3.594333851816757242e-01
3.565909831593394586e-01
3.539186668674261238e-01
3.513653991691740863e-01
3.489204055020028172e-01
3.465821508569497666e-01
3.443512582185752624e-01
3.422012855975870016e-01
3.401206205056351850e-01
3.381257227098046769e-01
3.362430605035377496e-01
3.344242571981395629e-01
3.326670176724317307e-01
3.309596651918159105e-01
3.292977271800368588e-01
3.276842305628316909e-01
3.261218747028424292e-01
3.246042256005842730e-01
3.231409125536225946e-01
3.217249682855979898e-01
3.203515092233473749e-01
3.190208619429409365e-01
3.177375398813391261e-01
3.164884430070176169e-01
3.152917336991880037e-01
3.141504705495106187e-01
3.130417122051240009e-01
3.119609330940474878e-01
3.109059499078835609e-01
3.098723315318684390e-01
3.088584332994994130e-01
3.078618736772107956e-01
3.068990184219923534e-01
3.059557708464807346e-01
3.050420019881381894e-01
3.041430011140509593e-01
3.032594736146024816e-01
3.024028334777559834e-01
3.015727562958142594e-01
3.007614877846019885e-01
2.999708065922033207e-01
2.991973906356882318e-01
2.984406523806621969e-01
2.977015292890756726e-01
2.969822992143640317e-01
2.962791480124630783e-01
2.955867444570559055e-01
2.949154981008859644e-01
2.942697277711349702e-01
2.936343829724104570e-01
2.930078643626614077e-01
2.923945052738741168e-01
2.917934236170293127e-01
2.912057408954831228e-01
2.906282867696414196e-01
2.900656191223060509e-01
2.895195025882057460e-01
2.889817650963129037e-01
2.884616146277492743e-01
2.879505664711743962e-01
2.874505214768414696e-01
2.869605240631483700e-01
2.864843285212731461e-01
2.860164030255969991e-01
2.855622318360155898e-01
2.851147349661083408e-01
2.846808340535609272e-01
2.842515997852137488e-01
2.838268511734024502e-01
2.834065204944644090e-01
2.829923914352452941e-01
2.825844774270814264e-01
2.821853084327265448e-01
2.817970547499679124e-01
2.814151946345054833e-01
2.810382079158432189e-01
2.806697510744260438e-01
2.803065993422172442e-01
2.799488829673684176e-01
2.795978079666191496e-01
2.792543633832441086e-01
2.789145260716870411e-01
2.785786345394377639e-01
2.782470897272808497e-01
2.779208609808846431e-01
2.775975474143964616e-01
2.772771111666136878e-01
2.769595149687181790e-01
2.766459732318923836e-01
2.763382160844503610e-01
2.760346284926787352e-01
2.757336864432355927e-01
2.754366937501596668e-01
2.751433557115164907e-01
2.748525387181121049e-01
2.745661867031918835e-01
2.742843471564975766e-01
2.740070335841385818e-01
2.737325482949732325e-01
2.734618075616213617e-01
2.731956219323070090e-01
2.729346251403972912e-01
2.726781109907753797e-01
2.724259703121285070e-01
2.721760559331002916e-01
2.719305168254613769e-01
2.716898386630680617e-01
2.714510836593121423e-01
2.712146573905159785e-01
2.709818245451933172e-01
2.707508323327321165e-01
2.705221328933026248e-01
2.702962862793902854e-01
2.700721988037402821e-01
2.698511953172599842e-01
2.696325905969448322e-01
2.694181114124935550e-01
2.692065530784618077e-01
2.689965875767066361e-01
2.687881964738415008e-01
2.685814909881926726e-01
2.683779684489983053e-01
2.681759403553334309e-01
2.679767865959955531e-01
2.677805388304886902e-01
2.675866791805754930e-01
2.673950089950054565e-01
2.672061548048720314e-01
2.670198885219271512e-01
2.668351812667698053e-01
2.666539312334188505e-01
2.664749545744075077e-01
2.662972175683260279e-01
2.661207070359905003e-01
2.659463109651880597e-01
2.657750102781341051e-01
2.656054895753465206e-01
2.654377615171090166e-01
2.652754529393956395e-01
2.651197887406080977e-01
2.649655316648334979e-01
2.648122661326425265e-01
2.646599824461798867e-01
2.645089102304473139e-01
2.643612896155438374e-01
2.642167328360370826e-01
2.640741636900956202e-01
2.639339442656500889e-01
2.637957138258671397e-01
2.636587586469288369e-01
2.635253061692284793e-01
2.633946097151418364e-01
2.632654479696241445e-01
2.631371579738516209e-01
2.630097450141420379e-01
2.628852173881486842e-01
2.627620247118601648e-01
2.626396211442470485e-01
2.625179300651507286e-01
2.623969450625733835e-01
2.622766598059632082e-01
2.621570680449175628e-01
2.620389671638193030e-01
2.619234474045459837e-01
2.618086104162884453e-01
2.616952896017009089e-01
2.615837883996838809e-01
2.614735278501505444e-01
2.613644048201457237e-01
2.612558876708117039e-01
2.611479712008722975e-01
2.610406502727893319e-01
2.609339198117774927e-01
2.608281503320583061e-01
2.607235878325855905e-01
2.606196784470790617e-01
2.605163349356755531e-01
2.604135524987673533e-01
2.603113263958234391e-01
2.602096519444561107e-01
2.601085245195048357e-01
2.600079395521361358e-01
2.599078925289604047e-01
2.598083789911644348e-01
2.597093945336594878e-01
2.596112708186802953e-01
2.595141001480176790e-01
2.594174435826263614e-01
2.593212968800302498e-01
2.592256558491072282e-01
2.591310455786709488e-01
2.590372700502785452e-01
2.589439857316739868e-01
2.588517600697877175e-01
2.587606240868598473e-01
2.586700831777117293e-01
2.585801177938357176e-01
2.584914830384045237e-01
2.584034564346902596e-01
2.583158742501043825e-01
2.582287330320677810e-01
2.581420293674638877e-01
2.580557598820433785e-01
2.579699877172446643e-01
2.578849680625457941e-01
2.578003741882763933e-01
2.577166726981396927e-01
2.576346900378477800e-01
2.575531122356802816e-01
2.574719362157280034e-01
2.573911589365999730e-01
2.573107773909095175e-01
2.572307886047688896e-01
2.571511896372931649e-01
2.570726120424084993e-01
2.569946766201249289e-01
2.569196423041112953e-01
2.568454882002699224e-01
2.567721134878913625e-01
2.566992904669880282e-01
2.566268040069401013e-01
2.565546517007425975e-01
2.564828311676839445e-01
2.564113400529507980e-01
2.563401760272397967e-01
2.562693367863759786e-01
2.561988200509389135e-01
2.561286235658947752e-01
2.560587451002360182e-01
2.559892121172352430e-01
2.559205582514503252e-01
2.558524901790716344e-01
2.557847236070565633e-01
2.557172564962984507e-01
2.556501914005270826e-01
2.555838946654010457e-01
2.555178863501534892e-01
2.554521645536805829e-01
2.553868365294290621e-01
2.553222546319404707e-01
2.552579474491259437e-01
2.551942349554058853e-01
2.551311598279180637e-01
2.550683509557888917e-01
2.550061697320625265e-01
2.549449149549726790e-01
2.548839298487540761e-01
2.548231981967466475e-01
2.547627184347514007e-01
2.547030278388296431e-01
2.546445753722910710e-01
2.545864222126426046e-01
2.545289486321756223e-01
2.544724696672666098e-01
2.544171095498043988e-01
2.543619771007484265e-01
2.543071364451921501e-01
2.542525296553754255e-01
2.541993074192819835e-01
2.541463794954662014e-01
2.540936589169207616e-01
2.540411444975518851e-01
2.539888350618946244e-01
2.539367294449690893e-01
2.538848264921375608e-01
2.538332954645422523e-01
2.537821464130156079e-01
2.537311950077477118e-01
2.536804401388804142e-01
2.536298807062827287e-01
2.535795156194206590e-01
2.535301274377290692e-01
2.534812845130283709e-01
2.534326271084028082e-01
2.533850811246222690e-01
2.533378203868663636e-01
2.532907472162005402e-01
2.532438485325473332e-01
2.531977802441816028e-01
2.531519786367352198e-01
2.531063468595760035e-01
2.530608839970113766e-01
2.530155891410623137e-01
2.529707664116774835e-01
2.529263560854093651e-01
2.528821072506234335e-01
2.528380190613941925e-01
2.527940906787060626e-01
2.527503212703670066e-01
2.527067100109217646e-01
2.526632560815682549e-01
2.526199586700742516e-01
2.525768169706960053e-01
2.525339588449294070e-01
2.524913043919057021e-01
2.524490733209776572e-01
2.524070816805263351e-01
2.523652390921907185e-01
2.523235448058089303e-01
2.522821077678311097e-01
2.522410083437038320e-01
2.522000644877915310e-01
2.521593744545843063e-01
2.521189665845194883e-01
2.520794533878270571e-01
2.520401248747567435e-01
2.520009379457298637e-01
2.519618918802115637e-01
2.519229859630734980e-01
2.518842194845336557e-01
2.518455917400979072e-01
2.518072209914589688e-01
2.517694725012617485e-01
2.517318579147772573e-01
2.516943765660590859e-01
2.516570277940088363e-01
2.516198109423242180e-01
2.515827253594469237e-01
2.515457703985121141e-01
2.515089454172981798e-01
2.514722497781772259e-01
2.514356828480668327e-01
2.513992439983818161e-01
2.513629326049867108e-01
2.513267480481498062e-01
2.512906897124970174e-01
2.512547569869661990e-01
2.512189492647634026e-01
2.511832659433181902e-01
2.511479908323930310e-01
2.511129143193416291e-01
2.510779586688593468e-01
2.510431233043531329e-01
2.510084076531707287e-01
2.509738111465610322e-01
2.509393332196351856e-01
2.509049733113286607e-01
2.508707308643630673e-01
2.508366053252091277e-01
2.508025961440496499e-01
2.507687027747436126e-01
2.507349246747901939e-01
2.507012613052934102e-01
2.506677121309273670e-01
2.506342766199022853e-01
2.506009542439297522e-01
2.505677444781903018e-01
2.505347617162639318e-01
2.505022059802738399e-01
2.504697582834747860e-01
2.504374181402838073e-01
2.504051850681823232e-01
2.503730585876883241e-01
2.503413557547166102e-01
2.503099397243677693e-01
2.502786811246557885e-01
2.502477138454486938e-01
2.502168851473343114e-01
2.501865118634123974e-01
2.501562374132777489e-01
2.501260613717918857e-01
2.500959833162903490e-01
2.500660028265629387e-01
2.500361194848323976e-01
2.500064240858829723e-01
2.499768659637356671e-01
2.499474034536399158e-01
2.499180361524356853e-01
2.498887636592136974e-01
2.498595855752977213e-01
2.498305015042268651e-01
2.498016619580757380e-01
2.497732878980815641e-01
2.497450043658643037e-01
2.497168109865046115e-01
2.496887073871350005e-01
2.496606931969236054e-01
2.496327680470586396e-01
2.496049315707326577e-01
2.495776821495142572e-01
2.495507223201329783e-01
2.495238480310788265e-01
2.494970589259113136e-01
2.494703546501702285e-01
2.494437348513602881e-01
2.494171991789356502e-01
2.493907472842848694e-01
2.493648970767525230e-01
2.493394207622744163e-01
2.493140253833837361e-01
2.492887106030022559e-01
2.492634760859046839e-01
2.492383214987042017e-01
2.492132465098392535e-01
2.491882507895589460e-01
2.491634044944219251e-01
2.491386885356597913e-01
2.491140506388958009e-01
2.490894904802530563e-01
2.490650353694504049e-01
2.490408385803340452e-01
2.490167181254544226e-01
2.489926736880641867e-01
2.489687049531394691e-01
2.489448116073666173e-01
2.489209933391304808e-01
2.488972498385010335e-01
2.488735807972222436e-01
2.488499859086988619e-01
2.488265291709966520e-01
2.488036331065507090e-01
2.487808495482729254e-01
2.487581370163315098e-01
2.487354952192011859e-01
2.487130154206108612e-01
2.486907517317741290e-01
2.486685569477326274e-01
2.486464307908932692e-01
2.486243729851176920e-01
2.486026641719273900e-01
2.485811305145046723e-01
2.485596629571936167e-01
2.485382612355789278e-01
2.485169250866259283e-01
2.484956542486701225e-01
2.484744909711252281e-01
2.484535918631321505e-01
2.484330971779583619e-01
2.484126648106370072e-01
2.483922945130241644e-01
2.483719860382692657e-01
2.483517631479469634e-01
2.483317158221918508e-01
2.483120022270782490e-01
2.482924730434075966e-01
2.482730024623552856e-01
2.482535902527502059e-01
2.482342361846301970e-01
2.482149400292336938e-01
2.481957015589911220e-01
2.481765205475165714e-01
2.481573967695992200e-01
2.481384322959267474e-01
2.481196177210917286e-01
2.481011674408694079e-01
2.480829762015063222e-01
2.480648394614199115e-01
2.480467570058802196e-01
2.480287286212730369e-01
2.480107540950921008e-01
2.479928332159313242e-01
2.479751550746179256e-01
2.479575360235843906e-01
2.479399693564035834e-01
2.479224548695967145e-01
2.479049923607137829e-01
2.478875816283263311e-01
2.478702224720211733e-01
2.478529146923934279e-01
2.478356580910397178e-01
2.478184524705520642e-01
2.478012976345108087e-01
2.477841933874785352e-01
2.477674401132870519e-01
2.477509210530949302e-01
2.477344506606992403e-01
2.477180287491694000e-01
2.477016551325008642e-01
2.476854146503922605e-01
2.476694945477387610e-01
2.476536212374488288e-01
2.476377945402783443e-01
2.476220142778679245e-01
2.476062802727370671e-01
2.475905923482786541e-01
2.475749503287533460e-01
2.475593540392843905e-01
2.475438568479335633e-01
2.475287115202069455e-01
2.475136098391785000e-01
2.474985516415895148e-01
2.474835367649623752e-01
2.474685650475962895e-01
2.474536363285620710e-01
2.474387504476979749e-01
2.474241665556279057e-01
2.474096401398623857e-01
2.473951553569857242e-01
2.473807120522802938e-01
2.473663100717619912e-01
2.473519492621765181e-01
2.473376294709942191e-01
2.473233505464060011e-01
2.473091123373193922e-01
2.472949146933538511e-01
2.472807574648364370e-01
2.472666405027983128e-01
2.472525636589697484e-01
2.472385267857764579e-01
2.472245297363354910e-01
2.472105723644509034e-01
2.471966545246098990e-01
2.471827760719789435e-01
2.471689368623996297e-01
2.471551367523845966e-01
2.471413755991139216e-01
2.471276539400803496e-01
2.471140786569083203e-01
2.471005418445414437e-01
2.470870433620262485e-01
2.470736854275694394e-01
2.470605302312457452e-01
2.470474337958942779e-01
2.470343746131391516e-01
2.470213525454585113e-01
2.470083674559735709e-01
2.469954192084451439e-01
2.469825076672695352e-01
2.469696326974753775e-01
2.469567941647196063e-01
2.469439919352840185e-01
2.469312258760715528e-01
2.469184958546030983e-01
2.469058017390134974e-01
2.468931726834265872e-01
2.468806512199914205e-01
2.468681645236323052e-01
2.468557423020559249e-01
2.468434967952446712e-01
2.468312851150490372e-01
2.468191071390575808e-01
2.468069627454309856e-01
2.467948518128991742e-01
2.467827742207575059e-01
2.467707298488637513e-01
2.467587185776346226e-01
2.467467402880427485e-01
2.467347948616130937e-01
2.467228821804199335e-01
2.467110021270836340e-01
2.466991545847676270e-01
2.466873394371748573e-01
2.466755565685451179e-01
2.466638123631936519e-01
2.466523197839170234e-01
2.466408586065059472e-01
2.466294287188782741e-01
2.466180300094670819e-01
2.466066623672174829e-01
2.465953464286170793e-01
2.465842044279318579e-01
2.465730925287310527e-01
2.465620106251370514e-01
2.465509586117528573e-01
2.465399363836594804e-01
2.465289438364126062e-01
2.465179808660407368e-01
2.465070473690417208e-01
2.464961432423806720e-01
2.464852683834871383e-01
2.464744226902521873e-01
2.464636060610263801e-01
2.464528183946166628e-01
2.464420595902841460e-01
2.464313295477412458e-01
2.464206281671495191e-01
2.464099553491168881e-01
2.463994003629061125e-01
2.463891463699708906e-01
2.463789730798548183e-01
2.463688474090945935e-01
2.463587483706168868e-01
2.463486758726701475e-01
2.463387178220799445e-01
2.463287972463718001e-01
2.463189023837797920e-01
2.463092167202645122e-01
