2.742382317120239388e-01
2.556292135277464794e-01
2.459624357481201840e-01
2.385554081614977284e-01
2.327708997581341976e-01
2.280760344968427167e-01
2.241191678491978312e-01
2.207769034321991064e-01
2.177551015370401966e-01
2.150661171943037409e-01
2.126295885985391432e-01
2.103994679011631230e-01
2.083918469538326157e-01
2.065234411526845337e-01
2.047832580895374566e-01
2.031415806686537318e-01
2.016361414283369680e-01
2.002157625353429005e-01
1.988541500334762568e-01
1.975411183079961996e-01
1.962602619307540486e-01
1.950365591862282810e-01
1.938558651014050671e-01
1.927107367267612836e-01
1.916014098902996121e-01
1.905361417329408946e-01
1.895088408511364508e-01
1.885028765085010882e-01
1.875180609628983586e-01
1.865556973360145698e-01
1.856268123843276274e-01
1.847388512103404767e-01
1.838694927930361322e-01
1.830289507925846049e-01
1.822058379754494528e-01
1.814043082638166771e-01
1.806171485350090422e-01
1.798508965322953290e-01
1.790985045167164391e-01
1.783601197621308143e-01
1.776333171858322513e-01
1.769178253409282031e-01
1.762245906193521117e-01
1.755508821763249738e-01
1.748902937475980968e-01
1.742456685241834946e-01
1.736168481962621635e-01
1.729995685870286404e-01
1.723942086309310784e-01
1.717994591982963393e-01
1.712180973349531343e-01
1.706490499621610424e-01
1.700874249627152002e-01
1.695352553824509279e-01
1.689964363152363092e-01
1.684807225333827541e-01
1.679715667985212380e-01
1.674702165515399299e-01
1.669778282356030874e-01
1.664922757958686161e-01
1.660126722111552322e-01
1.655408417263028453e-01
1.650793091131121104e-01
1.646239826009183171e-01
1.641748900201712436e-01
1.637367918812560330e-01
1.633097431384910314e-01
1.628938167664351899e-01
1.624824979275295012e-01
1.620774108933904778e-01
1.616771167722091951e-01
1.612844941858795622e-01
1.608966093632313576e-01
1.605160631889431255e-01
1.601524071361293267e-01
1.597975694029919458e-01
1.594478034555346646e-01
1.591048215168401059e-01
1.587653103728334791e-01
1.584287236468779614e-01
1.580950258578956713e-01
1.577657720997230617e-01
1.574455363631007687e-01
1.571292020246083387e-01
1.568178485534812150e-01
1.565090640811724887e-01
1.562028189517859211e-01
1.558990838425962921e-01
1.555978297661405052e-01
1.552990280717142513e-01
1.550030860202763205e-01
1.547105214956401020e-01
1.544217454097457920e-01
1.541397752996030712e-01
1.538628090288387817e-01
1.535892344335673121e-01
1.533190980404596226e-01
1.530520727216712895e-01
1.527880627724209905e-01
1.525263096206970759e-01
1.522686218604686059e-01
1.520168882912175667e-01
1.517684914453797940e-01
1.515234409449615072e-01
1.512801708251556021e-01
1.510396898050299919e-01
1.508009840749152675e-01
1.505639832368374231e-01
1.503286697674084404e-01
1.500953789395261528e-01
1.498644311292489095e-01
1.496351006831232455e-01
1.494073712512100638e-01
1.491813192256830067e-01
1.489599470225638767e-01
1.487402878275950469e-01
1.485221214184877792e-01
1.483054328889210349e-01
1.480902075034258303e-01
1.478764306961379560e-01
1.476640880695029023e-01
1.474531653929356256e-01
1.472436486014407631e-01
1.470355237941959881e-01
1.468287772331025309e-01
1.466233953413066116e-01
1.464193647016943378e-01
1.462170854527846120e-01
1.460164064412144413e-01
1.458170260282870556e-01
1.456193327610855737e-01
1.454229708872028792e-01
1.452284030999781705e-01
1.450355532177834972e-01
1.448447814237157349e-01
1.446586642886000529e-01
1.444738294680191493e-01
1.442909336179231949e-01
1.441117677411545561e-01
1.439352521535345875e-01
1.437597947944209975e-01
1.435853860586963904e-01
1.434120164518270235e-01
1.432405719163003799e-01
1.430706951147408257e-01
1.429019121839713857e-01
1.427351237782954196e-01
1.425693043773235413e-01
1.424044453944332544e-01
1.422406822025406858e-01
1.420778979245833906e-01
1.419171961041497121e-01
1.417596662133604746e-01
1.416034223005012693e-01
1.414496311049956989e-01
1.412972716219485503e-01
1.411478178377938431e-01
1.410007623990029435e-01
1.408552562287954391e-01
1.407105074817696089e-01
1.405669846018660074e-01
1.404245843136045779e-01
1.402829356567427133e-01
1.401435374245404430e-01
1.400083617554345461e-01
1.398745158841896430e-01
1.397413827099910355e-01
1.396093110808738491e-01
1.394786566910739822e-01
1.393495664757564700e-01
1.392210820829951345e-01
1.390931994148103812e-01
1.389659144053993489e-01
1.388392230209544997e-01
1.387132748343606614e-01
1.385897675320489353e-01
1.384675499581169422e-01
1.383458881481201552e-01
1.382247785102251603e-01
1.381048888434914801e-01
1.379864829151623840e-01
1.378686020235210807e-01
1.377512428767576624e-01
1.376344022054184213e-01
1.375180767623343514e-01
1.374022633225456536e-01
1.372884968047989873e-01
1.371775405886022092e-01
1.370670642705682230e-01
1.369577070230056925e-01
1.368488630135624717e-01
1.367404877593383361e-01
1.366325783262906934e-01
1.365251318009239878e-01
1.364181452902036573e-01
1.363116159214672884e-01
1.362055408423326341e-01
1.360999172206037167e-01
1.359947422441741272e-01
1.358906609498567730e-01
1.357872525944934239e-01
1.356849497722600606e-01
1.355833243372409347e-01
1.354832764090422581e-01
1.353836383363520024e-01
1.352844076320301459e-01
1.351855818273092757e-01
1.350878062909966759e-01
1.349921176934975597e-01
1.348972294326197807e-01
1.348028562534518415e-01
1.347090675269027871e-01
1.346159319192766768e-01
1.345249327666331318e-01
1.344344448598379926e-01
1.343443029122206589e-01
1.342545050244926819e-01
1.341652291703999966e-01
1.340769770728750809e-01
1.339890585965792802e-01
1.339023063240910028e-01
1.338160024780524759e-01
1.337302964841364239e-01
1.336449506258056696e-01
1.335599205873279072e-01
1.334755056248213834e-01
1.333928328451756962e-01
1.333109482313455663e-01
1.332295170381518901e-01
1.331492919505704031e-01
1.330693508648918555e-01
1.329896923217168125e-01
1.329103148698614345e-01
1.328312170663301095e-01
1.327523974762875592e-01
1.326738546730304724e-01
1.325955872379581124e-01
1.325175937605426180e-01
1.324398728382989721e-01
1.323625191269337253e-01
1.322871954886919166e-01
1.322124203496650441e-01
1.321378995913813914e-01
1.320636319469856990e-01
1.319896161566845583e-01
1.319161666996099269e-01
1.318438368669721805e-01
1.317723422507364461e-01
1.317011942511903122e-01
1.316304579764305260e-01
1.315612472034935754e-01
1.314922633584178213e-01
1.314235053573898637e-01
1.313552146271108056e-01
1.312873288794298987e-01
1.312206940119458876e-01
1.311544773169892042e-01
1.310884740446144336e-01
1.310226802780078970e-01
1.309570950390356869e-01
1.308917173545159351e-01
1.308265462562049342e-01
1.307615807807827879e-01
1.306968199698385069e-01
1.306322628698552979e-01
1.305687532081266089e-01
1.305054960668752539e-01
1.304425194700093993e-01
1.303797379237447152e-01
1.303171505264764107e-01
1.302553392724992709e-01
1.301937869103886314e-01
1.301324227247827037e-01
1.300712458404275351e-01
1.300104581534169967e-01
1.299499406355547060e-01
1.298896050174928596e-01
1.298294504641326619e-01
1.297695086347089022e-01
1.297097755150146414e-01
1.296502215228424182e-01
1.295908458310934541e-01
1.295317239490618166e-01
1.294728697563789777e-01
1.294141909832368098e-01
1.293559458763818837e-01
1.292982926536552502e-01
1.292411314914610754e-01
1.291843709788335626e-01
1.291282796858462256e-01
1.290723705979848757e-01
1.290166207741665072e-01
1.289610295114602956e-01
1.289055961107432591e-01
1.288503198766785263e-01
1.287952001176929373e-01
1.287402361459555611e-01
1.286854272773557406e-01
1.286307728314814713e-01
1.285762721315979740e-01
1.285219245046263503e-01
1.284677292811221561e-01
1.284141211953593043e-01
1.283606990770162215e-01
1.283074311224771669e-01
1.282543113574948768e-01
1.282018137883264575e-01
1.281497690832217040e-01
1.280981206173439080e-01
1.280468475571291953e-01
1.279957814547190986e-01
1.279448901920677284e-01
1.278942009151402825e-01
1.278436485528388622e-01
1.277932325276235348e-01
1.277429522648152183e-01
1.276928071925838015e-01
1.276427967419365705e-01
1.275929203467063011e-01
1.275436852220308281e-01
1.274946132315979141e-01
1.274456713304022715e-01
1.273968591090196278e-01
1.273481831252291918e-01
1.272996363602166281e-01
1.272515983118018001e-01
1.272036875132313005e-01
1.271559034170137992e-01
1.271082454786903182e-01
1.270607131568151915e-01
1.270133059129366915e-01
1.269660232115780718e-01
1.269188645202187216e-01
1.268718293092752358e-01
1.268249170520827640e-01
1.267781272248764135e-01
1.267314593067732920e-01
1.266853583887900259e-01
1.266402128253514558e-01
1.265951833707018859e-01
1.265505070191638159e-01
1.265065454213775697e-01
1.264626951440970815e-01
1.264189557130188379e-01
1.263753266565741940e-01
1.263318075059101653e-01
1.262883977948698888e-01
1.262450970599740541e-01
1.262019048404019184e-01
1.261588206779723498e-01
1.261159594331764666e-01
1.260733199049323128e-01
1.260312874066515654e-01
1.259893580047214412e-01
1.259475312721600460e-01
1.259058067843751572e-01
1.258641841191480704e-01
1.258226628566173622e-01
1.257812425792628475e-01
1.257399228718896200e-01
1.256987033216122041e-01
1.256575835178390943e-01
1.256165630522569354e-01
1.255760160547201576e-01
1.255356915559439068e-01
1.254954646020318143e-01
1.254553735802815539e-01
1.254163874978702908e-01
1.253779292975525372e-01
1.253395617247304306e-01
1.253012844008159210e-01
1.252631422079909518e-01
1.252251257367461845e-01
1.251871981410494217e-01
1.251493590524706545e-01
1.251116081047310979e-01
1.250739449336868703e-01
1.250363691773133945e-01
1.249988804756897443e-01
1.249619614129133249e-01
1.249255338369080620e-01
1.248892108275699575e-01
1.248532028164450886e-01
1.248172746978012670e-01
1.247814261496003607e-01
1.247456568516993464e-01
1.247099664858354329e-01
1.246743547356118642e-01
1.246388212864836809e-01
1.246033658257434534e-01
1.245679880425074326e-01
1.245326876277016853e-01
1.244974642740483001e-01
1.244623176760517591e-01
1.244272475299855463e-01
1.243922535338788382e-01
1.243573353875031817e-01
1.243224927923593237e-01
1.242877254516644991e-01
1.242530330703392194e-01
1.242184153549948100e-01
1.241838720139206154e-01
1.241494027570716752e-01
1.241150072960560125e-01
1.240806853441227126e-01
1.240464366161494331e-01
1.240122608286306216e-01
1.239781613628919560e-01
1.239443254910398695e-01
1.239105773819350054e-01
1.238769005490045899e-01
1.238432947198827155e-01
1.238097596237126286e-01
1.237762949911358074e-01
1.237429005542814153e-01
1.237095760467555039e-01
1.236763212036304516e-01
1.236431357614347637e-01
1.236100194581424699e-01
1.235769720331629656e-01
1.235439932273307839e-01
1.235113154279044029e-01
1.234787095237877691e-01
1.234461714122091908e-01
1.234137008369264460e-01
1.233812975430927661e-01
1.233489612772468574e-01
1.233167090694418933e-01
1.232845509954712954e-01
1.232528824439838577e-01
1.232213792168563027e-01
1.231899392970002560e-01
1.231585624501827098e-01
1.231272484434386416e-01
1.230959970450618973e-01
1.230648080245966280e-01
1.230336811528282975e-01
1.230026162017750641e-01
1.229716129446794676e-01
1.229406711559995063e-01
1.229097906114004907e-01
1.228791336286382679e-01
1.228487502973843598e-01
1.228184257115729899e-01
1.227881596673020270e-01
1.227579519616828069e-01
1.227278023928335265e-01
1.226977107598728606e-01
1.226676768629136050e-01
1.226377005030562378e-01
1.226077823477695478e-01
1.225779566730472586e-01
1.225481875020447697e-01
1.225184746418906401e-01
1.224889216796462427e-01
1.224594890090427574e-01
1.224301115961647646e-01
1.224007892533952868e-01
1.223715217940442995e-01
1.223423090323432078e-01
1.223134081384451149e-01
1.222848252646893119e-01
1.222562938456247250e-01
1.222278137117559643e-01
1.221993846944176426e-01
1.221710066257686994e-01
1.221427942421410423e-01
1.221146595583960381e-01
1.220865742389920933e-01
1.220585381277341092e-01
1.220305510691533646e-01
1.220026129085027833e-01
1.219747234917527845e-01
1.219468826655869392e-01
1.219190902773972379e-01
1.218913461752801908e-01
1.218636502080324285e-01
1.218360022251464003e-01
1.218084020768060993e-01
1.217808496138831909e-01
1.217533446879324327e-01
1.217258871511877893e-01
1.216984768565585323e-01
1.216711136576247992e-01
1.216437974086337775e-01
1.216165279644958463e-01
1.215893051807801911e-01
1.215621289137113481e-01
1.215349990201650132e-01
1.215079153576641979e-01
1.214808777843754128e-01
1.214538861591049485e-01
1.214269403412948645e-01
1.214000401910194371e-01
1.213731855689812872e-01
1.213463763365077996e-01
1.213196336018190075e-01
1.212929627760607060e-01
1.212663366303544099e-01
1.212397550297480558e-01
1.212132178398857840e-01
1.211867249270046076e-01
1.211602761579310822e-01
1.211338714000778916e-01
1.211075105214406977e-01
1.210812375307160488e-01
1.210550925794615373e-01
1.210291301602436920e-01
1.210032097310332344e-01
1.209773311715790500e-01
1.209514943621232685e-01
1.209256991833988909e-01
1.208999455166270554e-01
1.208742332435147754e-01
1.208485622462522474e-01
1.208229324075104777e-01
1.207973436104388676e-01
1.207717957386627433e-01
1.207462886762806220e-01
1.207208223078625325e-01
1.206953965184466571e-01
1.206700111935377628e-01
1.206446662191043712e-01
1.206193614815764259e-01
1.205940968678432396e-01
1.205688722652508427e-01
1.205436875615997355e-01
1.205185426451427372e-01
1.204934374045824597e-01
1.204683717290691292e-01
1.204433455081985183e-01
1.204183586320093508e-01
1.203934109909812200e-01
1.203685024760323824e-01
1.203436896402613199e-01
1.203190872109274195e-01
1.202945231865887171e-01
1.202699974602111366e-01
1.202455099251941162e-01
1.202212311957204516e-01
1.201971660531715169e-01
1.201731378442953413e-01
1.201491464672731629e-01
1.201251918207009717e-01
1.201012866981646388e-01
1.200774946371646196e-01
1.200537390475568400e-01
1.200300198285803449e-01
1.200063368798865299e-01
1.199826901015369623e-01
1.199590793940012029e-01
1.199355046581547235e-01
1.199119657952764928e-01
1.198884627070469916e-01
1.198649952955459785e-01
1.198415634632503529e-01
1.198181671130320591e-01
1.197948061481560189e-01
1.197716124306141550e-01
1.197488852582459101e-01
1.197262002442425338e-01
1.197035481175140192e-01
1.196809287926429294e-01
1.196583421845404116e-01
1.196357882084447127e-01
1.196133697273734919e-01
1.195909849924747664e-01
1.195686326167225561e-01
1.195463125148278488e-01
1.195240246018356989e-01
1.195017687931230754e-01
1.194795450043977386e-01
1.194573531516962134e-01
1.194351931513823462e-01
1.194130656547973957e-01
1.193910811732068616e-01
1.193691283003860404e-01
1.193472069520803702e-01
1.193253170443713956e-01
1.193034584936746023e-01
1.192816312167380294e-01
1.192598351306402710e-01
1.192380710899785257e-01
1.192163589568713961e-01
1.191946776541811942e-01
1.191730271012324260e-01
1.191514072176615147e-01
1.191298179234159677e-01
1.191084660750876267e-01
1.190872327935305203e-01
1.190660291739599613e-01
1.190448551392596505e-01
1.190237106126107447e-01
1.190025955174909833e-01
1.189815097776725922e-01
1.189604533172213263e-01
1.189394260604947628e-01
1.189184279321410936e-01
1.188974588570975988e-01
1.188765187605892865e-01
