1.273232198009929039e+00
8.109932051198859293e-01
7.382345627989267411e-01
7.698392801712976574e-01
7.183036520923464785e-01
7.095043246405389192e-01
6.879162578763667879e-01
6.687689590874545953e-01
6.890396828206973856e-01
6.733038673693217957e-01
6.875825484916741059e-01
6.472719398401197699e-01
6.302796424633584360e-01
5.928428960366562972e-01
6.065331512991766205e-01
5.984796481534273571e-01
6.055405968880872569e-01
5.737121477843724060e-01
6.001318759531251157e-01
5.551954882953610282e-01
6.103894653348725940e-01
5.629434926770615633e-01
5.542879165432549327e-01
5.317266825036213174e-01
5.555214712392575471e-01
5.221449000182949440e-01
5.301897581273942173e-01
5.276882417738066877e-01
5.133938196025623624e-01
5.305032783545354791e-01
4.888494647487608979e-01
5.148181601930539308e-01
5.239503148731758930e-01
4.974884294281113895e-01
4.986741425138574435e-01
4.897109586182953889e-01
4.778248913172512546e-01
4.809770077264182708e-01
4.698640837240774526e-01
4.932075978693942764e-01
4.704954901902124176e-01
4.535393129737091966e-01
4.867898646363578163e-01
4.863405068555275990e-01
4.646231177259004808e-01
4.544029830529173197e-01
4.506995948957240872e-01
4.462271223122465380e-01
4.501319801142613097e-01
4.439624018024265206e-01
4.506480813914207073e-01
4.418907021800175250e-01
4.342304180646153200e-01
4.518803235312773836e-01
4.267991984805266648e-01
4.251139922322187403e-01
4.516339801205135895e-01
4.417268982686552437e-01
4.455386392230087922e-01
4.001085695758734850e-01
4.149336300282681078e-01
4.155580590435386523e-01
4.059485696621999429e-01
4.346335055403982572e-01
3.905776403680925046e-01
3.845784264974707600e-01
4.015879630393963673e-01
4.272211161398369872e-01
4.060157984203921488e-01
3.922942151463814087e-01
3.730554392095038474e-01
3.774623219346683323e-01
3.987662887403560785e-01
4.094348472119339610e-01
3.962839044471853645e-01
3.916806895831013713e-01
3.827134476762662496e-01
3.858166438852379532e-01
3.776745744542479022e-01
3.847145748158134482e-01
3.793449719687146948e-01
3.863801405217291984e-01
3.776016673096987408e-01
3.904971698386076051e-01
3.715867210343250515e-01
3.860260952586906935e-01
3.936912668808821292e-01
3.867363535804982377e-01
3.459038780535452218e-01
3.764510224618115575e-01
3.605475416736825256e-01
3.471935451686035679e-01
3.630366113571754094e-01
3.825828915555823939e-01
3.729989312746332386e-01
3.754371769894980226e-01
3.562693869948366787e-01
3.556677589160387454e-01
3.437601269615357391e-01
3.558452674868378129e-01
3.688613793244777117e-01
3.636366216176366017e-01
3.258800137774980898e-01
3.692711758548795076e-01
3.661302908951413748e-01
3.591776667060370132e-01
3.477876318437378433e-01
3.385591446847965869e-01
3.539619176620479868e-01
3.364970294191627631e-01
3.519212150653205362e-01
3.781974536888441096e-01
3.469846609034322737e-01
3.525320210443917412e-01
3.562047321647399123e-01
3.385147713277096848e-01
3.349556399774974991e-01
3.595241643024819633e-01
3.467552892646356133e-01
3.425012132847987667e-01
3.414660907459557970e-01
3.535383487268688452e-01
3.535592399524347118e-01
3.614156884353219024e-01
3.578670674591249434e-01
3.640921355485159383e-01
3.419556084689571174e-01
3.316787908328199252e-01
3.241871048057132221e-01
3.415896643105960084e-01
3.381536051753289418e-01
3.395075252868109406e-01
3.541186767777306788e-01
3.553060135069057157e-01
3.436161426948647901e-01
3.294999569103800874e-01
3.300988634108581454e-01
3.281565838434490345e-01
3.303588297408240337e-01
3.529438248446298276e-01
3.314343752440149782e-01
3.343830194852912552e-01
3.133240687853749429e-01
3.263035278221895208e-01
3.211310687377332274e-01
3.258799459987407054e-01
3.346597347260992783e-01
3.409089829442499275e-01
3.346205623881671198e-01
3.565433065176828453e-01
3.300251647380846864e-01
3.337754980848117725e-01
3.414393637225633382e-01
3.228519037760128052e-01
3.246082802182364002e-01
3.339236012840943735e-01
3.389171884060696027e-01
3.290147624965895634e-01
3.466830393649931730e-01
3.301364475672368681e-01
3.531262459516225083e-01
3.283430818144654206e-01
3.145316682962034371e-01
3.174674767821630827e-01
3.239925492532063633e-01
3.363723642951238491e-01
3.275937929603757182e-01
3.258640428671129019e-01
3.201358982732347980e-01
3.173708264379757060e-01
3.264629071382968428e-01
3.337423840489706639e-01
3.362371923572087251e-01
3.452068709026288040e-01
3.312159385796041300e-01
3.250526156430605385e-01
3.234629331621583503e-01
3.200802136748036042e-01
3.443257245741419559e-01
3.391281170763344455e-01
3.279975667185607846e-01
3.429544349152610638e-01
3.203903431914717492e-01
3.261369138099494691e-01
3.119683859429637218e-01
3.379585634215375167e-01
3.270107425555523473e-01
3.184173161250135609e-01
3.203148681613823268e-01
3.385861572491623006e-01
3.230104667841450228e-01
3.286486349277831231e-01
3.476290104320019503e-01
3.222074088454611185e-01
3.365037972015511025e-01
3.385898602523346179e-01
3.196625794648500496e-01
3.354737845684976350e-01
3.307486458315344047e-01
3.164051132651621301e-01
3.054683083995191062e-01
3.003381261038234329e-01
3.135476553378805376e-01
3.306616509941494586e-01
3.355777394000710179e-01
3.318472506475462769e-01
3.263381210429212032e-01
3.264083761314023335e-01
3.087880937541360171e-01
3.298574818847920809e-01
3.222105286206961017e-01
3.532645660988689151e-01
3.195757207057915994e-01
3.301279978150472583e-01
3.252129033220234611e-01
3.229715173118723470e-01
3.099106341090978045e-01
3.264531997571111788e-01
3.163789526850513401e-01
3.185667360797189152e-01
3.371609358568297132e-01
3.457227930493548818e-01
3.331998081850280902e-01
3.217922485878340066e-01
3.333841491658881551e-01
3.085092724996018054e-01
3.310702233806384620e-01
3.169915285430062735e-01
3.143762568857157991e-01
3.015137913613485932e-01
3.141824993848589265e-01
3.128531671591623931e-01
3.213436086368612887e-01
3.191172846776288985e-01
3.105645976485543192e-01
3.176722658068621419e-01
3.144194182226198730e-01
3.294732121441458772e-01
3.390455110372290748e-01
3.104767750956288763e-01
3.166297308795393284e-01
3.214760493577218381e-01
3.092404086789222184e-01
3.471025135501257242e-01
3.249401136806565615e-01
3.214710996265816023e-01
3.160200179602007942e-01
3.261124474693147812e-01
3.193528580681945783e-01
3.312909511460478407e-01
3.383093638306258755e-01
3.247844794711897687e-01
3.389039175119386016e-01
2.995191272474230226e-01
3.438002648802197525e-01
3.164172213599024119e-01
3.171879949281602440e-01
3.111620686448162698e-01
3.292873044636455138e-01
3.283532509209861616e-01
3.274541616323190518e-01
3.213225809501656371e-01
3.097382719000030815e-01
3.317519857591710308e-01
3.241519477801003135e-01
3.200672484045946065e-01
3.355584762935380772e-01
3.157327964657620223e-01
3.119730751528007051e-01
3.210884519439535234e-01
3.363433803643082198e-01
3.101190570226591281e-01
3.165753554774952128e-01
3.289815319616668510e-01
3.125038809634552717e-01
3.047644784720697775e-01
3.132796455875463404e-01
3.258786993082080641e-01
3.091447167087459369e-01
3.125253585826058833e-01
3.192547502839618301e-01
3.088392007197421352e-01
3.261643605059711404e-01
3.079189232807885701e-01
3.147665359245438998e-01
3.247582901046692228e-01
3.170893938731070838e-01
3.343109821622183286e-01
3.056216412634111812e-01
3.208991691802663415e-01
3.174288512807605933e-01
3.248115731875077516e-01
3.001170063615659078e-01
3.268936000483502191e-01
3.125286474303228257e-01
3.139217179127030133e-01
3.146892414476011313e-01
3.017930317705240784e-01
3.280652046104393649e-01
3.072016546035996054e-01
3.293347705828068572e-01
3.171043560234078074e-01
3.180102954298759665e-01
3.315166232698562032e-01
3.117783839515674837e-01
2.985929144394251500e-01
3.113396656680021413e-01
2.971475148538507693e-01
3.198429453159774560e-01
3.312879419927440283e-01
3.167153484747060044e-01
3.159466543476064926e-01
3.191339508149230175e-01
3.256134298254544923e-01
3.274772458948105869e-01
3.029655761617072174e-01
3.161043917476192844e-01
3.158313086767999822e-01
3.071510586956719968e-01
3.413369103803217675e-01
3.247441818703269423e-01
3.199726078407646446e-01
3.281376358626542644e-01
3.222098495414147945e-01
3.258246625840224842e-01
3.077928026658814931e-01
3.273407847180859198e-01
3.218867806308683410e-01
3.152398908277727063e-01
3.256597530992607625e-01
3.161374073851813682e-01
3.264557999511709108e-01
3.221343829227493183e-01
3.209186671861205542e-01
3.076572004835993468e-01
3.239216583382055203e-01
3.438227810651943717e-01
3.476373265669571722e-01
3.225954642025944397e-01
3.182152182529133233e-01
3.127376812900567460e-01
3.244918489797846139e-01
3.113655180725762306e-01
3.073106120370713845e-01
2.990670999347347370e-01
3.144481664476891369e-01
3.016036500907299245e-01
3.058334188933292119e-01
3.246731666559629081e-01
3.047406190824094030e-01
2.972938690458453714e-01
3.209185954356669201e-01
3.211708193342442397e-01
3.111861408572134113e-01
3.090063693587336013e-01
3.348088418084403384e-01
2.983545641153881323e-01
3.136248753965953928e-01
3.407781349806948135e-01
2.960042451760683813e-01
3.243362991272922269e-01
3.196269502104620019e-01
3.326740724477106337e-01
3.063268962408975948e-01
3.296115076592353588e-01
3.235556012743076026e-01
3.159338762959905678e-01
2.951831694780012172e-01
3.048768607675972353e-01
2.996180423051344466e-01
3.133001045053670497e-01
2.994579317092049275e-01
3.120787429702777116e-01
3.286897948072012299e-01
3.007249310459078617e-01
3.392685219750542491e-01
3.114317898725658673e-01
3.184385765993592576e-01
2.996315083268571988e-01
2.874074541007562988e-01
3.227913195158864101e-01
3.032494686110911442e-01
3.042481763649989568e-01
3.409889669849077709e-01
3.041225374065766873e-01
3.260653963307866277e-01
3.276906039990261088e-01
3.057878197454337310e-01
3.208304137933590261e-01
3.119896630555722417e-01
2.956081468390303058e-01
3.372487770396219164e-01
3.034639861277363959e-01
3.184053457705485757e-01
3.119927998698886484e-01
3.155605775559033321e-01
3.101657007650732711e-01
3.170224131679861279e-01
3.265380992123329551e-01
3.268054931464374202e-01
3.344588606397637665e-01
3.163072904557615028e-01
3.077524932934667112e-01
3.167467865562204055e-01
3.230186990083518950e-01
3.105294624869730513e-01
3.164698925806009866e-01
3.193662556665948227e-01
3.223041584851434882e-01
3.231935606104374137e-01
3.279958129269270883e-01
3.228268824856838637e-01
3.265815090176877322e-01
3.117660635434076344e-01
3.136390413302007629e-01
3.088536154385979615e-01
2.998828418697426779e-01
3.069778260670984471e-01
2.982929497091356130e-01
3.088516678267888560e-01
3.005614554554050244e-01
3.206115299986229128e-01
3.231508781049820533e-01
3.343944296514614334e-01
3.138086345398004018e-01
3.148545260861109196e-01
3.057257961964623405e-01
3.324981367768258811e-01
3.153706073833912882e-01
3.216990688772918827e-01
3.022827975161830327e-01
3.009991856180884717e-01
3.202554324426946097e-01
3.242142115169008854e-01
3.126024532543852930e-01
3.204568559006329420e-01
3.324591042413684305e-01
3.152481594734588555e-01
3.012356043272509387e-01
3.281691995325461408e-01
3.165356472427523493e-01
3.242605687880485421e-01
3.177841814592181624e-01
3.112433857435324969e-01
3.061540925204553343e-01
3.291657743134428493e-01
3.298232346703536266e-01
2.980076226649122084e-01
3.008107875439013368e-01
3.166374225144579224e-01
2.896914200572655029e-01
3.088350268768282336e-01
3.181681853525102910e-01
3.237736861107300967e-01
3.144293603749844235e-01
3.194560840714386618e-01
3.142364162563199836e-01
2.975896646521052902e-01
3.267344180949055543e-01
2.977540559353595295e-01
3.241772102592598293e-01
3.155943064524451280e-01
3.034670936642686612e-01
3.156544968021303688e-01
3.137354700936885732e-01
3.316868770263430855e-01
3.123466107740336950e-01
3.023703977381422825e-01
3.219380086607761537e-01
3.269917858958965029e-01
3.065363821314143755e-01
3.267846800744622637e-01
2.995927118499250863e-01
3.131118460673525949e-01
3.253113367610375173e-01
3.091114976319607188e-01
3.164855143906856738e-01
3.091411288958537118e-01
3.265062629510580572e-01
3.043335063862362966e-01
3.309007576719129040e-01
3.224504786567483072e-01
2.788182408713242300e-01
3.158750260208351146e-01
3.281835529109520810e-01
3.151722053611998309e-01
3.089681435395722486e-01
3.214090951391513351e-01
3.213371589621216717e-01
3.319064754345805723e-01
3.080028377024664477e-01
3.248864378623425031e-01
3.208336092655990068e-01
3.325767960448150484e-01
3.291218407530536183e-01
3.085068304511303094e-01
3.238685177693051975e-01
3.212940705111159700e-01
3.106563718615582559e-01
3.124265303104659663e-01
3.223770727104450229e-01
2.871441935343546081e-01
3.291810085668162578e-01
3.085156006765435999e-01
3.297158439239956662e-01
3.191176436480129830e-01
3.280166648590145950e-01
3.203896572509998819e-01
3.073095338451293790e-01
3.023319134659350760e-01
2.957470878162054007e-01
3.161210547465833631e-01
3.279220774491550250e-01
3.120710360491497082e-01
3.131631085060609387e-01
3.291825056088652501e-01
3.129651183933858105e-01
3.064731914297003090e-01
3.119223414986584952e-01
3.139074339607327846e-01
3.165852773007667986e-01
3.125272294573764875e-01
3.160157608031641807e-01
3.117472921487947635e-01
3.088917137777154598e-01
3.098865162191574152e-01
3.156765632179602821e-01
3.109991623236140756e-01
3.163066770790361470e-01
3.209379273063406868e-01
3.170549918836945147e-01
3.176364593359740640e-01
3.035343303890787325e-01
3.322705241515310770e-01
3.105892743241093767e-01
3.232166433657296389e-01
3.354923976106500838e-01
3.206497943980771148e-01
3.087425254062262647e-01
3.394704905824312280e-01
3.185648381790239236e-01
3.196409375229944949e-01
3.195276244091862505e-01
3.343173564438617351e-01
3.255501451839042937e-01
3.054422648197926415e-01
3.067766700807381119e-01
3.165031792684770973e-01
3.114028767222884464e-01
3.173096404200529408e-01
3.153209069529962494e-01
3.045647150036909778e-01
3.296303070360053766e-01
3.150595396003265103e-01
3.031679350724224564e-01
3.164745385283327384e-01
3.299887694707668850e-01
3.174160065044352996e-01
3.112994202162200907e-01
3.122140557464306299e-01
3.190987242253727763e-01
3.157986934636484166e-01
3.032366787710452649e-01
3.064776083167532472e-01
3.183274121203558127e-01
3.220517928735703306e-01
3.113645761527898959e-01
2.993513677982336252e-01
3.189296618752774926e-01
3.123367988932355677e-01
3.275536062199631004e-01
3.280156773560078953e-01
3.145689563899596308e-01
3.180344469191517254e-01
3.124146082857373607e-01
3.101838169939751255e-01
3.254514500910269947e-01
3.148752331875820376e-01
3.080430591673020135e-01
3.248854815833644993e-01
3.186632359028805928e-01
3.049620492668595473e-01
3.164950707406251063e-01
3.165346369607732746e-01
3.110502801079774171e-01
3.049866251678837181e-01
3.177580968329583588e-01
3.060002796866462260e-01
3.226693913367577049e-01
3.059323924572879827e-01
3.093777427801073232e-01
3.201118489191257521e-01
3.307046068869483602e-01
2.992191663125882695e-01
3.043242609044576330e-01
3.084886399198192297e-01
3.169290215967067725e-01
3.390718600334494681e-01
3.102110288788376136e-01
3.389016079341445886e-01
