1.102763722350446729e+00
3.546272897321822160e-01
3.373413983485795131e-01
3.258123131701437525e-01
3.172619246870069243e-01
3.103307966864775058e-01
3.042205598198041150e-01
2.987448201458118291e-01
2.937609938994390490e-01
2.891092197164370492e-01
2.847484102057944999e-01
2.807100307472721323e-01
2.768649492421845215e-01
2.732519331683184172e-01
2.698109656144588864e-01
2.665405126356643062e-01
2.634464151776170771e-01
2.605142116088962068e-01
2.576840495426703237e-01
2.549436881894082130e-01
2.523059528122217343e-01
2.497578514185239962e-01
2.473001642805841005e-01
2.449419082888890098e-01
2.426765419437649507e-01
2.404879721159742800e-01
2.383707314622210416e-01
2.363155904698502063e-01
2.343206306266738259e-01
2.323900744997464407e-01
2.305179808388585772e-01
2.286948211005570275e-01
2.269095390852703953e-01
2.251616111320009217e-01
2.234527484646911810e-01
2.217843811480088301e-01
2.201591590817865984e-01
2.186059709801353168e-01
2.171003836498253958e-01
2.156260252941556710e-01
2.141804550417224784e-01
2.127659207681537878e-01
2.113795987293042300e-01
2.100190485176526012e-01
2.086817560749600065e-01
2.073844595784750111e-01
2.061106107251403363e-01
2.048662714474988877e-01
2.036511841578046988e-01
2.024557199742522406e-01
2.012810383814960802e-01
2.001283310517244785e-01
1.989927720557577162e-01
1.978833925171660513e-01
1.967911872764922243e-01
1.957258679196824669e-01
1.946877186545198923e-01
1.936707257223045375e-01
1.926689620649174317e-01
1.916861153342672430e-01
1.907175434445061157e-01
1.897713563346139498e-01
1.888396533784374165e-01
1.879216201934410524e-01
1.870151691808272509e-01
1.861273571284162986e-01
1.852595403300501542e-01
1.844138630815279067e-01
1.835825461991797414e-01
1.827698296589265470e-01
1.819738032007914286e-01
1.811912932587245173e-01
1.804183290099727055e-01
1.796611147771993156e-01
1.789217739422724607e-01
1.781974230296674289e-01
1.774854472762776580e-01
1.767816790729922760e-01
1.760866888978545042e-01
1.754012331372901967e-01
1.747291150047602382e-01
1.740685979597089428e-01
1.734146937244968878e-01
1.727729434425373245e-01
1.721390690488621977e-01
1.715116071548856980e-01
1.708903513071311220e-01
1.702753091723033518e-01
1.696676388412829695e-01
1.690683163994023686e-01
1.684783048408721451e-01
1.678942132921765196e-01
1.673168604224086753e-01
1.667472686899580947e-01
1.661830190753248171e-01
1.656248961484796112e-01
1.650760628053082046e-01
1.645354839273550918e-01
1.640005464356976694e-01
1.634704324520903362e-01
1.629455871818761559e-01
1.624281453020683941e-01
1.619162421146528585e-01
1.614101181818404229e-01
1.609138841914816709e-01
1.604249099114206378e-01
1.599424431659347279e-01
1.594649505623207675e-01
1.589913330466445618e-01
1.585243096493861303e-01
1.580632179294312045e-01
1.576112389096386845e-01
1.571642242250458066e-01
1.567232947987052261e-01
1.562892722335879891e-01
1.558607270266916256e-01
1.554376974669801348e-01
1.550253188489433831e-01
1.546192626388894487e-01
1.542178937945141159e-01
1.538204534531125711e-01
1.534258552162061640e-01
1.530343079417550711e-01
1.526474024820130837e-01
1.522638343197834365e-01
1.518835151944988859e-01
1.515064930743998395e-01
1.511320758336698877e-01
1.507615766142009206e-01
1.503946849268406050e-01
1.500303042055985137e-01
1.496683891953417833e-01
1.493089156461574474e-01
1.489518596217312418e-01
1.485981614986676969e-01
1.482476442388513393e-01
1.479013863571047027e-01
1.475585858619873625e-01
1.472185921626808780e-01
1.468830096624523796e-01
1.465500655576391364e-01
1.462192870764273955e-01
1.458912001778880085e-01
1.455655611108606362e-01
1.452420152033173095e-01
1.449205428056371259e-01
1.446011245075418117e-01
1.442846430353377507e-01
1.439722227419447942e-01
1.436617768632513781e-01
1.433532870669760872e-01
1.430467747767148190e-01
1.427436845898218953e-01
1.424424894465792235e-01
1.421449756652610474e-01
1.418511089410603443e-01
1.415592616017757877e-01
1.412692088285975311e-01
1.409810948336854830e-01
1.406970685492266171e-01
1.404152264898320679e-01
1.401357348423617477e-01
1.398587575593199794e-01
1.395843622439804643e-01
1.393115885123248077e-01
1.390411316600185243e-01
1.387743653315361980e-01
1.385093563986087295e-01
1.382460114899957127e-01
1.379841711127887949e-01
1.377238635866400718e-01
1.374652978269636228e-01
1.372095255970027516e-01
1.369558704644094072e-01
1.367041839063961317e-01
1.364541572410835346e-01
1.362086217353853934e-01
1.359647696463978372e-01
1.357222503217885845e-01
1.354810527651923446e-01
1.352411661025913758e-01
1.350025795805999962e-01
1.347652825647782660e-01
1.345293864079552815e-01
1.342962352500788326e-01
1.340656492699433266e-01
1.338365668427056732e-01
1.336087161341464880e-01
1.333821533159278150e-01
1.331568029804692799e-01
1.329326812645241773e-01
1.327106794868437301e-01
1.324914995357815151e-01
1.322738498694195353e-01
1.320595682520193381e-01
1.318463655909154209e-01
1.316342337053332812e-01
1.314231644989977965e-01
1.312131499590155070e-01
1.310041821547750229e-01
1.307962532368646125e-01
1.305894095969488966e-01
1.303839380652146163e-01
1.301799906008638819e-01
1.299782930884612608e-01
1.297789450577404025e-01
1.295809236581704216e-01
1.293845938752704872e-01
1.291897544740299719e-01
1.289958442693327489e-01
1.288028566055612611e-01
1.286107848917552865e-01
1.284198160226725505e-01
1.282298663539276073e-01
1.280408093401017022e-01
1.278529654938770077e-01
1.276665505845176185e-01
1.274809977617437917e-01
1.272963010520788418e-01
1.271126828904756978e-01
1.269312388999816466e-01
1.267513776075617493e-01
1.265723250941323541e-01
1.263940759171198747e-01
1.262166246837350403e-01
1.260403717980452809e-01
1.258656843265420489e-01
1.256917681302170131e-01
1.255186181174358373e-01
1.253462292422499180e-01
1.251745965038689457e-01
1.250037149461403208e-01
1.248335796570367029e-01
1.246648515989981082e-01
1.244983243904781156e-01
1.243327317134269722e-01
1.241678454436872248e-01
1.240036610473304463e-01
1.238403048791208855e-01
1.236781370490747378e-01
1.235166511714760607e-01
1.233565754535378423e-01
1.231975144276585415e-01
1.230391092324870511e-01
1.228819811494974851e-01
1.227258403108890533e-01
1.225703353241984206e-01
1.224161020881891493e-01
1.222627838618658702e-01
1.221102435122725371e-01
1.219595728131847578e-01
1.218095026785725732e-01
1.216600294883383032e-01
1.215112807585476962e-01
1.213642521487356407e-01
1.212185238200809284e-01
1.210746296168702246e-01
1.209332505353785531e-01
1.207932312439140982e-01
1.206537375413146984e-01
1.205147664354619536e-01
1.203765187077222437e-01
1.202394085271000085e-01
1.201028022176071075e-01
1.199671716571653196e-01
1.198325887059540490e-01
1.196985214762071315e-01
1.195649418132009867e-01
1.194318470480150163e-01
1.192992345327587300e-01
1.191671016403337974e-01
1.190354457642004704e-01
1.189042643181464631e-01
1.187735547360612431e-01
1.186433144717120164e-01
1.185135751449037239e-01
1.183843070419884347e-01
1.182555005175898039e-01
1.181271531037057232e-01
1.179992623511488120e-01
1.178720957656317070e-01
1.177454178118844952e-01
1.176192072807885347e-01
1.174939755663872293e-01
1.173691881141596810e-01
1.172448425621219065e-01
1.171209365660242641e-01
1.169974677991657552e-01
1.168744339522104492e-01
1.167518327330065026e-01
1.166296714548829411e-01
1.165085828589166872e-01
1.163886684918155195e-01
1.162692055183570800e-01
1.161501658067644882e-01
1.160321632818307330e-01
1.159149395146606837e-01
1.157981136879504824e-01
1.156820598714105308e-01
1.155669089874170885e-01
1.154524704404274044e-01
1.153388759138705422e-01
1.152262373087023090e-01
1.151139698439490461e-01
1.150020716745823318e-01
1.148906525551924435e-01
1.147803581879392049e-01
1.146704229870765396e-01
1.145608451893530139e-01
1.144516230439291266e-01
1.143427548122549348e-01
1.142342387679478044e-01
1.141260731966725894e-01
1.140182563960235040e-01
1.139107866754068277e-01
1.138044186897842897e-01
1.136991530474135287e-01
1.135942178072290032e-01
1.134896114179978627e-01
1.133856748851705953e-01
1.132823694761573435e-01
1.131795098306901948e-01
1.130769901011399875e-01
1.129750456623055538e-01
1.128737518250152866e-01
1.127728434110360362e-01
1.126722363345224881e-01
1.125719292849274578e-01
1.124719209598143560e-01
1.123722100647829014e-01
1.122727953133965950e-01
1.121739166367218404e-01
1.120754024376350161e-01
1.119771809924693523e-01
1.118792510222673814e-01
1.117816112560915537e-01
1.116842604309510878e-01
1.115871972917281407e-01
1.114904499246127806e-01
1.113940403005274082e-01
1.112988454207500949e-01
1.112040440174091732e-01
1.111102151309679847e-01
1.110166556380097341e-01
1.109233644026177967e-01
1.108307055085867715e-01
1.107383669804695159e-01
1.106462925839806904e-01
1.105544812103060048e-01
1.104630160419237672e-01
1.103721355786518032e-01
1.102819370803667931e-01
1.101921569730823225e-01
1.101026309096868744e-01
1.100133687862341197e-01
1.099246868586789133e-01
1.098367140250618434e-01
1.097491059522709284e-01
1.096619443927352722e-01
1.095755276767803738e-01
1.094893523579787281e-01
1.094037923085022929e-01
1.093186825665721507e-01
1.092339976563624776e-01
1.091496100706406264e-01
1.090656653859948116e-01
1.089823540087348774e-01
1.088995069607186228e-01
1.088168841503716483e-01
1.087346730252637256e-01
1.086526985337968043e-01
1.085709443528135865e-01
1.084898411265805274e-01
1.084091741914322282e-01
1.083287228799544033e-01
1.082484863309622763e-01
1.081689242629882974e-01
1.080898831151518996e-01
1.080112220086330149e-01
1.079327691845959475e-01
1.078545198363992236e-01
1.077767722083465968e-01
1.076993868254435827e-01
1.076223801178890493e-01
1.075456129556673079e-01
1.074696848571711633e-01
1.073939498272413889e-01
1.073184071358365133e-01
1.072434603306422901e-01
1.071687842226387299e-01
1.070944636462565352e-01
1.070206252542415110e-01
1.069470376158860314e-01
1.068736313538363181e-01
1.068004058106481746e-01
1.067273603323047604e-01
1.066544942681896535e-01
1.065818069710597615e-01
1.065092977970191201e-01
1.064369661054928584e-01
1.063648112592011086e-01
1.062928326241334293e-01
1.062210295695238949e-01
1.061497239866775188e-01
1.060787370004879077e-01
1.060079206714139716e-01
1.059372744045752879e-01
1.058667976080142764e-01
1.057964896926743281e-01
1.057263500723784888e-01
1.056563781638081984e-01
1.055865733864822242e-01
1.055169351627361918e-01
1.054474629177017120e-01
1.053781560792862032e-01
1.053094188462799369e-01
1.052410904067607733e-01
1.051729226823541058e-01
1.051049151252733682e-01
1.050370671903802372e-01
1.049693783351649257e-01
1.049018480197272812e-01
1.048345752809624054e-01
1.047675299403446753e-01
1.047006410158255324e-01
1.046339079832002833e-01
1.045673936616912519e-01
1.045013309718645506e-01
1.044355834625297907e-01
1.043699884212320877e-01
1.043050176139117824e-01
1.042402051002152968e-01
1.041755774239341986e-01
1.041111734421391044e-01
1.040469199132047357e-01
1.039828121913375925e-01
1.039188498080128309e-01
1.038550322967493611e-01
1.037918943417613649e-01
1.037289165643890815e-01
1.036661976094011839e-01
1.036036186868689174e-01
1.035411793558156240e-01
1.034788791771183297e-01
1.034167177134961424e-01
1.033546945294989000e-01
1.032928091914958740e-01
1.032310612676645978e-01
1.031695600357492582e-01
1.031084904431960325e-01
1.030475546466566028e-01
1.029867860695616449e-01
1.029262561918112273e-01
1.028660604450804539e-01
1.028059950362206626e-01
1.027460642613573644e-01
1.026862720984489941e-01
1.026266603248592729e-01
1.025672405619520028e-01
1.025079591732970669e-01
1.024488060894895303e-01
1.023897809201739367e-01
1.023308832765608967e-01
1.022721127714181777e-01
1.022135297132006626e-01
1.021552732788599399e-01
1.020972194077304496e-01
1.020393367870860296e-01
1.019815776502248084e-01
1.019239416287347072e-01
1.018664935724480913e-01
1.018092065063387758e-01
1.017520414407613455e-01
1.016949980111768875e-01
1.016380758544703222e-01
1.015812746089424373e-01
1.015245939143016446e-01
1.014684670057540289e-01
1.014124684337852911e-01
1.013565875440319980e-01
1.013008239902827151e-01
1.012451774276418304e-01
1.011896475125220740e-01
1.011342339026376352e-01
1.010789362569972094e-01
1.010237998322447012e-01
1.009688095085448378e-01
1.009139367027040574e-01
1.008592009696338138e-01
1.008045792580813810e-01
1.007500712352143030e-01
1.006956765694487083e-01
1.006413949304430649e-01
1.005872259890911724e-01
1.005331726525389019e-01
1.004793133525441889e-01
1.004255654349698323e-01
1.003719285774661713e-01
1.003184024588754386e-01
1.002655455015717123e-01
1.002128916538983228e-01
1.001603451046608056e-01
1.001079055499882048e-01
1.000555726870870493e-01
1.000033462142366908e-01
9.995122583078380751e-02
9.989921123713756124e-02
9.984730213476392113e-02
9.979549822618120902e-02
9.974430475246351402e-02
9.969325727532059311e-02
9.964231151706580414e-02
9.959154006003879955e-02
9.954089419622014212e-02
9.949034915567413206e-02
9.944001252009318503e-02
9.938984474239760669e-02
9.933977647702232905e-02
9.928980745213962511e-02
9.924005108513050954e-02
9.919048052556002359e-02
9.914104340757896872e-02
9.909170331052261083e-02
9.904245996954602616e-02
9.899331312069264976e-02
9.894426250089079222e-02
9.889530784794954565e-02
9.884644890055509225e-02
9.879768539826715157e-02
9.874901708151512247e-02
9.870057489683235763e-02
9.865248953256099129e-02
9.860455439273667355e-02
9.855728368276125972e-02
9.851012035754011520e-02
9.846304678268544275e-02
9.841606272382499854e-02
9.836916794729830271e-02
9.832236222015422467e-02
9.827564531014872096e-02
9.822901698574215690e-02
9.818247701609730815e-02
9.813602517107650192e-02
9.808966122123964626e-02
9.804338493784177377e-02
9.799719609283066846e-02
9.795109445884445099e-02
9.790507980920933051e-02
9.785915191793749524e-02
9.781331055972450339e-02
9.776759716413108148e-02
9.772207561839883760e-02
9.767663957485075987e-02
9.763128881208869847e-02
9.758640876274290998e-02
9.754181417301786838e-02
9.749741109022747043e-02
9.745333756299844052e-02
9.740934397548262069e-02
9.736543013050028006e-02
9.732159583140911896e-02
9.727784088210340852e-02
9.723420564764552465e-02
9.719080292077805772e-02
9.714747813780411079e-02
9.710423110852907380e-02
9.706106164327266139e-02
9.701796955286752511e-02
9.697495464865786563e-02
9.693201674249835031e-02
9.688915564675264214e-02
9.684652657483806826e-02
9.680418049855883666e-02
9.676190930829167702e-02
9.671971282441389761e-02
9.667759086777902300e-02
9.663554325971575321e-02
9.659356982202658981e-02
9.655176928036286743e-02
9.651017473152873061e-02
9.646865314365328514e-02
9.642720434288735987e-02
9.638582815583632279e-02
9.634452440955913743e-02
9.630329293156722481e-02
9.626213354982343651e-02
9.622104609274109710e-02
9.618003038918292169e-02
9.613908626845990568e-02
9.609822943884062385e-02
9.605745196639284278e-02
9.601674547276409233e-02
9.597610978938997395e-02
9.593574074488886438e-02
9.589559400067595996e-02
9.585551665198674409e-02
9.581568527578375460e-02
9.577601955982358028e-02
9.573642190183762057e-02
9.569689213873119882e-02
