5.701242052059396492e-01
5.286849543470544255e-01
5.091639025316467837e-01
4.946733462705338868e-01
4.825373651455359680e-01
4.719181555831143404e-01
4.625320906870525883e-01
4.539281419219126645e-01
4.460699567694041412e-01
4.387856912755465078e-01
4.320997052641032954e-01
4.259009748341387458e-01
4.202211586809290744e-01
4.149038307730503750e-01
4.099279054821699519e-01
4.052631305725804545e-01
4.008621552274388988e-01
3.966709227826202278e-01
3.927196080058932837e-01
3.889462363251148802e-01
3.853296113169179526e-01
3.819291427337176970e-01
3.787162122752421034e-01
3.756536725493608841e-01
3.727792229267307134e-01
3.700362925927583313e-01
3.674159396910008368e-01
3.648845230217065416e-01
3.624670278834981052e-01
3.601654324252909767e-01
3.579899055325478363e-01
3.559178236423201636e-01
3.539462843260668956e-01
3.520842101975046878e-01
3.502950377547814909e-01
3.485771251559120487e-01
3.469282840961829262e-01
3.453286151487055533e-01
3.437795714296456584e-01
3.422883294973369517e-01
3.408406639127573579e-01
3.394513492051369763e-01
3.381061294633825320e-01
3.368063163544416927e-01
3.355638436248907785e-01
3.343529484716682432e-01
3.331703558630151329e-01
3.320167879259525168e-01
3.308903775268678404e-01
3.298029266720816088e-01
3.287431733285283153e-01
3.277141459043433902e-01
3.267183442901585022e-01
3.257644112424783467e-01
3.248360402504675282e-01
3.239473237154755769e-01
3.230913088673136313e-01
3.222558452182701649e-01
3.214376495747757745e-01
3.206431882313482973e-01
3.198728834452924663e-01
3.191340101468312374e-01
3.184312511319151717e-01
3.177433563178340692e-01
3.170751568757051442e-01
3.164340897133752217e-01
3.158063087650446743e-01
3.151895607364853524e-01
3.145993141530076809e-01
3.140182455080723356e-01
3.134458435344707472e-01
3.128866590382694546e-01
3.123438146311552921e-01
3.118080414804303979e-01
3.112788456258319125e-01
3.107600155664350661e-01
3.102557689833917998e-01
3.097636960989472721e-01
3.092806271129939777e-01
3.088064484566286905e-01
3.083395889989275496e-01
3.078801737345204792e-01
3.074323942570574286e-01
3.069933876919430649e-01
3.065614674698025621e-01
3.061455404088688215e-01
3.057458107402049041e-01
3.053567299661755219e-01
3.049722481468226665e-01
3.045966973915523734e-01
3.042298286463698265e-01
3.038663769657568570e-01
3.035117175238501441e-01
3.031633070540786234e-01
3.028180828765640320e-01
3.024785401140438479e-01
3.021442669556135274e-01
3.018141467470052963e-01
3.014962387458307025e-01
3.011843476467293557e-01
3.008803058073472592e-01
3.005786954067723449e-01
3.002798260221885562e-01
2.999919214255239996e-01
2.997115524777589912e-01
2.994345346487936044e-01
2.991614246510611586e-01
2.988939213148686935e-01
2.986283484216457063e-01
2.983646622796353176e-01
2.981028430424806919e-01
2.978458724510999467e-01
2.975942780200191429e-01
2.973444009103660690e-01
2.970986219663394046e-01
2.968549344269290069e-01
2.966129535908493819e-01
2.963734518044416899e-01
2.961355356996259736e-01
2.959000714032136159e-01
2.956670983549037346e-01
2.954375387811615794e-01
2.952101238213449275e-01
2.949844652721733129e-01
2.947602627343819948e-01
2.945375023757926813e-01
2.943195521838264384e-01
2.941077339645223332e-01
2.938983225885014594e-01
2.936903381385287393e-01
2.934840683678317519e-01
2.932790706224278066e-01
2.930761829959569464e-01
2.928771346337011861e-01
2.926793348930186722e-01
2.924856393364488327e-01
2.922953499284678403e-01
2.921065445145098471e-01
2.919190090138245597e-01
2.917326059707123775e-01
2.915473245446517092e-01
2.913633186736193093e-01
2.911813621030616694e-01
2.910018150815177340e-01
2.908246086025218502e-01
2.906516509348445187e-01
2.904811650037874005e-01
2.903130393719610125e-01
2.901462425796750288e-01
2.899803793625817527e-01
2.898154414666145318e-01
2.896514207458054102e-01
2.894887344016497388e-01
2.893272977640396482e-01
2.891691025850687824e-01
2.890122608864922338e-01
2.888567497160799968e-01
2.887022002554448519e-01
2.885489319570790356e-01
2.883971425961353585e-01
2.882461606885046157e-01
2.880959795063863793e-01
2.879465924086878625e-01
2.877979928394024944e-01
2.876501743260280741e-01
2.875033801191180238e-01
2.873576640721113851e-01
2.872138078033267261e-01
2.870722217683432387e-01
2.869332026526144053e-01
2.867950074446991571e-01
2.866600142586918087e-01
2.865282132695260997e-01
2.863970526361742097e-01
2.862665277941147113e-01
2.861379406204472842e-01
2.860104011324437479e-01
2.858834754439795178e-01
2.857574535849093933e-01
2.856328468997268999e-01
2.855088365891108593e-01
2.853855583234465865e-01
2.852632351668945576e-01
2.851414965018537195e-01
2.850210944137592795e-01
2.849020849806050415e-01
2.847836406669265741e-01
2.846657574286379222e-01
2.845484948780267476e-01
2.844321123210752367e-01
2.843162714821910741e-01
2.842014182075440210e-01
2.840882725403278686e-01
2.839759728844994946e-01
2.838662358556036658e-01
2.837579324812329329e-01
2.836501616186501429e-01
2.835428748703057722e-01
2.834360689484133888e-01
2.833298142203456438e-01
2.832248874905562985e-01
2.831207643102023885e-01
2.830173089982364054e-01
2.829143115723376511e-01
2.828119288037463375e-01
2.827104180592416860e-01
2.826093534380013095e-01
2.825087320040338135e-01
2.824091836799709765e-01
2.823107270788700052e-01
2.822130172176979257e-01
2.821162743557018571e-01
2.820201452710639489e-01
2.819251440029670319e-01
2.818305473853354171e-01
2.817363528662304994e-01
2.816425579184127503e-01
2.815491600389763427e-01
2.814561567489920479e-01
2.813635455931562390e-01
2.812721828365075671e-01
2.811813024303491670e-01
2.810914664736715585e-01
2.810020028796923475e-01
2.809129093852156256e-01
2.808241837477621350e-01
2.807358237452802774e-01
2.806481978959457502e-01
2.805612038633256700e-01
2.804746575128836961e-01
2.803895026520245026e-01
2.803055841082501276e-01
2.802220037448297507e-01
2.801394843883617258e-01
2.800588911872677333e-01
2.799786172179469235e-01
2.798986606550005196e-01
2.798190196888086234e-01
2.797396925253110567e-01
2.796607448349981984e-01
2.795830458156535192e-01
2.795065092197824841e-01
2.794302717401936920e-01
2.793543317024521633e-01
2.792788878909180372e-01
2.792041832584319372e-01
2.791299615723986660e-01
2.790564176841746069e-01
2.789834547327731951e-01
2.789107725796261539e-01
2.788387279502279048e-01
2.787684891860230385e-01
2.786990094221905023e-01
2.786297949654646389e-01
2.785609842954055448e-01
2.784924393389333619e-01
2.784241532921644113e-01
2.783562311237205433e-01
2.782893721677258125e-01
2.782234370833560066e-01
2.781577444108801478e-01
2.780923016784314639e-01
2.780273469498592553e-01
2.779626291864614740e-01
2.778981471884479637e-01
2.778338997645359298e-01
2.777700911412528950e-01
2.777068019059360515e-01
2.776437422295088275e-01
2.775815214915462459e-01
2.775199290718264877e-01
2.774588069477053609e-01
2.773983772721670404e-01
2.773381656954732044e-01
2.772781670004038079e-01
2.772183801732852615e-01
2.771591249082708819e-01
2.771007297384669998e-01
2.770427748338730178e-01
2.769850192250570831e-01
2.769274620120417141e-01
2.768701022999639494e-01
2.768136312166135649e-01
2.767574073469032947e-01
2.767013751695570067e-01
2.766455338291023969e-01
2.765898824747892171e-01
2.765344202605570789e-01
2.764791463450012587e-01
2.764240598913412228e-01
2.763691600673873205e-01
2.763152769583141488e-01
2.762621718379216773e-01
2.762092439556835810e-01
2.761564925469421339e-01
2.761039168510180386e-01
2.760515161111849469e-01
2.759992895746455899e-01
2.759472364925062982e-01
2.758953561197542981e-01
2.758436477152325650e-01
2.757921728273130535e-01
2.757409323345402785e-01
2.756902490378483339e-01
2.756397290989961446e-01
2.755893718507124168e-01
2.755392276410503771e-01
2.754896325825159087e-01
2.754406270749001906e-01
2.753928201568239809e-01
2.753451604840030376e-01
2.752976475062403061e-01
2.752507055377991785e-01
2.752045362668650852e-01
2.751591122356165098e-01
2.751139643943398272e-01
2.750689616321730369e-01
2.750247240423682182e-01
2.749806200038813486e-01
2.749366490125021989e-01
2.748928105661468946e-01
2.748491041648493116e-01
2.748056246132997704e-01
2.747624229009939523e-01
2.747196408114781496e-01
2.746779293998590776e-01
2.746363432059336640e-01
2.745948817479115789e-01
2.745535445462978785e-01
2.745123311238779062e-01
2.744712410057031926e-01
2.744308377241940766e-01
2.743905710310228785e-01
2.743504233580312812e-01
2.743103942538132056e-01
2.742708691843561142e-01
2.742318193931688741e-01
2.741930611206526147e-01
2.741546202009936817e-01
2.741162926607005890e-01
2.740780780714802134e-01
2.740402261814897100e-01
2.740028649474912092e-01
2.739664386967631815e-01
2.739301169165664906e-01
2.738938992274077000e-01
2.738577852514981203e-01
2.738217746127443730e-01
2.737858669367373987e-01
2.737500618507426320e-01
2.737150965673027514e-01
2.736809582355516079e-01
2.736469179768877824e-01
2.736130612901204184e-01
2.735794562545776909e-01
2.735459471044266455e-01
2.735125334917982154e-01
2.734792150704266622e-01
2.734459914956390292e-01
2.734128624243438166e-01
2.733798275150204349e-01
2.733468864277089350e-01
2.733140388239990171e-01
2.732812843670203162e-01
2.732487111241393984e-01
2.732163579718663304e-01
2.731841845972718952e-01
2.731525677034783439e-01
2.731210393878027998e-01
2.730895993326944438e-01
2.730582472220445256e-01
2.730269827411768713e-01
2.729958055768389458e-01
2.729647154171923606e-01
2.729337119518043253e-01
2.729027948716385432e-01
2.728719638690465521e-01
2.728412186377587867e-01
2.728105588728764741e-01
2.727799842708626965e-01
2.727494945295342865e-01
2.727190893480532230e-01
2.726889892061122866e-01
2.726594600333489549e-01
2.726303140918458490e-01
2.726013235393897061e-01
2.725724141392422695e-01
2.725435855987410894e-01
2.725148376265374983e-01
2.724861699325892284e-01
2.724575822281529169e-01
2.724290742257768905e-01
2.724006456392936704e-01
2.723722961838125345e-01
2.723440255757129114e-01
2.723158335326366086e-01
2.722877197734810961e-01
2.722596840183924005e-01
2.722317259887581664e-01
2.722038454072006064e-01
2.721760419975699508e-01
2.721486055232277823e-01
2.721216686196183399e-01
2.720948038319431217e-01
2.720680109163309823e-01
2.720412896299258532e-01
2.720146397308815245e-01
2.719880609783558723e-01
2.719615531325060842e-01
2.719351159544825536e-01
2.719087492064243272e-01
2.718824526514535544e-01
2.718562260536703246e-01
2.718300691781476153e-01
2.718039817909261302e-01
2.717779636590091363e-01
2.717520145503577456e-01
2.717261342338857522e-01
2.717005310136689777e-01
2.716750094004943827e-01
2.716495552935622726e-01
2.716241684667376477e-01
2.715988486948135994e-01
2.715736033418282291e-01
2.715485870046724926e-01
2.715236362383842694e-01
2.714987508262202698e-01
2.714739305523132806e-01
2.714491752016682247e-01
2.714244845601574974e-01
2.713998584145164150e-01
2.713752965523389959e-01
2.713507987620735751e-01
2.713263648330186961e-01
2.713020172756853698e-01
2.712780736373777146e-01
2.712541918903029203e-01
2.712306244168555813e-01
2.712071786214982350e-01
2.711837926606080473e-01
2.711604663420935646e-01
2.711373047861037611e-01
2.711142066338529388e-01
2.710913326915079802e-01
2.710689220234377972e-01
2.710465682817664312e-01
2.710242712867738102e-01
2.710020308594041083e-01
2.709798468212624711e-01
2.709577189946124065e-01
2.709356472023731754e-01
2.709137363189005887e-01
2.708920465576897252e-01
2.708704112090561389e-01
2.708488301036129919e-01
2.708273030725871222e-01
2.708058299478166009e-01
2.707845702384785724e-01
2.707636695936718740e-01
2.707428980069382929e-01
2.707222839201871012e-01
2.707017200989136341e-01
2.706812063927848677e-01
2.706607426519899162e-01
2.706403287272381997e-01
2.706199644697572793e-01
2.705996497312909699e-01
2.705793843640970642e-01
2.705591682209454452e-01
2.705390011551160878e-01
2.705190859543245563e-01
2.704993369542659787e-01
2.704797208605795311e-01
2.704603304278336839e-01
2.704409857193344480e-01
2.704216866048543833e-01
2.704024329545781091e-01
2.703832641399419034e-01
2.703642779690043629e-01
2.703453357593671447e-01
2.703264373904178397e-01
2.703075827418956467e-01
2.702887716938902063e-01
2.702700041268410458e-01
2.702512799215370798e-01
2.702326471219536619e-01
2.702140736012515476e-01
2.701955434463662042e-01
2.701770565362154874e-01
2.701586226681225167e-01
2.701406553977702130e-01
2.701227296564000513e-01
2.701048453299560448e-01
2.700870023047126645e-01
2.700692004672740065e-01
2.700514397045732373e-01
2.700337199038716496e-01
2.700160409527579408e-01
2.699984027391478247e-01
2.699808051512827545e-01
2.699633810606507089e-01
2.699464610112964347e-01
2.699297880787350778e-01
2.699131541123859224e-01
2.698965590004897552e-01
2.698800706940859828e-01
2.698636284163556942e-01
2.698472249284073476e-01
2.698308601175946619e-01
2.698145338716531616e-01
2.697982460786987335e-01
2.697819966272264613e-01
2.697659213652344734e-01
2.697501503368371356e-01
2.697344489453274430e-01
2.697188328876891084e-01
2.697032530308051124e-01
2.696877092701714940e-01
2.696722015016435048e-01
2.696567296214343323e-01
2.696412935261131572e-01
2.696258931126043756e-01
2.696105282781856016e-01
2.695951989204865007e-01
2.695799049374874023e-01
2.695646462275178568e-01
2.695494226892550804e-01
2.695342342217229015e-01
2.695190807242898168e-01
2.695039620966683813e-01
2.694888782389131543e-01
2.694738290514195889e-01
2.694588144349229220e-01
2.694438342904962869e-01
2.694288885195499361e-01
2.694139770238294096e-01
2.693990997054147019e-01
2.693842850883310103e-01
2.693698994449756356e-01
2.693555474897461055e-01
2.693412291238436174e-01
2.693269442488152587e-01
2.693126927665528969e-01
2.692984745792917911e-01
2.692842895896091493e-01
2.692701949157635943e-01
2.692563591936000811e-01
2.692426943420384577e-01
2.692290610400053796e-01
2.692154591981827938e-01
2.692018887275411942e-01
2.691883495393384562e-01
2.691748415451186704e-01
2.691613646567113660e-01
2.691479187862306222e-01
2.691345038460740136e-01
2.691211197489214446e-01
2.691077664077343723e-01
2.690944437357550845e-01
2.690811516465051456e-01
2.690678900537850637e-01
2.690546588716729026e-01
2.690414580145236711e-01
2.690282873969679356e-01
2.690151469339114310e-01
2.690020365405338398e-01
2.689889561322876821e-01
2.689759056248977598e-01
2.689628849343599359e-01
2.689498939769404129e-01
2.689369326691747886e-01
2.689240009278668908e-01
2.689110986700882222e-01
2.688982258131768499e-01
2.688853822747364619e-01
2.688725679726358120e-01
2.688597828250070543e-01
2.688470267502459654e-01
2.688342996670098906e-01
2.688216014942175769e-01
2.688089321510483409e-01
2.687962915569406808e-01
2.687836796315915544e-01
2.687710962949560467e-01
2.687585993469819856e-01
2.687461345371623955e-01
2.687336974321629102e-01
2.687212879566657220e-01
2.687089060355858372e-01
2.686967849856323753e-01
2.686847152873602651e-01
2.686726722580562998e-01
2.686606558258744504e-01
2.686486659191850146e-01
2.686367024665737291e-01
2.686247653968411586e-01
2.686128546390024185e-01
2.686009701222858426e-01
2.685891117761333713e-01
2.685772795301987759e-01
