1.273956260398189100e+00
8.102913030697062036e-01
7.558084357108780793e-01
7.312802887933488316e-01
7.325871003819209859e-01
7.140071637994714893e-01
7.177747097003522869e-01
7.062314896182397828e-01
7.160852546571528920e-01
6.911324937344600627e-01
6.751547204622689868e-01
6.594995001372032650e-01
6.142799355023002006e-01
6.374075419103557572e-01
6.240367282997381082e-01
6.052709760520598170e-01
6.059715991235462562e-01
6.038873937372799539e-01
5.817931541856443678e-01
5.719054213239171958e-01
5.507027805873918602e-01
5.277500430963437683e-01
5.411409056645047899e-01
5.579403179667046242e-01
5.417399817499349846e-01
5.492877485873519650e-01
5.017236754787706143e-01
5.171929454979043994e-01
5.357537743269683572e-01
5.333777218643590556e-01
4.915013795859803913e-01
4.875632109290259919e-01
5.099804157193011944e-01
5.038444298478897965e-01
4.846011295550450293e-01
5.056113059834299595e-01
4.712599277553727872e-01
4.797871420807811038e-01
4.703135639063088513e-01
4.809366116858043161e-01
4.989931045854438807e-01
4.678984197543752943e-01
4.443524679831422630e-01
4.437616130511197188e-01
4.426136992519703051e-01
4.552462661432852276e-01
4.735985139857652459e-01
4.490824756191207912e-01
4.499668398633858146e-01
4.227027710494573598e-01
4.155170796263175093e-01
4.342119782307536924e-01
4.007989763659814408e-01
4.287803854478594023e-01
4.509154961807568252e-01
4.290787756708521750e-01
3.958290059904933100e-01
4.205066079678141389e-01
4.111953732419464380e-01
4.135427993793319157e-01
4.391644691178117621e-01
4.084257709653897894e-01
3.899943353731995521e-01
3.785285801720251753e-01
4.045467082504833334e-01
4.048304516497341354e-01
3.914151409137686111e-01
4.074168675347406010e-01
3.844482334662561729e-01
3.799045968699757414e-01
3.586822759309207242e-01
4.097413155303795129e-01
3.731863257403484346e-01
3.733210029583203804e-01
3.841701305032117486e-01
3.674492815493913822e-01
3.750879279750129469e-01
3.550678842620894615e-01
3.762102261050985219e-01
3.868741982128491297e-01
3.684095363635516707e-01
3.674801959668036466e-01
3.504160989158027206e-01
3.364145861946588045e-01
3.547144451195414772e-01
3.411270472474491888e-01
3.572642880217182237e-01
3.551955472025831173e-01
3.365044521878998718e-01
3.545399490743195159e-01
3.611651962739029775e-01
3.552788114161564703e-01
3.755450542894862576e-01
3.469414404258846507e-01
3.570045118100877435e-01
3.679305485952131805e-01
3.558360196116052143e-01
3.354967999945989154e-01
3.344344454836374325e-01
3.624625070527809911e-01
3.785986754223510942e-01
3.611240021020713509e-01
3.481918715747687187e-01
3.474866870361765780e-01
3.335264179687980612e-01
3.321741968870759454e-01
3.283617185407866623e-01
3.182880560140222692e-01
3.309886605116680314e-01
3.394480712764367802e-01
3.448469565390560043e-01
3.460326441623290394e-01
3.627270859950323389e-01
3.158285978685666517e-01
3.477158324041489945e-01
3.555109082775702589e-01
3.261013775360486755e-01
3.319519643377194518e-01
3.234702708114841618e-01
3.227640028245772896e-01
3.253609437466800647e-01
3.181226814050642782e-01
3.476487595310213119e-01
3.297923459772791888e-01
3.280418654518317267e-01
3.119557314481208876e-01
3.328661353935043477e-01
3.241674891540785586e-01
3.138620738049322512e-01
3.111447674922636630e-01
3.327056733651642673e-01
3.167743685434218359e-01
3.339863645811754211e-01
3.274003507047053008e-01
3.211114831295190930e-01
3.321661381750346531e-01
3.023776679068602147e-01
3.278459905055874368e-01
3.086234693640821924e-01
3.675929184084049117e-01
3.100274785558375656e-01
3.226706750609209529e-01
3.399522240607938395e-01
3.079317994986261464e-01
3.410522489417646685e-01
3.234798944030221612e-01
3.388153788040859093e-01
3.312758496174511014e-01
3.234108779852498672e-01
3.258251481912468051e-01
3.058760895226768084e-01
3.163071583358153527e-01
3.277914480695001131e-01
3.276015041892245683e-01
3.351636955244204907e-01
3.304841174725117181e-01
3.166344395218512742e-01
3.371781695880369245e-01
3.401919522803002471e-01
3.206398821510192398e-01
3.102263432809335697e-01
3.377616767655432506e-01
3.098393826300721576e-01
2.956774578390286567e-01
3.046018705646623137e-01
3.118987660531586381e-01
3.099201565235416567e-01
3.043100653157617130e-01
3.204588781940971853e-01
3.193856188163594623e-01
3.177714219848310484e-01
3.201988507940686235e-01
3.243274417699995027e-01
3.012525528771045069e-01
3.230550098257790048e-01
3.304171131530403427e-01
2.780639595975313849e-01
2.876162381921552602e-01
3.066710579437016415e-01
3.269709935772979748e-01
3.193058573135899025e-01
3.144804683785135113e-01
3.342003589204871061e-01
3.137457271656804991e-01
3.354490322295539673e-01
3.203612337153374234e-01
3.076049602707047192e-01
3.319373610356390336e-01
3.046835046338999820e-01
3.052133174590032638e-01
3.165387688295902557e-01
3.324533619002414953e-01
3.150164934743736045e-01
3.180992195092970376e-01
3.162918891807198762e-01
2.915382828542577576e-01
2.975195205771469786e-01
3.030362029823482350e-01
3.317640908840987501e-01
3.011623518934293808e-01
2.953940040229441344e-01
3.266757247285865251e-01
3.067962441599750845e-01
3.128945409913581055e-01
3.113715338967185664e-01
3.141042473315322492e-01
3.282386862401725502e-01
3.141871834768047989e-01
3.051969210851799841e-01
3.109878477740560254e-01
2.843872217780338829e-01
3.024823495091145675e-01
3.287106197558990472e-01
3.309777056786977756e-01
3.197959583215390089e-01
2.902452183891069959e-01
3.248827960417526861e-01
3.195990032673254877e-01
2.917689088778804285e-01
2.804554244451434863e-01
3.238231241238992975e-01
3.122677472097848961e-01
3.044749349685584305e-01
3.136373826279014732e-01
3.051520188205666950e-01
2.982107089308531078e-01
3.197802259354791121e-01
3.018025641904636958e-01
3.042658401064551876e-01
2.968355717445537167e-01
2.851014614410955494e-01
3.262243133239425830e-01
3.149547557148293375e-01
3.129086158950694641e-01
3.045094579004303803e-01
2.968632937680524830e-01
3.061477598421235569e-01
3.172274629003203339e-01
3.305452824500474951e-01
2.957150057806972043e-01
3.046351493229318974e-01
2.989470375449636008e-01
3.077777387650836860e-01
3.215233470644794367e-01
3.047063840854394301e-01
2.870813497660290037e-01
3.099525732797857036e-01
3.284640579121798076e-01
3.029597063609973939e-01
2.817332144855309028e-01
3.376551778126115622e-01
3.140754827173158903e-01
3.045820728916918685e-01
2.953241753359711619e-01
3.210285084229235197e-01
3.072552231024817671e-01
3.151354178688728913e-01
2.924375579783608514e-01
2.976430122103072007e-01
2.776550985954693851e-01
3.051254396437653171e-01
3.237707201226560083e-01
3.168690516720799044e-01
3.031845751105839981e-01
3.064227242985438915e-01
3.131315922670656060e-01
3.207509661035665705e-01
3.267983322172543503e-01
3.007478296169786014e-01
2.870471779957627367e-01
2.983557405174074306e-01
2.924429397046738877e-01
2.894158376362770957e-01
2.934411122103760539e-01
2.902742856032975438e-01
3.126143006824030346e-01
3.078597470431588268e-01
3.032985046543706931e-01
3.018974863086092975e-01
3.172703889986664416e-01
2.878854006476138094e-01
2.816460780789523111e-01
3.089636755329001616e-01
3.040199207593202169e-01
2.735033278135046153e-01
3.074694449832408027e-01
3.195303008882233176e-01
3.111469872198475151e-01
3.203504627562570595e-01
3.103884406333263790e-01
2.819386159325992236e-01
3.246267211754446103e-01
3.139928721374494192e-01
3.148844207746825385e-01
3.007062219106124146e-01
3.094998253948357259e-01
2.970236520882294506e-01
3.071976850271122550e-01
2.966001857557712951e-01
3.035094564767044645e-01
3.036630022458537970e-01
2.955290240282397174e-01
3.090019471025624576e-01
3.062838366183687766e-01
3.261811734872873125e-01
2.992077621195362025e-01
3.264278645120765043e-01
2.890834541879813702e-01
2.983361230440873535e-01
2.983796700170017191e-01
2.957369308976413591e-01
3.075179253375531774e-01
3.133396098637455940e-01
3.004426776475319638e-01
3.111146842219678632e-01
2.990673717125568176e-01
3.300824555320673870e-01
3.105613858019756757e-01
2.997618535655930394e-01
3.387214423641684569e-01
3.145113545622195694e-01
3.201986452846494191e-01
3.042551774029336742e-01
2.886892157418118332e-01
3.222039187859181419e-01
3.085382163778960241e-01
3.147052687837716412e-01
2.925023775786773639e-01
3.044851687138176444e-01
3.092865324485069012e-01
3.016018785430010229e-01
3.036780215469973565e-01
3.013368955656342552e-01
2.829750602801710535e-01
3.017911952918823082e-01
3.031977153677303249e-01
2.896815852062450958e-01
3.111366300444994848e-01
3.171749558741683295e-01
3.009598495962991227e-01
2.848653259257475368e-01
2.954142369212003905e-01
2.974213276769757663e-01
2.987060346402769517e-01
3.061748951874765923e-01
3.076885192634793431e-01
2.933025139363977796e-01
3.084842466107098335e-01
3.003933735614428002e-01
3.193688658374763123e-01
3.219047186131083205e-01
3.037160616840287042e-01
3.117355584142803560e-01
3.176880251329641247e-01
2.906204951923861968e-01
2.825385034788641669e-01
2.995989510872875128e-01
2.878339960666607134e-01
3.138108318238481131e-01
2.841416958302895868e-01
2.967974101517711349e-01
3.014286724829429720e-01
3.095805102302993661e-01
3.141843602974297434e-01
3.079700625567302064e-01
3.120566067405070587e-01
2.884519311528131458e-01
2.961736441457077373e-01
2.871117324876601429e-01
2.944570850275860519e-01
3.342496261216996167e-01
3.150639134938050812e-01
3.090444240243663265e-01
3.066511214782654537e-01
2.852042208868960649e-01
3.112890796793252313e-01
2.810459640572866569e-01
3.074710343520848932e-01
2.816860158732389374e-01
3.267961696102861247e-01
2.808008180646422991e-01
2.688843619204269175e-01
3.078380986878606063e-01
2.932400652179449341e-01
3.095910768388118184e-01
2.926091067736027451e-01
3.173247851993122315e-01
2.900047509307491223e-01
3.235366763994787509e-01
2.893815287341863218e-01
2.944286544957673835e-01
2.941283048573043457e-01
2.930592165594453902e-01
2.962625959987161273e-01
3.003990497373200674e-01
3.011088631642077629e-01
3.291812429820540897e-01
2.904866330237305116e-01
3.105963810733371466e-01
3.165478450849962266e-01
2.991668125440571369e-01
3.161024438015781479e-01
2.835397546865459084e-01
3.388078656403586963e-01
3.146330214188497454e-01
3.106364145835914248e-01
3.123171183982444421e-01
2.933386898029956558e-01
3.273508922454368419e-01
3.045407012212534847e-01
2.953938229736300380e-01
3.083850065157490161e-01
2.727823214401324803e-01
3.097181533498629680e-01
2.817136931371445607e-01
3.281181762245490852e-01
3.192101708882412181e-01
3.181894758930498557e-01
2.918049474040849689e-01
3.233600103186426988e-01
3.130434699226499751e-01
2.836909485829395283e-01
3.160122213811917824e-01
2.964180561716621143e-01
2.881080322353299361e-01
3.385251810607408096e-01
3.062311336771738057e-01
3.035719695760956127e-01
2.982372033809324585e-01
3.019025923269440526e-01
3.136104496160043720e-01
3.137221713831045977e-01
3.178854255949277174e-01
3.192185419794485446e-01
3.048175968417660142e-01
3.044890783838932191e-01
3.044525918219364025e-01
2.892659960627722571e-01
3.195390939194128199e-01
3.160499249321786497e-01
3.090811753497609282e-01
3.018568336575509492e-01
3.097877044653346013e-01
3.058428392641949212e-01
2.796758801424889529e-01
3.049255669437340166e-01
2.853735912110470507e-01
3.095432484452394495e-01
3.169672254987909721e-01
3.087259664793394753e-01
3.190300544848311270e-01
3.027465737423115644e-01
3.023834561951663780e-01
2.801460689402517357e-01
3.289725638461451496e-01
3.098295724546941132e-01
2.720458586373391552e-01
3.207561231274780877e-01
3.010964427454609349e-01
3.045294399095854199e-01
3.046320096249351961e-01
3.078308827661765390e-01
2.916421574602431344e-01
3.080905777627105380e-01
3.136248927270685050e-01
3.043395165870922958e-01
3.127141597733029688e-01
2.925252569134276781e-01
3.207152376319784004e-01
2.956264526072303056e-01
2.968833853663548905e-01
3.179292838438271263e-01
3.253258797924384327e-01
3.197697198656005990e-01
2.874066789972019031e-01
3.123624899987033077e-01
3.277633209074791720e-01
2.904960668061875029e-01
3.245957951366337246e-01
3.077752272727856675e-01
3.046488989423870586e-01
2.646146970760723249e-01
3.106983830786231304e-01
3.126277230722367961e-01
3.206931991235680846e-01
3.225436287627881371e-01
3.150922077751017181e-01
2.992541398250865847e-01
2.864638108881351619e-01
3.064207095342769138e-01
3.101007606650936776e-01
3.105157690038399254e-01
2.839614325576301779e-01
3.065931789438223753e-01
2.934737052995009532e-01
3.030048879048041210e-01
3.239351892696427648e-01
3.204936936497740918e-01
2.938351763783744186e-01
2.779093011412736014e-01
3.078739171979866240e-01
2.955298270036202379e-01
2.927851946437246555e-01
3.153362693328070065e-01
2.943307548997873280e-01
2.920548978766568937e-01
3.332135922659555938e-01
3.057632701374655704e-01
3.018620082626407020e-01
2.935587693258897013e-01
3.182903822126160742e-01
3.043773267608854693e-01
2.829723974076579496e-01
2.975133811836031539e-01
3.257031924842215265e-01
3.181266487183384561e-01
2.889545049868640914e-01
3.159300589187348240e-01
2.960489007349265123e-01
3.132594957058730811e-01
3.144280920652812172e-01
3.064813456624669308e-01
3.025359914429359143e-01
3.156113941682081592e-01
2.944534308554568325e-01
3.149420092865566900e-01
3.165148762208616073e-01
3.059330465658887666e-01
3.223424501035732082e-01
3.273238270832167229e-01
3.037755766065216578e-01
2.922294434475801173e-01
3.009844345078080408e-01
3.209613337819400281e-01
3.065438112231636536e-01
2.767166091234233294e-01
3.235109882821629590e-01
3.168109156624557832e-01
3.073743659469659883e-01
2.884716602062337709e-01
3.035845596952891912e-01
3.195974369656283676e-01
2.907359034257157027e-01
3.165448587059481733e-01
2.923785868806333954e-01
3.264588590613369812e-01
3.199269636713720777e-01
3.320363575971549408e-01
2.942917717316677617e-01
2.975329712171114749e-01
3.076003121555903608e-01
3.088752089146954982e-01
2.992933411657965892e-01
3.068417079220674970e-01
3.056855894969058296e-01
2.952971311766461326e-01
3.151088022194473703e-01
3.080920725580869046e-01
3.003020777909040651e-01
2.945997517814231692e-01
3.131413086084222641e-01
3.040482351321475152e-01
3.099785300639649743e-01
3.066830432945591434e-01
2.922220975720019043e-01
3.185436859032323431e-01
2.824275338906843680e-01
2.958873446024312681e-01
3.007750642050239231e-01
3.022958871612118070e-01
2.950159831622906070e-01
3.293810822162561158e-01
3.193057094397088180e-01
2.979275975919277175e-01
3.177720757535913432e-01
3.079235611971687936e-01
2.919932822471344447e-01
3.055055638999514822e-01
3.117863222478468033e-01
3.114874269534519402e-01
3.195773084267732878e-01
3.010534334661812417e-01
3.127018839434782538e-01
3.080032464141440052e-01
2.872789242205645577e-01
3.016783859664854961e-01
2.846251388415400596e-01
2.960812440525862899e-01
3.023339419717490650e-01
3.038942044947703369e-01
2.870411570228874054e-01
3.394962776001905769e-01
3.084089108365808407e-01
2.996454365407752451e-01
3.037463915346267362e-01
3.015449648330425503e-01
2.946491821853572390e-01
2.815108352093069199e-01
3.253585557022398711e-01
2.982778454094857090e-01
