4.340137596965900624e-01
3.910141441437126608e-01
3.833768518939010828e-01
3.454273835750812371e-01
3.528879355744252155e-01
3.682719837834275145e-01
3.564852648035496396e-01
3.720937687905481739e-01
3.539683282904089734e-01
3.424213078817751055e-01
3.536249192063890545e-01
3.434870394126989801e-01
3.453377979985123858e-01
3.345999096175562570e-01
3.719423565238750840e-01
3.420816041725069367e-01
3.603842144185727125e-01
3.532558755161104846e-01
3.244685841928216519e-01
3.528660657765341768e-01
3.459355049458017195e-01
3.430899118015356408e-01
3.538644495298961523e-01
3.491727833865667652e-01
3.542281400120230184e-01
3.451801452809949988e-01
3.625161258603933900e-01
3.315337588044411365e-01
3.398385195292979999e-01
3.393354426527925294e-01
3.282539715940183123e-01
3.483035904124796023e-01
3.573457044134804583e-01
3.429646842435423726e-01
3.667406959323447624e-01
3.365841694196369804e-01
3.380326935196554250e-01
3.360115926112892115e-01
3.481840468876518657e-01
3.491802948193755696e-01
3.445016432305594845e-01
3.400814746415653511e-01
3.454184362193712943e-01
3.502598508037992886e-01
3.318295708224160423e-01
3.021210612643541737e-01
3.299794878035137158e-01
3.400032580788358572e-01
3.361261009439447389e-01
3.511988505683165118e-01
3.434959300210275734e-01
3.459162334750970347e-01
3.520118477798792056e-01
3.336616532411399993e-01
3.553998215061957011e-01
3.361495577586744443e-01
3.139003006898197778e-01
3.363901534343751720e-01
3.312343586024848463e-01
3.249581440719402359e-01
3.296220801330930761e-01
3.659746482942416446e-01
3.427971947543642650e-01
3.656458252508608675e-01
3.379988162475985325e-01
3.358982135736758301e-01
3.287917003285397155e-01
3.124499927441383718e-01
3.585543689437545312e-01
3.405886058132504557e-01
3.318907851258309227e-01
3.258386785463941449e-01
3.303960606064553218e-01
3.342274141065940118e-01
3.331294692452054784e-01
3.431730327753447218e-01
3.461565439796578936e-01
3.339508216375353666e-01
3.360473472679570417e-01
3.302770971089959429e-01
3.547787253966539489e-01
3.320257303210275013e-01
3.485765306324029589e-01
3.349882467936419195e-01
3.483621328973641740e-01
3.282910122456276225e-01
3.279183984286423437e-01
3.406370910199362778e-01
3.312814531100489179e-01
3.169299612980324143e-01
3.323765125060795800e-01
3.189769055501056605e-01
3.339773880961965369e-01
3.260169673718055772e-01
3.477390631749738281e-01
3.278583819940890653e-01
3.154243237200972105e-01
3.487873149732715339e-01
3.340567554586249543e-01
3.223641839403953990e-01
3.324244716745794470e-01
3.287932351115043783e-01
3.705121623034391964e-01
3.427714814854095904e-01
3.349326538899699002e-01
3.125802293172202373e-01
3.377192655271746835e-01
3.366428645847244217e-01
3.257146045390427180e-01
3.294391859370923714e-01
3.132022750020047042e-01
3.299788617943104074e-01
3.438275690923142669e-01
3.442625026122636545e-01
3.332682660760644122e-01
3.260274378812341167e-01
3.403598476851745769e-01
3.217935368812555041e-01
3.354970492036301599e-01
3.183898122490219085e-01
3.228892151632568042e-01
3.552548288119614650e-01
3.493086424480051355e-01
3.301300845689524865e-01
3.451604001710077974e-01
3.390337703852279727e-01
3.505235235561748319e-01
3.739851624872521652e-01
3.297063036402549940e-01
3.451199412952651313e-01
3.089391598206373546e-01
3.525850705363661186e-01
3.453616874905379719e-01
3.330619281540243004e-01
3.385069580072837536e-01
3.367783316540938210e-01
3.420792959697774305e-01
3.293895435012509920e-01
3.271984135672776350e-01
3.370351327557601362e-01
3.498395581387632736e-01
3.195098800865321942e-01
3.454044724839465119e-01
3.303587990946834640e-01
3.183841539434400514e-01
3.314747490969625621e-01
3.237618857372653869e-01
3.297138609605621551e-01
3.323991496898256459e-01
3.326097613085953753e-01
3.378123039953345175e-01
3.295395899868881484e-01
3.363269031368277262e-01
3.480362576399795294e-01
3.390910020892898835e-01
3.353416367969215273e-01
3.315033458876010530e-01
3.300005308434986184e-01
3.381588677266610943e-01
3.250340637052923642e-01
3.371452361102020845e-01
3.393539087554016676e-01
3.455116109371149102e-01
3.415534210863412357e-01
3.323256083116294390e-01
3.376626311829513116e-01
3.405649887108199714e-01
3.185768334549234360e-01
3.420066443873190920e-01
3.295013568619698519e-01
3.416991188949449754e-01
3.428835087644541701e-01
3.258639940663919377e-01
3.128963310881295867e-01
3.148203015803348048e-01
3.246397912364047955e-01
3.365807663031374353e-01
3.337794000813629203e-01
3.352188159314294924e-01
3.433089710027465991e-01
3.262911778727324297e-01
3.161071309923062511e-01
3.213057485442200600e-01
3.365681718675841982e-01
3.329937635462283940e-01
3.382156328985767013e-01
3.265204809196300406e-01
3.234847935200239055e-01
3.242473706960241620e-01
3.312805314100721876e-01
3.427281488411124677e-01
3.357766475320413391e-01
3.366191936375835247e-01
3.232499616696031253e-01
3.235455495972164308e-01
3.692004231982299323e-01
3.504938299353491660e-01
3.460316718883358900e-01
3.239989955771839791e-01
3.227884167292487949e-01
3.133774606455698164e-01
3.379098848015328338e-01
3.374168045479757350e-01
3.430107160914699915e-01
3.316216314331526527e-01
3.197558735501172533e-01
3.367138474503369450e-01
3.469048880356980225e-01
3.134635388067193995e-01
3.408409972570592417e-01
3.243809206193966621e-01
3.305391263583395967e-01
3.288565540817368626e-01
3.270625104580959230e-01
3.386273975446028595e-01
3.256681546086821477e-01
3.249853525724453740e-01
3.345429206537040012e-01
3.144830877195786134e-01
3.346099465791141925e-01
3.517556764952441406e-01
3.284339033641228700e-01
3.137394878821946897e-01
3.342959124964309248e-01
3.169523557627920152e-01
3.372725288060368087e-01
3.468268193453067916e-01
3.260464372963448598e-01
3.411380985115337050e-01
3.283523123047316639e-01
3.398760784383518807e-01
3.531162736243635969e-01
3.246877944950945505e-01
3.327752479104917338e-01
3.366368212994699793e-01
3.479525866880174290e-01
3.379708777550236576e-01
3.268637567072861239e-01
3.363189214272953032e-01
3.203451908063024156e-01
3.289024738214864629e-01
3.349239902281269110e-01
3.275838145134404300e-01
3.339578508633364584e-01
3.462668517866021034e-01
3.313091802239079842e-01
3.219910268876018389e-01
3.519874168859264407e-01
3.190775882880056424e-01
3.308707055262835039e-01
3.460290484336258077e-01
3.225994867977123315e-01
3.146255472542441312e-01
3.241167243115545826e-01
3.129072285191587532e-01
3.199443875186624986e-01
3.521009966494108578e-01
3.320189337185413536e-01
3.321182178092050297e-01
3.189742458581071305e-01
3.394157724473120252e-01
3.403702144147868203e-01
3.306960590284561685e-01
3.190124950988469932e-01
3.407081075867687270e-01
3.199673950487016416e-01
3.114710964522635073e-01
3.405692484283908694e-01
3.261588907745045507e-01
3.193650712069827646e-01
3.322100438866838479e-01
3.343574925710506296e-01
3.253377840621320960e-01
3.184758066839704638e-01
3.257577946784054324e-01
3.428668287844948703e-01
3.099405393357684835e-01
3.180519652575227729e-01
3.294301426159984003e-01
3.221652169710690905e-01
3.286827620125832849e-01
3.235714865792282402e-01
3.462463884020319793e-01
3.384217010932070169e-01
3.463520683937301725e-01
3.172017314523756237e-01
3.241262033592757219e-01
3.408153269171279587e-01
3.315832019080951487e-01
3.278196640403805984e-01
3.175458067491365166e-01
3.360081869485196937e-01
3.343950291456420643e-01
3.304086593558052121e-01
3.412537744561872644e-01
3.228438152914722137e-01
3.424964847837781434e-01
3.151654184582698970e-01
3.262721822675641592e-01
3.395934502909670472e-01
3.245042874027111446e-01
3.206901963167083647e-01
3.175474930252017436e-01
3.394611773954828715e-01
3.340855572300715504e-01
3.273258759706917376e-01
3.533438194274667321e-01
3.291573430340374862e-01
3.406882587522370165e-01
3.325113420587840207e-01
3.478254974132603539e-01
3.474916688863462499e-01
3.171062707436120842e-01
3.558635799840946801e-01
3.471661975593081650e-01
3.208304446987778613e-01
3.266809525873835551e-01
3.176707303465674537e-01
3.335965394163749043e-01
3.226460179224136526e-01
3.314482173355260963e-01
3.290624089586455248e-01
3.642088468464215190e-01
3.230543642625356981e-01
3.274194789758585467e-01
3.224954194035642430e-01
3.246087934976997214e-01
3.261812830938696783e-01
3.182078019995029927e-01
3.255056723233536453e-01
3.587691864113826123e-01
3.376405860683587834e-01
3.279415317283778664e-01
3.268397677190262307e-01
3.329029401278843503e-01
3.318529088432391472e-01
3.472860198004416588e-01
3.156990248373534591e-01
3.308526941454199011e-01
3.184623202909158679e-01
3.493839851748005154e-01
3.322308899230382306e-01
3.388600601502222420e-01
3.351357022987307421e-01
3.517190682634980248e-01
3.544697740992500679e-01
3.312871384805572417e-01
3.398013181261985705e-01
3.335629854430757213e-01
3.126281497593467185e-01
3.518286191773645211e-01
3.396056661407376720e-01
3.209208557183744759e-01
3.450965087435048928e-01
3.290345852899881351e-01
3.281548332995318229e-01
3.249911098829354472e-01
3.341641711921031765e-01
3.461422503220129565e-01
3.345178009942200159e-01
3.317024220267626444e-01
3.382819550276010556e-01
3.483814391684276757e-01
3.326736339077829285e-01
3.264903812722720899e-01
3.298557428797371238e-01
3.458791292405722917e-01
3.263072283655147898e-01
3.280661651816108582e-01
3.297087805436683672e-01
3.388018434461563810e-01
3.409026051690910442e-01
3.259756500951617730e-01
3.440262922286989045e-01
3.387571598401701300e-01
3.388602641197556165e-01
3.249226427921111937e-01
3.342208964022323481e-01
3.336961523343677238e-01
3.392954857330707785e-01
3.130089366620067981e-01
3.443156844864110333e-01
3.362393425692784543e-01
3.283473518572944116e-01
3.229434151085611715e-01
3.295851471646527031e-01
3.178443246832889368e-01
3.343647788408323773e-01
3.291674421877802126e-01
3.401911357751350451e-01
3.202727982195181511e-01
3.305025870594524573e-01
3.268851090090620914e-01
3.270220010824814172e-01
3.289381721689207949e-01
3.306290094571044391e-01
3.358976220844394622e-01
3.233586110992466844e-01
3.380463900455750736e-01
3.226228078767820473e-01
3.230175357115300239e-01
3.301601227090502633e-01
3.198215158381484402e-01
3.320963876830660411e-01
3.268223061689236042e-01
3.431607419410521165e-01
3.301710320257292275e-01
3.273634131250632850e-01
3.166777919737918112e-01
3.230704810516020764e-01
3.244471338816078965e-01
3.318478923605996944e-01
3.298470777444234558e-01
3.290733926983636648e-01
3.357659414902512407e-01
3.105520020273412896e-01
3.246639940929870183e-01
3.368712696976008947e-01
3.300721010244331843e-01
3.301213735113873726e-01
3.304500514059600658e-01
3.239325043115434677e-01
3.278217633167462841e-01
3.153479247688683040e-01
3.222883994292564114e-01
3.273260268840553211e-01
3.390457145635040748e-01
3.334920738434709597e-01
3.459749426856597587e-01
3.481147994846153781e-01
3.247838124813361427e-01
3.358916318441191318e-01
3.392527777123530153e-01
3.464611766645225854e-01
3.335853952566535385e-01
3.305522487200945880e-01
3.216592501393413794e-01
3.498720137822527443e-01
3.178772110837947973e-01
3.375817256472646855e-01
3.251692410605688255e-01
3.402069539831371059e-01
3.253878728702317424e-01
3.231008240398008380e-01
3.239969936858081989e-01
3.449354028747294576e-01
3.234260113491860267e-01
3.361610316233106799e-01
3.150444035478096039e-01
3.185425339586388516e-01
3.319195516019045611e-01
3.236346775290043221e-01
3.293344395066087338e-01
3.215950305657472863e-01
3.172014424472465732e-01
3.368600154794438861e-01
3.345266399457171858e-01
3.178365128168371134e-01
3.341961769508146052e-01
3.186210793916415818e-01
3.182995323218547612e-01
3.346140144456255516e-01
3.491967164943588497e-01
3.275842211311604246e-01
3.334395750288303706e-01
3.307614589022876972e-01
3.255110179085679012e-01
3.346186015868772845e-01
3.470923534232103758e-01
3.413202204092059544e-01
3.253476877309348647e-01
3.111849736971064040e-01
3.385253265242075260e-01
3.259365383964802354e-01
3.477457925380093573e-01
3.319989034118271953e-01
3.318254885984585623e-01
3.209506050950907685e-01
3.269541706970112704e-01
3.379243265108302086e-01
3.284233714150958661e-01
3.186551283299761117e-01
3.413572646971017033e-01
3.307813523954545309e-01
3.104579077412190635e-01
3.240133718706533217e-01
3.369994334020407489e-01
3.416828701247970890e-01
3.421823450567134106e-01
3.129092114598439611e-01
3.420247453833551443e-01
3.236693957020690404e-01
3.441122228099277036e-01
3.186570936589371295e-01
3.271895992042860857e-01
3.465042797127192986e-01
3.480935590082592235e-01
3.177711151533796907e-01
3.350153698448231077e-01
3.400200475857914073e-01
3.311577586897802572e-01
3.313711583896823409e-01
3.279599596363598213e-01
3.289301667001280904e-01
3.184153866910421904e-01
3.475629530113085730e-01
3.424937786703646792e-01
3.243376689346736952e-01
3.360166933948265378e-01
3.101841460414833662e-01
3.416536834749260287e-01
3.339261476210473312e-01
3.102229205044818028e-01
3.338830952420004383e-01
3.382664855325622777e-01
3.388733193884752026e-01
3.237221305451502551e-01
3.213751880168487784e-01
3.398424771043376813e-01
3.404524568946397656e-01
3.183399700694456436e-01
3.557243864640686759e-01
3.187884066943843520e-01
3.325784107774752973e-01
3.356113867387575667e-01
3.488881276511762719e-01
3.064584705276514609e-01
3.235716699371122829e-01
3.266631390418714420e-01
3.317794155816358725e-01
3.157803673864343907e-01
3.478974961529308629e-01
3.318257322970024625e-01
3.366614519551838769e-01
3.367322060125563232e-01
3.391697805641500918e-01
3.150922405460371833e-01
3.224960228926286865e-01
3.425292802362017719e-01
3.401645055555095887e-01
3.419138817397777141e-01
3.231005822224016777e-01
3.515660839208414878e-01
3.400237029349553741e-01
3.316194085710760797e-01
3.328272223824082499e-01
3.437248695956940381e-01
3.387105948268999689e-01
3.041590022031850915e-01
3.351966234342386164e-01
3.347065569351035941e-01
3.178751164497988779e-01
3.476968821243074936e-01
2.965193981763675768e-01
3.331526870463396017e-01
3.266639080269492235e-01
3.063185523619700867e-01
3.224842096105821065e-01
3.281562272815046200e-01
3.243803400436062745e-01
3.413307334041750241e-01
3.343293039873896366e-01
3.120977993509901349e-01
3.533537700521153235e-01
3.306977960595868238e-01
3.406130065365991499e-01
3.283650678550864566e-01
3.167441658605130161e-01
3.386260215714255728e-01
3.257899441469528368e-01
3.276962420588978575e-01
3.497068522968763693e-01
3.475213664492262100e-01
3.329217587136813483e-01
3.322991040219557823e-01
3.341613675729183108e-01
3.516730383622562739e-01
3.300879274815731734e-01
3.231595052434958482e-01
3.350555799002714608e-01
3.275334583990522352e-01
3.244167440908564681e-01
3.327732796482937294e-01
3.381621436976786632e-01
3.404421980801119463e-01
3.353019292875035751e-01
3.271152024000873459e-01
3.211500157258349586e-01
3.259056568820043465e-01
3.340993131880401479e-01
3.529472462268166688e-01
3.355707957774202166e-01
3.157642201396300141e-01
3.199035832671869306e-01
3.231097657377671184e-01
3.367645552497470218e-01
3.306975847813974911e-01
3.331668692126220632e-01
3.290133520515755583e-01
3.482012398302863354e-01
