1.176671364455829316e+00
7.774889844855784604e-01
7.288692927706111879e-01
6.927984835891902726e-01
6.839035015948348173e-01
6.345771643394734207e-01
6.307210200049275794e-01
6.235335140520027464e-01
6.175070658789685307e-01
6.130114428788937531e-01
6.022137169500925147e-01
6.232723010597801538e-01
6.057903518875149551e-01
5.716046947210390305e-01
5.730838048253392714e-01
5.954404462096577477e-01
5.611368040081714526e-01
5.541490644172732960e-01
5.685325803323123539e-01
5.524436855624945686e-01
5.674704395440378635e-01
5.336535687483373591e-01
5.242590391573291875e-01
5.394192715316999953e-01
5.164029523035107427e-01
5.183162530650595734e-01
4.911996658867998078e-01
4.973620365560308398e-01
5.096263233015406735e-01
4.847027930421294317e-01
4.983686197699415121e-01
4.976278167935536123e-01
4.745907483270900284e-01
5.042714296950046027e-01
4.764449822306202620e-01
4.857886473036501229e-01
4.629817902352178494e-01
4.799367735414897806e-01
4.613706063807125335e-01
4.730316348222729506e-01
4.560059167474622144e-01
4.506222672707964061e-01
4.782177111978965778e-01
4.544797349770497430e-01
4.403881985955785394e-01
4.414408024697679123e-01
4.405479205072040383e-01
4.503719811409779283e-01
4.204599850655977300e-01
4.388626131190146440e-01
4.156657112560508960e-01
4.479940856652983583e-01
4.375918417435626928e-01
4.186293253104930723e-01
4.335606204591654911e-01
4.141016036922586241e-01
4.279992893239055740e-01
4.154537354485041134e-01
4.344031514017889783e-01
4.055884874679259178e-01
4.307150422559797298e-01
4.049224312168463458e-01
4.081605476452396242e-01
4.440068664329768211e-01
4.362017328619188783e-01
4.114090044466258700e-01
3.945535119466463403e-01
4.052918181679413534e-01
4.209302059408515095e-01
4.123054275769315047e-01
4.133044159138528628e-01
3.990264977885519260e-01
3.789105569893526648e-01
3.895667043274964048e-01
3.715438824790253114e-01
4.080143153872829997e-01
3.921866232048207279e-01
3.602982350642928155e-01
3.689914403545752619e-01
3.875078767318757000e-01
3.761104723953145879e-01
3.789128212559005338e-01
3.907603017472051077e-01
3.808736936799231865e-01
3.834855476119614637e-01
3.975761362952799360e-01
3.810435451981283861e-01
3.814803170247497710e-01
3.695249935563342247e-01
3.688331627375022181e-01
3.757975307434185952e-01
3.792052833508653409e-01
3.708859929398568567e-01
3.559737458530500276e-01
3.761822991751850309e-01
3.604311829249379762e-01
3.623209350069627743e-01
3.639020569915856207e-01
3.667362080115196821e-01
3.807996789069135191e-01
3.479152591579066645e-01
3.806731942731885199e-01
3.524344563756723892e-01
3.411258153022876383e-01
3.552455066609859213e-01
3.832760316059422023e-01
3.418066777111528620e-01
3.451843109815873611e-01
3.542338091169697223e-01
3.580466025185251033e-01
3.514391714073547557e-01
3.832897212585772984e-01
3.715313621873397865e-01
3.642518578567225940e-01
3.636990816543527183e-01
3.733305902771390516e-01
3.440310634693899972e-01
3.490216224439823267e-01
3.492265803518728173e-01
3.608787217835512928e-01
3.720983665223769332e-01
3.456913258619047635e-01
3.669837049884548952e-01
3.575308550577144806e-01
3.621063936852202403e-01
3.502685394364977167e-01
3.462157560277368540e-01
3.723567832233571906e-01
3.381497468464113587e-01
3.808349624760070662e-01
3.710856750886923350e-01
3.648982009918905756e-01
3.614048122935336060e-01
3.467979069398159919e-01
3.574797990292516436e-01
3.591016533064680383e-01
3.669777963320801084e-01
3.445986638517131717e-01
3.637023541497730328e-01
3.283276649964290694e-01
3.615459795308441637e-01
3.329869152382727293e-01
3.529312532669001135e-01
3.649772760652191805e-01
3.519129735960088157e-01
3.273172748597867887e-01
3.653116242278832138e-01
3.667957757783644190e-01
3.375859904299119418e-01
3.330043981219315552e-01
3.363428742405836780e-01
3.445079711898116348e-01
3.501527991318321154e-01
3.263366726211580637e-01
3.522411097260417234e-01
3.551461044361668429e-01
3.417542005163957675e-01
3.595471444249189741e-01
3.410010745012828082e-01
3.558133827828249829e-01
3.644490682221996347e-01
3.482938757563850962e-01
3.379807470822051574e-01
3.566273445629272731e-01
3.428575858612181171e-01
3.223015184816536149e-01
3.325190071949514770e-01
3.543397704602791465e-01
3.260691521382096947e-01
3.320969961565401474e-01
3.336772408489933062e-01
3.533692538448414133e-01
3.432719209967611818e-01
3.398668840537221736e-01
3.390905856786350370e-01
3.439885958460049964e-01
3.465157002293583477e-01
3.630881021531304209e-01
3.289909259509605777e-01
3.353009030740101704e-01
3.520129287016983133e-01
3.491271221740032127e-01
3.620234167107335144e-01
3.460188504730852821e-01
3.475811747934616780e-01
3.457797064386474717e-01
3.346857011985676644e-01
3.363929280100608210e-01
3.414773652329350928e-01
3.354844332970601251e-01
3.446574601068750909e-01
3.479129000012916029e-01
3.545535971068141112e-01
3.565732913460917253e-01
3.320497847998226670e-01
3.454442340960938718e-01
3.382512299884202212e-01
3.596679794059227109e-01
3.439229245969430138e-01
3.413752844542867759e-01
3.183348212645460418e-01
3.514556401898182303e-01
3.524242141261151318e-01
3.606832773632704381e-01
3.167130313199900682e-01
3.394436339788399204e-01
3.390049605782773923e-01
3.359590312314281735e-01
3.598432873097378581e-01
3.375721319013639254e-01
3.314718676538544462e-01
3.600242142059471018e-01
3.463757484825384370e-01
3.367624954333250376e-01
3.236293761795207002e-01
3.385450974214742059e-01
3.534377012734103429e-01
3.334120404797663584e-01
3.533845161964753734e-01
3.443412029951028464e-01
3.297190881270670726e-01
3.395822732162978586e-01
3.516369699315556319e-01
3.565217650053650322e-01
3.450557944093062823e-01
3.319402310676233814e-01
3.452961635136495011e-01
3.424754049666074440e-01
3.502894201840352495e-01
3.634983291236234537e-01
3.256077495349756767e-01
3.190420811945035018e-01
3.326923784315206634e-01
3.494414795000414520e-01
3.167196870008508469e-01
3.392030108977265868e-01
3.539110693142366038e-01
3.183118860012676410e-01
3.349206790748953111e-01
3.294796084507799483e-01
3.214126512661474866e-01
3.192786263125620971e-01
3.359016747314731988e-01
3.454765567828337325e-01
3.485051828797594564e-01
3.243433873945212875e-01
3.450411868807480853e-01
3.368050377746517610e-01
3.489642945972791233e-01
3.158270790853374144e-01
3.389150125194549390e-01
3.395108442715336627e-01
3.317597692567511025e-01
3.708167999497186118e-01
3.349324132955622813e-01
3.272799725861517683e-01
3.427136255729111847e-01
3.380265587295687713e-01
3.341094646645148547e-01
3.516008654645426668e-01
3.482973206909346642e-01
3.330578114719337512e-01
3.113455943532709158e-01
3.295371032657939958e-01
3.383984046023155723e-01
3.611187417104406161e-01
3.175012391657427435e-01
3.168975776234482788e-01
3.510695657580216733e-01
3.361842471867971804e-01
3.442566985321783291e-01
3.401472516773253463e-01
3.364618748564869866e-01
3.436568749566555336e-01
3.629982551055976336e-01
3.310567256451418805e-01
3.615287328609311790e-01
3.404081464137270752e-01
3.388804965342737119e-01
3.365488016904141788e-01
3.397014887464413491e-01
3.427952432765841717e-01
3.433110161166900709e-01
3.403362093124875920e-01
3.309967578168731550e-01
3.384074061998895711e-01
3.361993111177753457e-01
3.461141158013808505e-01
3.350001137391723782e-01
3.426557623390158458e-01
3.592761219642940373e-01
3.300714371694281057e-01
3.167489040282568391e-01
3.194593876762938933e-01
3.575574094273727410e-01
3.312587795793760503e-01
3.469610469277434883e-01
3.355154528195632424e-01
3.358847960968792679e-01
3.314621220992942097e-01
3.468843018105033371e-01
3.607101827439470054e-01
3.310370021040094368e-01
3.414774239752785823e-01
3.398893348240534795e-01
3.350630521646523752e-01
3.430533024810699660e-01
3.386502788625755378e-01
3.458450214830904312e-01
3.187282419557111446e-01
3.681095616203483578e-01
3.417134252785203330e-01
3.351682061968115911e-01
3.237494819296420356e-01
3.241019483186465266e-01
3.497581963314709275e-01
3.353824837641862233e-01
3.392317424290759997e-01
3.300382416926852525e-01
3.086044873038272240e-01
3.403581646677856787e-01
3.318869154989290693e-01
3.438026589003970179e-01
3.412780653283499777e-01
3.373335359437160119e-01
3.384379192422105054e-01
3.299480689152941015e-01
3.347509386769450535e-01
3.301548844074342348e-01
3.418025396088150147e-01
3.457888373063177090e-01
3.477606935385950115e-01
3.311254002447802103e-01
3.736590752536311233e-01
3.494250196087193006e-01
3.326300335698001986e-01
3.191517960097268181e-01
3.119421917514492715e-01
3.339109690495205562e-01
3.333170269196995550e-01
3.348293933033505421e-01
3.543125395267843203e-01
3.470159036254242824e-01
3.238001478443123249e-01
3.284840548443364039e-01
3.240969354038844563e-01
3.327076328383400949e-01
3.245687193839044693e-01
3.193048452692515138e-01
3.347737348272584179e-01
3.368675900474344398e-01
3.192086211565126619e-01
3.341061108422734849e-01
3.243861409011295494e-01
3.327476197960905213e-01
3.310391724787090095e-01
3.326844562022099328e-01
3.298832446883109837e-01
3.269776411835755847e-01
3.318757342703583246e-01
3.347732444429167842e-01
3.393022954669084879e-01
3.261421829827633734e-01
3.322338247385978605e-01
3.176998924712934880e-01
3.273300416587711648e-01
3.439217892502123841e-01
3.426432397894785820e-01
3.389677529313548932e-01
3.396862438409906648e-01
3.356404574939848562e-01
3.496554462960231313e-01
3.244381446675446701e-01
3.561790138708602060e-01
3.351760365230266325e-01
3.550108074223510268e-01
3.346197028455951683e-01
3.239271826353190553e-01
3.465666396371987479e-01
3.521313317298244150e-01
3.302849249810449472e-01
3.337436341826464092e-01
3.352836337278680690e-01
3.439067114082581256e-01
3.288871557881010710e-01
3.408481225844477991e-01
3.373300416442194249e-01
3.602731898027048962e-01
3.272096038620147529e-01
3.245114598962610120e-01
3.379631943074357103e-01
3.523697094140333941e-01
3.321050534580211044e-01
3.280916174741229652e-01
3.295908749517711955e-01
3.400120179977867418e-01
3.384217462256630116e-01
3.184108562878491533e-01
3.380880631780335266e-01
3.486402461172898315e-01
3.437550596945270764e-01
3.031648611302052987e-01
3.455389689610461890e-01
3.211687462120795811e-01
3.345100766596945108e-01
3.269116574268747244e-01
3.282867092240175921e-01
3.313239573107941149e-01
3.414717244214255931e-01
3.290858966068513358e-01
3.207432845759632944e-01
3.268381956850586745e-01
3.352943421757008102e-01
3.141222105796589448e-01
3.420122625002990913e-01
3.769119173728863736e-01
3.263872554892877087e-01
3.359813854656356069e-01
3.359148890814436794e-01
3.230222792410706867e-01
3.324613671189250441e-01
3.194215289796568102e-01
3.237876940341124499e-01
3.335790338364781338e-01
3.298904602537109931e-01
3.260481899750410917e-01
3.262709406031851223e-01
3.559986547915617305e-01
3.371920369268474604e-01
3.260040082709022013e-01
3.360800215233847310e-01
3.525111972080414158e-01
3.261532073878882776e-01
3.345946784210824254e-01
3.452318064718994939e-01
3.242749871481888091e-01
3.444095312637995288e-01
3.461211772313792512e-01
3.363001646344399020e-01
3.355426327239887097e-01
3.393761540782334052e-01
3.613088395701140598e-01
3.225219596008310763e-01
3.179166198469127735e-01
3.445573429350945460e-01
3.231911798262301350e-01
3.261389282562170422e-01
3.471532440912410422e-01
3.316732680176575077e-01
3.266747238485563365e-01
3.433114986551930592e-01
3.207604702695555088e-01
3.347228232864297159e-01
3.409449455010855612e-01
3.508188894211550224e-01
3.476162491931868992e-01
3.241329823375741492e-01
3.456714263196610237e-01
3.344525757503079011e-01
3.472845381135264975e-01
3.227754144684180648e-01
3.616255784082316183e-01
3.355065189611965426e-01
3.396211522393531856e-01
3.360126429613071730e-01
3.250921273573964543e-01
3.348933150918969037e-01
3.395854221216746960e-01
3.268951927348155428e-01
3.118417102803848762e-01
3.549557585699866236e-01
3.243484140627702628e-01
3.280161000172449048e-01
3.221719112302389720e-01
3.430154182848875744e-01
3.426828243350288350e-01
3.197729774095545152e-01
3.317227857844202710e-01
3.375433403056106729e-01
3.088250123538625602e-01
3.357003520570722710e-01
3.235078149504863054e-01
3.366839195429676135e-01
3.504458023153638191e-01
3.399854129884843923e-01
3.118326368469570009e-01
3.232836856879299781e-01
3.643493108705029848e-01
3.190868392200136849e-01
3.358664169532514232e-01
3.189440525840343543e-01
3.416923553608263719e-01
3.361877992696061246e-01
3.240275393378098667e-01
3.276370158287967294e-01
3.354609917701329436e-01
3.391337613516761107e-01
3.447809282361601890e-01
3.222953077262308286e-01
3.356324072275120307e-01
3.308769486396534454e-01
3.414368911980906196e-01
3.374376739858925833e-01
3.261513900634619989e-01
3.531375847165096893e-01
3.352073303968116091e-01
3.363655467096310359e-01
3.440534471225255020e-01
3.362158306404038899e-01
3.651990801120108543e-01
3.558757281875812306e-01
3.289576509631527701e-01
3.412405367284192526e-01
3.301467270606773807e-01
3.331998051405080097e-01
3.394743860532116742e-01
3.368124252363938753e-01
3.342942579579450957e-01
3.504905998059640315e-01
3.222998437877208633e-01
3.421355465265542573e-01
3.233370454709034170e-01
3.283180571112527812e-01
3.285537738155493992e-01
3.357493961713573505e-01
3.439027618465811398e-01
3.431795490749796063e-01
3.118631739303630024e-01
3.417180606722521330e-01
3.342463382938813954e-01
3.356321334817603530e-01
3.342972042357620355e-01
3.178160185999407417e-01
3.409917436364041654e-01
3.412807965900842011e-01
3.117974208367302325e-01
3.250353221094913758e-01
3.273742110131707683e-01
3.306008747917152935e-01
3.350222352974208118e-01
3.447986212407103679e-01
3.508632423584637228e-01
3.463072522949923182e-01
3.512670148225375266e-01
3.253175277733895698e-01
3.542850114799873107e-01
3.254950654435756485e-01
3.372506523468544737e-01
3.416868296325248910e-01
3.430191917031861215e-01
3.366210776125773685e-01
3.011136670329870868e-01
3.204223681026446835e-01
3.280639704286729130e-01
3.341788050062767801e-01
3.453522305894791700e-01
3.357924109604207286e-01
3.329240843726138932e-01
3.319289551396152338e-01
3.450486546339353033e-01
3.493795813456226917e-01
3.472644020262743991e-01
3.318921548008685884e-01
3.268334643856881661e-01
3.297262630342905898e-01
3.446008702262114420e-01
3.364437058934454661e-01
3.169685635771172794e-01
3.189660422781360194e-01
3.437812104892444820e-01
3.313064955462359795e-01
3.323757985170581741e-01
3.292717549309921998e-01
3.220042084646261848e-01
3.238225433671884645e-01
3.381204716208892069e-01
3.374606949874436324e-01
3.305837484883483168e-01
3.275576838870295493e-01
3.225080694299264916e-01
3.111609845511523753e-01
3.214124711743771012e-01
3.171172895503136524e-01
3.291064503185707757e-01
3.319289356275925140e-01
3.234688846048363597e-01
3.440473458082884961e-01
3.507659264911216490e-01
3.289276534803463048e-01
3.595592675200076638e-01
3.368724045752441443e-01
3.396086652073524448e-01
3.436569768311474316e-01
3.437775642921657160e-01
3.054371156818204702e-01
3.302562679648229360e-01
3.330891910363269481e-01
3.210429086181654790e-01
3.257323825168100817e-01
3.049280160751362545e-01
