2.689317112001191057e-01
2.400218836622783070e-01
2.271602831779199472e-01
2.174220797629583257e-01
2.098716437283010550e-01
2.038295187028696109e-01
1.988664464320312464e-01
1.949207701198489850e-01
1.917397977872720982e-01
1.890780591270596889e-01
1.868719249124434767e-01
1.849066954076743763e-01
1.831099134702408870e-01
1.814613477423983878e-01
1.799076324476635569e-01
1.784605532949840589e-01
1.771367877093151799e-01
1.758850440695190753e-01
1.747284762651717394e-01
1.736573457499210049e-01
1.726604197201809521e-01
1.717362972105245245e-01
1.708443727596926365e-01
1.699912525539078456e-01
1.691670392721842109e-01
1.683929747204171712e-01
1.676543340295365836e-01
1.669615523591169715e-01
1.662891483701218198e-01
1.656455941467309678e-01
1.650243995513809847e-01
1.644258944559553459e-01
1.638461329739734074e-01
1.632844670747139459e-01
1.627407724184529170e-01
1.622110994487029889e-01
1.616903231100477734e-01
1.611814470708241298e-01
1.606838301951460102e-01
1.601973527261844610e-01
1.597255174607642991e-01
1.592604172588534261e-01
1.588063625963107572e-01
1.583637234334378807e-01
1.579307112809088254e-01
1.575090653841747512e-01
1.571029162757824060e-01
1.567032687264323376e-01
1.563121660458934858e-01
1.559277483746200343e-01
1.555534245215407230e-01
1.551875577742931889e-01
1.548322329400915465e-01
1.544820062142668038e-01
1.541407318748858613e-01
1.538099158852773984e-01
1.534865840166102779e-01
1.531672489631904777e-01
1.528548020083563552e-01
1.525452942504887388e-01
1.522406181751915499e-01
1.519470543321955469e-01
1.516609254453244460e-01
1.513788847034936436e-01
1.510992478302558006e-01
1.508218837643237054e-01
1.505473658877964915e-01
1.502755019557995564e-01
1.500070420963322271e-01
1.497408438458755209e-01
1.494767786388203346e-01
1.492148221131835983e-01
1.489555426306273245e-01
1.487010530524635055e-01
1.484485764479110126e-01
1.481981618232543207e-01
1.479525508869635464e-01
1.477105617773528945e-01
1.474703831859709713e-01
1.472319958057755618e-01
1.469953805110327527e-01
1.467607090589809482e-01
1.465298826087110817e-01
1.463009280460794426e-01
1.460735973074924199e-01
1.458478739059645979e-01
1.456237415183231632e-01
1.454011839882855817e-01
1.451830114084500800e-01
1.449684940434530500e-01
1.447558327134524092e-01
1.445446370550492465e-01
1.443348674662143227e-01
1.441273268193598023e-01
1.439226182337900728e-01
1.437199997988178324e-01
1.435187985599413185e-01
1.433189323977533125e-01
1.431209365441654668e-01
1.429261151901480842e-01
1.427349815555387647e-01
1.425462275497423881e-01
1.423605780506953522e-01
1.421766570716845035e-01
1.419949891066994430e-01
1.418173051277643593e-01
1.416427444822207227e-01
1.414705680772851970e-01
1.413008459091714408e-01
1.411325123361737988e-01
1.409666747303102985e-01
1.408017970565327293e-01
1.406380549784123912e-01
1.404762358552701373e-01
1.403162660027727493e-01
1.401581960489299838e-01
1.400010130358823601e-01
1.398447097247474125e-01
1.396892789439460603e-01
1.395349299248872244e-01
1.393818244257116479e-01
1.392295611889688145e-01
1.390782908565366682e-01
1.389283872828775412e-01
1.387811636076853317e-01
1.386347291832998041e-01
1.384891731463545883e-01
1.383450399177743595e-01
1.382024619151822897e-01
1.380609063833648786e-01
1.379210807622751611e-01
1.377821978968447603e-01
1.376447983703792677e-01
1.375094650533380536e-01
1.373765975372069070e-01
1.372446591061421972e-01
1.371143241268125701e-01
1.369853563319985146e-01
1.368572790742232925e-01
1.367298249767623652e-01
1.366045229068774958e-01
1.364810535137420122e-01
1.363582281015910391e-01
1.362359677046135753e-01
1.361167591953374445e-01
1.359985066865241898e-01
1.358807842023556922e-01
1.357635883433915003e-01
1.356469157282948756e-01
1.355312061200440177e-01
1.354167777470555167e-01
1.353036518221034656e-01
1.351920092374478410e-01
1.350808466994620760e-01
1.349701611847551885e-01
1.348605486833850953e-01
1.347515508571816012e-01
1.346430459570279736e-01
1.345350018552824156e-01
1.344274156148771160e-01
1.343207524899896754e-01
1.342150746546072748e-01
1.341099586924107967e-01
1.340052768998999111e-01
1.339010265046146619e-01
1.337972047535782305e-01
1.336938089132292118e-01
1.335908362693513651e-01
1.334882841270019771e-01
1.333863171147104121e-01
1.332848485589541443e-01
1.331837950697343231e-01
1.330834049926193363e-01
1.329835536728341538e-01
1.328844941465922580e-01
1.327867005397193323e-01
1.326907203905513533e-01
1.325959776089806474e-01
1.325015972510407702e-01
1.324075771070245544e-01
1.323139149836460304e-01
1.322206087039199118e-01
1.321276561070422739e-01
1.320350827761615220e-01
1.319431688022816296e-01
1.318517353002501835e-01
1.317607057949369831e-01
1.316700188126871673e-01
1.315809023748917006e-01
1.314926938361278830e-01
1.314052206845431336e-01
1.313187139917906809e-01
1.312325177007202526e-01
1.311466299540345881e-01
1.310610489087368769e-01
1.309757727360217894e-01
1.308907996211678970e-01
1.308064569144666289e-01
1.307227824807534466e-01
1.306393997861203526e-01
1.305563071223311555e-01
1.304735027940539804e-01
1.303914222260911804e-01
1.303102537406694017e-01
1.302295329189783191e-01
1.301501710906882714e-01
1.300710953091342437e-01
1.299922834551666961e-01
1.299137340082545111e-01
1.298354454601191588e-01
1.297575169500227721e-01
1.296799809060613373e-01
1.296026984674849836e-01
1.295256681971645452e-01
1.294488886693633545e-01
1.293723584696377382e-01
1.292960761947373749e-01
1.292200404525072344e-01
1.291445491917796728e-01
1.290693411260173395e-01
1.289943770061976192e-01
1.289196554384210158e-01
1.288451996188514637e-01
1.287712613203863266e-01
1.286975589642045392e-01
1.286240912251360724e-01
1.285508567886728681e-01
1.284778543508692528e-01
1.284050826182422667e-01
1.283325403076735483e-01
1.282602316131447873e-01
1.281883169750970275e-01
1.281169192603635876e-01
1.280457425403790928e-01
1.279747856152207430e-01
1.279040491995838136e-01
1.278337705066842633e-01
1.277638968768919081e-01
1.276942357647970205e-01
1.276248770907404684e-01
1.275558191993098334e-01
1.274869687261420692e-01
1.274183245908099282e-01
1.273506638400475899e-01
1.272837416756235074e-01
1.272170158479210555e-01
1.271504853667247414e-01
1.270841492488508917e-01
1.270181966140397634e-01
1.269529815241494386e-01
1.268879529223047031e-01
1.268231098917056987e-01
1.267584586258581336e-01
1.266940749169628011e-01
1.266298735003244802e-01
1.265660449563515144e-01
1.265034885949129217e-01
1.264412895348142885e-01
1.263792601947202610e-01
1.263173997901037016e-01
1.262557111086595463e-01
1.261941932690087975e-01
1.261328425141809706e-01
1.260716580754211447e-01
1.260106391892008848e-01
1.259497850971728061e-01
1.258890950461254155e-01
1.258286157531061655e-01
1.257687510729969538e-01
1.257090459331751675e-01
1.256495993862650207e-01
1.255903602878579439e-01
1.255312755222222076e-01
1.254723444173512226e-01
1.254135663055872818e-01
1.253549405235857839e-01
1.252964664122800942e-01
1.252385416104013771e-01
1.251808636575613976e-01
1.251236849263564210e-01
1.250669419282985639e-01
1.250103417354636037e-01
1.249538837407467018e-01
1.248975673409789267e-01
1.248413919368945302e-01
1.247853569330975992e-01
1.247294617380299842e-01
1.246737057639386581e-01
1.246180884268439926e-01
1.245626091465079355e-01
1.245072673464026058e-01
1.244520624536792630e-01
1.243969938991373037e-01
1.243420611171937029e-01
1.242874333121526537e-01
1.242332376717533021e-01
1.241791731375273405e-01
1.241252391857848580e-01
1.240716849135968247e-01
1.240189957475231891e-01
1.239665807885685644e-01
1.239142907355008094e-01
1.238621250914645616e-01
1.238100833626368802e-01
1.237581650582033344e-01
1.237065865898837047e-01
1.236557165343859788e-01
1.236050293147638590e-01
1.235545124134727890e-01
1.235043159526616890e-01
1.234543282221422650e-01
1.234046265064868975e-01
1.233551963896262343e-01
1.233064794198104192e-01
1.232586940826927019e-01
1.232117258824679817e-01
1.231660610234200925e-01
1.231204973345242093e-01
1.230750344352530140e-01
1.230296719474690686e-01
1.229845819926186634e-01
1.229396252456000371e-01
1.228947668698883999e-01
1.228502198777457199e-01
1.228058297823153289e-01
1.227615367286244707e-01
1.227173403575911731e-01
1.226733951083652102e-01
1.226298088326098767e-01
1.225863161356686021e-01
1.225429166776254297e-01
1.224996101206239918e-01
1.224563961288484271e-01
1.224134767242290311e-01
1.223708015841959151e-01
1.223282183888806246e-01
1.222857268065772884e-01
1.222433265075326958e-01
1.222010171639291293e-01
1.221587984498670454e-01
1.221166700413481160e-01
1.220746316162585748e-01
1.220326828543525227e-01
1.219909210066788541e-01
1.219497439859059673e-01
1.219093398667403932e-01
1.218696598915805368e-01
1.218300613635385776e-01
1.217905439940916157e-01
1.217511074965096224e-01
1.217117515858377325e-01
1.216724759788785915e-01
1.216332803941750224e-01
1.215942310794491527e-01
1.215552780140318201e-01
1.215164032377044623e-01
1.214776064826110918e-01
1.214388874825014231e-01
1.214002459727154398e-01
1.213618347538407277e-01
1.213239349893490276e-01
1.212861106016251550e-01
1.212483613328625282e-01
1.212106869268153725e-01
1.211730871287830802e-01
1.211355616855950834e-01
1.210981103455955471e-01
1.210607328586287557e-01
1.210234289760240972e-01
1.209861984505817833e-01
1.209490410365585134e-01
1.209119564896531246e-01
1.208749445669929645e-01
1.208383585150852452e-01
1.208018654550183507e-01
1.207655124688116338e-01
1.207295675839661908e-01
1.206937528979915852e-01
1.206580058382240445e-01
1.206223261934848273e-01
1.205867137537482287e-01
1.205511683101308379e-01
1.205156896548809226e-01
1.204802775813675758e-01
1.204449318840704747e-01
1.204096523585696660e-01
1.203744388015351857e-01
1.203392910107171365e-01
1.203042087849359315e-01
1.202691919240722745e-01
1.202342402290576817e-01
1.201995010823825594e-01
1.201651074371869188e-01
1.201309561325317743e-01
1.200968661506990331e-01
1.200628373146143263e-01
1.200288694480735885e-01
1.199949623757359807e-01
1.199611159231162988e-01
1.199273299165777434e-01
1.198936041833245786e-01
1.198599385513949844e-01
1.198263328496541602e-01
1.197927869077871077e-01
1.197593005562919977e-01
1.197258736264731754e-01
1.196925059504345135e-01
1.196593583415748591e-01
1.196263843666780791e-01
1.195934699235038229e-01
1.195606131841860653e-01
1.195278139895608049e-01
1.194950721811882943e-01
1.194623876013471003e-01
1.194297600930285391e-01
1.193974737220535598e-01
1.193654278444992584e-01
1.193334373548979588e-01
1.193015021054260050e-01
1.192698322717068854e-01
1.192382387951806955e-01
1.192066993545339848e-01
1.191752138094081537e-01
1.191437820200129533e-01
1.191124038471225721e-01
1.190810791520710288e-01
1.190500204837994513e-01
1.190191519008695492e-01
1.189883347207453257e-01
1.189575688162048256e-01
1.189268540605051550e-01
1.188961903273794557e-01
1.188655774910332003e-01
1.188350154261411246e-01
1.188045040078441472e-01
1.187740718582813298e-01
1.187437417384829691e-01
1.187134622652404881e-01
1.186832333088507357e-01
1.186530547401268287e-01
1.186229264303947512e-01
1.185928482514897186e-01
1.185628200757527645e-01
1.185328417760272007e-01
1.185029132256551626e-01
1.184730342984743057e-01
1.184432048688144196e-01
1.184134248114941668e-01
1.183836940018176964e-01
1.183540123155714524e-01
1.183243796290210231e-01
1.182947958189079080e-01
1.182652607624463947e-01
1.182357743373204789e-01
1.182063364216806717e-01
1.181769468941412105e-01
1.181476056337768810e-01
1.181183125201200196e-01
1.180890674331576268e-01
1.180598702533285221e-01
1.180307208615203607e-01
1.180016191390668295e-01
1.179725649677448585e-01
1.179435582297717194e-01
1.179146765826443316e-01
1.178862778224421676e-01
1.178579254699594903e-01
1.178296194107018996e-01
1.178013595305944933e-01
1.177731457159794382e-01
1.177449778536129310e-01
1.177168558306630058e-01
1.176887957362756643e-01
1.176607878754251241e-01
1.176328254684429753e-01
1.176049084042375403e-01
1.175770365721163363e-01
1.175492098617837849e-01
1.175216379972916503e-01
1.174942427195371925e-01
1.174668913111557855e-01
1.174396707091270864e-01
1.174125896005957514e-01
1.173855513328524308e-01
1.173585558061425171e-01
1.173316029210422773e-01
1.173046925784570205e-01
1.172778246796193080e-01
1.172509991260868717e-01
1.172242158197411566e-01
1.171974746627855724e-01
1.171707755577433563e-01
1.171441184074561992e-01
1.171175576420547260e-01
1.170911203910077331e-01
1.170648969447681959e-01
1.170387464426735358e-01
1.170126365576373562e-01
1.169865671966483223e-01
1.169605382670009380e-01
1.169345496762942832e-01
1.169086013324300843e-01
1.168828850016877391e-01
1.168572285462767396e-01
1.168316113256282068e-01
1.168061086389842740e-01
1.167806501213360382e-01
1.167555952233393646e-01
1.167305923733573253e-01
1.167056268484178705e-01
1.166806985689523707e-01
1.166558074556259678e-01
1.166309534293361594e-01
1.166061364112117582e-01
1.165813563226116428e-01
1.165566130851236198e-01
1.165319066205632165e-01
1.165072368509725703e-01
1.164826036986191804e-01
1.164580070859949912e-01
1.164334506970540195e-01
1.164089348516423872e-01
1.163844552923550685e-01
1.163600119426455998e-01
1.163356047261865922e-01
1.163112335668681080e-01
1.162868983887970081e-01
1.162625991162956479e-01
1.162383356739009471e-01
1.162141467009228241e-01
1.161900658552519477e-01
1.161660208581242471e-01
1.161420116327355756e-01
1.161180381025062325e-01
1.160941001910798659e-01
1.160702093202418406e-01
1.160465357896732774e-01
1.160229046647830720e-01
1.159993076568064663e-01
1.159758523321679918e-01
1.159524888413337312e-01
1.159291831265854139e-01
1.159059732854000185e-01
1.158827967723593533e-01
1.158596535194685445e-01
1.158365434589226223e-01
1.158135718142281195e-01
1.157908034796878566e-01
1.157680675296544198e-01
1.157453672038926823e-01
1.157228404133716082e-01
1.157004612560962598e-01
1.156781264219663014e-01
1.156561004986428193e-01
1.156341052290385668e-01
1.156121405505356747e-01
1.155902064007029578e-01
1.155683043860200043e-01
1.155467427365007987e-01
1.155252104128597634e-01
1.155037073577220713e-01
1.154823607185756495e-01
1.154613185490542676e-01
1.154403042888008796e-01
1.154193178851984219e-01
1.153983592857626694e-01
1.153774284381418741e-01
1.153565252901161409e-01
1.153356497895966920e-01
1.153149625746203721e-01
1.152943357403925922e-01
1.152737367317391709e-01
1.152531654941734429e-01
1.152326219733541546e-01
1.152121061150846448e-01
1.151916178653124706e-01
1.151711571701285047e-01
1.151507239757665196e-01
1.151303182286022991e-01
1.151099398751532638e-01
1.150896370029130256e-01
1.150693784275297893e-01
1.150491470515822429e-01
1.150289428220628157e-01
1.150087656861039365e-01
1.149886155909775332e-01
1.149684924840943256e-01
1.149483963130032566e-01
1.149283270253909361e-01
1.149082845690809485e-01
1.148882688920332962e-01
1.148682799423438872e-01
1.148483176682438683e-01
1.148284043291511736e-01
1.148085886526460653e-01
1.147889884218530054e-01
1.147694235224774317e-01
1.147498844914199428e-01
1.147303712787052649e-01
1.147108838344885751e-01
