9.013648796504392102e-01
3.446412187354185863e-01
3.232648179951294609e-01
3.123727622109918611e-01
3.044970883871241374e-01
2.979080948455239963e-01
2.923357327922482818e-01
2.874820099743292667e-01
2.830308923807089982e-01
2.789650086205885393e-01
2.752709453171095499e-01
2.718114677668972412e-01
2.685433058098060100e-01
2.654358098152997947e-01
2.624387062940530257e-01
2.595510347406126406e-01
2.567767777599143098e-01
2.540822671504528452e-01
2.514813272823694934e-01
2.489993303838136385e-01
2.465983711004937351e-01
2.442831965868465238e-01
2.420320468089011967e-01
2.398799982643226025e-01
2.378049374127865212e-01
2.357943334172417638e-01
2.338287195581502664e-01
2.319151240528973534e-01
2.300646131290135510e-01
2.282701835524138523e-01
2.265327091830172945e-01
2.248445313693627767e-01
2.231995017167910933e-01
2.216221954969657404e-01
2.200969566259687871e-01
2.186136851958002392e-01
2.171643250334166775e-01
2.157418052688876708e-01
2.143441425047900584e-01
2.129720911165555730e-01
2.116243316324039336e-01
2.103052451002838941e-01
2.090098626053125408e-01
2.077429041032408941e-01
2.065128610766708284e-01
2.053091196654107387e-01
2.041238892323578025e-01
2.029667612061825388e-01
2.018290052976555449e-01
2.007163064380808326e-01
1.996196865059821912e-01
1.985385172768950601e-01
1.974855029497476766e-01
1.964558136156939472e-01
1.954489175988556315e-01
1.944621766989211853e-01
1.934908344414829895e-01
1.925382865380499686e-01
1.916119246160347123e-01
1.907016953120526936e-01
1.898023355472471529e-01
1.889140000499769101e-01
1.880463793320923116e-01
1.872001285831116912e-01
1.863719079581774574e-01
1.855656263183097510e-01
1.847705173442481530e-01
1.839960968064729974e-01
1.832352355109388986e-01
1.824823898499103869e-01
1.817374087780412317e-01
1.810009513219842936e-01
1.802725838045530771e-01
1.795519617536875390e-01
1.788387048017170411e-01
1.781327082582789545e-01
1.774385521568510593e-01
1.767550543782623329e-01
1.760795353521091566e-01
1.754125099821087497e-01
1.747537620272817116e-01
1.741018558807381489e-01
1.734565134196658642e-01
1.728232390504204907e-01
1.722082426128695443e-01
1.716008481897877691e-01
1.709989971627816074e-01
1.704036520119313614e-01
1.698170784735333061e-01
1.692357116402466721e-01
1.686594886198616028e-01
1.680883473939659978e-01
1.675243475054598585e-01
1.669684096569800658e-01
1.664213432310841789e-01
1.658793355240264777e-01
1.653419972674782801e-01
1.648098294097212202e-01
1.642832535650990966e-01
1.637614806317976568e-01
1.632442316050417563e-01
1.627322543348147521e-01
1.622287074190411627e-01
1.617293577100256952e-01
1.612341569559563870e-01
1.607430575360858094e-01
1.602595872864246151e-01
1.597857136978059756e-01
1.593157221856874028e-01
1.588495164972549278e-01
1.583887194184043501e-01
1.579333323247471832e-01
1.574819061704894885e-01
1.570340364068123773e-01
1.565914548737895040e-01
1.561576487564500793e-01
1.557314887572537887e-01
1.553111305355681093e-01
1.548976895959164046e-01
1.544938767038686600e-01
1.540953090080985077e-01
1.537032435723994506e-01
1.533152776508807935e-01
1.529345016293431336e-01
1.525582681628817050e-01
1.521848524920430268e-01
1.518139318522952752e-01
1.514454822446726912e-01
1.510888265383332485e-01
1.507362147598151625e-01
1.503868129790063846e-01
1.500406617091489259e-01
1.496980096777072722e-01
1.493593448625806230e-01
1.490248385631079420e-01
1.486930880612005734e-01
1.483670751945154187e-01
1.480435632381300881e-01
1.477240899467124613e-01
1.474079700935905513e-01
1.470937301518764062e-01
1.467813538322398359e-01
1.464710532206345284e-01
1.461639024089544381e-01
1.458587833427712754e-01
1.455554370403564779e-01
1.452554630491526000e-01
1.449587775429702630e-01
1.446645507230680250e-01
1.443730326601825042e-01
1.440841053699675745e-01
1.437973328729388323e-01
1.435121484564036431e-01
1.432285433634071792e-01
1.429466872736397109e-01
1.426677351142087158e-01
1.423918482928492046e-01
1.421180285002512367e-01
1.418464648969126884e-01
1.415764564503712852e-01
1.413092738342943133e-01
1.410435061490541708e-01
1.407791420254027315e-01
1.405163706506042942e-01
1.402569638600006108e-01
1.399995553619325372e-01
1.397434729587936630e-01
1.394887397954779618e-01
1.392353142455889925e-01
1.389831843848745585e-01
1.387329618258432984e-01
1.384860461509750673e-01
1.382437588909428694e-01
1.380027861472738204e-01
1.377637657453208986e-01
1.375268162670165717e-01
1.372915222409533675e-01
1.370579467068145374e-01
1.368259768266433807e-01
1.365962535154214286e-01
1.363681651111332271e-01
1.361420730185644579e-01
1.359171967245607904e-01
1.356933841071266411e-01
1.354711863391006299e-01
1.352504180464012551e-01
1.350306801375024957e-01
1.348126554146377165e-01
1.345961648293373669e-01
1.343812930872412825e-01
1.341680613105319664e-01
1.339563878017030474e-01
1.337459780802619791e-01
1.335380686593014288e-01
1.333320949385480292e-01
1.331294999682036961e-01
1.329279847977451190e-01
1.327273413404077285e-01
1.325275639667822525e-01
1.323298358559837351e-01
1.321339827827084923e-01
1.319389544041744688e-01
1.317447455735007988e-01
1.315513511882570874e-01
1.313587661899465464e-01
1.311671040444196967e-01
1.309763742728478619e-01
1.307864368190299609e-01
1.305972868271183251e-01
1.304089194818683906e-01
1.302213300081971059e-01
1.300355842008387997e-01
1.298512652893483443e-01
1.296678677583621431e-01
1.294852158670564135e-01
1.293033051464731742e-01
1.291221311642224701e-01
1.289418664212565180e-01
1.287628479034149120e-01
1.285849292344695138e-01
1.284084574517900812e-01
1.282334221212459435e-01
1.280602220631894550e-01
1.278895733953728797e-01
1.277200621906751932e-01
1.275517368171690813e-01
1.273840528413335837e-01
1.272170066857084836e-01
1.270505948003219920e-01
1.268848136624018408e-01
1.267205400840357155e-01
1.265581346393887252e-01
1.263972807415619237e-01
1.262375524819839834e-01
1.260784096874724702e-01
1.259198492002196745e-01
1.257618678863200723e-01
1.256044626355127813e-01
1.254476303609273202e-01
1.252913679988338636e-01
1.251356725083972443e-01
1.249810376136356593e-01
1.248271601632106459e-01
1.246744455501532789e-01
1.245224614291238902e-01
1.243717326578869242e-01
1.242215441191332204e-01
1.240720135864086249e-01
1.239234782001788771e-01
1.237754710184358065e-01
1.236279891973352668e-01
1.234810299151647001e-01
1.233345903720977355e-01
1.231894472461222134e-01
1.230451531962339223e-01
1.229017997240694354e-01
1.227591728923759784e-01
1.226173409168364176e-01
1.224760315159380275e-01
1.223352490427019601e-01
1.221950077843343557e-01
1.220552447337110297e-01
1.219159574600917340e-01
1.217775840826270106e-01
1.216411604941152053e-01
1.215052243347393840e-01
1.213697552573731880e-01
1.212347345130962845e-01
1.211001599121989541e-01
1.209667369099416828e-01
1.208339805242428233e-01
1.207016747414374341e-01
1.205699762552595311e-01
1.204387097719872846e-01
1.203078731802519202e-01
1.201774643833063150e-01
1.200475334079706691e-01
1.199180300948917421e-01
1.197897518891919560e-01
1.196619787261792300e-01
1.195346152158185959e-01
1.194076594276782949e-01
1.192811094440456576e-01
1.191550048551060642e-01
1.190294190744402292e-01
1.189042322965301879e-01
1.187794768010164842e-01
1.186555344020644998e-01
1.185319811999557965e-01
1.184088154161642564e-01
1.182864004560419818e-01
1.181649012024082041e-01
1.180437883502655494e-01
1.179231233126903505e-01
1.178032719251892735e-01
1.176840485951039517e-01
1.175651866906781973e-01
1.174466846406548859e-01
1.173285408828547149e-01
1.172107849709962679e-01
1.170941767873947409e-01
1.169780103561653128e-01
1.168621883323680694e-01
1.167467092654901478e-01
1.166315717130155805e-01
1.165167742403664664e-01
1.164023154208446015e-01
1.162882237172368216e-01
1.161751949549982565e-01
1.160624953008258381e-01
1.159501233965045258e-01
1.158380778911210357e-01
1.157266240815407604e-01
1.156157419565260885e-01
1.155051805146560528e-01
1.153949384447835874e-01
1.152850144425872636e-01
1.151754072105273391e-01
1.150661154578029172e-01
1.149573639015267074e-01
1.148491152192396558e-01
1.147413289454831814e-01
1.146342771260533411e-01
1.145276423762187912e-01
1.144213908478355218e-01
1.143155348976473279e-01
1.142104514819298061e-01
1.141058480485242360e-01
1.140015332914854213e-01
1.138975061052275861e-01
1.137937653894514484e-01
1.136903100491130358e-01
1.135872879936024732e-01
1.134847002424323459e-01
1.133823932402870799e-01
1.132803659244608074e-01
1.131786172372385296e-01
1.130771461258674726e-01
1.129759515425286936e-01
1.128750324443087982e-01
1.127748730410972205e-01
1.126751959874414677e-01
1.125759603155009059e-01
1.124771308559584515e-01
1.123785660539741438e-01
1.122802649352767634e-01
1.121823998992248494e-01
1.120850790309216999e-01
1.119881903627202163e-01
1.118915589207339772e-01
1.117951837597709053e-01
1.116990639388397571e-01
1.116031985211298344e-01
1.115076582928709037e-01
1.114124560551571358e-01
1.113180381919780665e-01
1.112242335898588619e-01
1.111307251534583429e-01
1.110376802106034788e-01
1.109448750471025563e-01
1.108524430714585701e-01
1.107602623483401466e-01
1.106686081129579918e-01
1.105777790488621654e-01
1.104871800383270958e-01
1.103968271673107099e-01
1.103067642181772556e-01
1.102169287136749443e-01
1.101273198731367586e-01
1.100379651967275801e-01
1.099492762883911290e-01
1.098608102203311593e-01
1.097725662308490224e-01
1.096845775764026809e-01
1.095970233123422649e-01
1.095096883621066719e-01
1.094225719777223022e-01
1.093356734141248537e-01
1.092489919291497885e-01
1.091625267835230617e-01
1.090762772408519904e-01
1.089904712039655721e-01
1.089050353266162591e-01
1.088198440101857123e-01
1.087349052245825259e-01
1.086501771209377049e-01
1.085656589837429714e-01
1.084813501002970942e-01
1.083972497606958407e-01
1.083133572578229842e-01
1.082302078431434667e-01
1.081474798745678118e-01
1.080650271615964525e-01
1.079828452811140427e-01
1.079009708217136820e-01
1.078192947622443471e-01
1.077378164472281713e-01
1.076565352237051354e-01
1.075754949134973271e-01
1.074949322557065545e-01
1.074145635132124771e-01
1.073343880457132138e-01
1.072544052154176669e-01
1.071750327673046538e-01
1.070966875834930970e-01
1.070185610135410553e-01
1.069406179514180988e-01
1.068628578108989230e-01
1.067852800079190922e-01
1.067080568980679212e-01
1.066313352015709481e-01
1.065549403534408607e-01
1.064787209762889791e-01
1.064026765284933479e-01
1.063268064703211668e-01
1.062511102639237953e-01
1.061761229873754431e-01
1.061014225327618771e-01
1.060268911593775787e-01
1.059525283522762401e-01
1.058783335982919904e-01
1.058043063860345800e-01
1.057304462058845929e-01
1.056567525499881588e-01
1.055832249122523880e-01
1.055098627883402501e-01
1.054366656756653697e-01
1.053637623405907359e-01
1.052912836963913745e-01
1.052194063534471480e-01
1.051476865559087120e-01
1.050761238466699776e-01
1.050047396043441578e-01
1.049335220216862513e-01
1.048625252380968459e-01
1.047919265879394407e-01
1.047214819413715137e-01
1.046511908489227566e-01
1.045810528625605446e-01
1.045110675356870356e-01
1.044412344231371581e-01
1.043715530811753084e-01
1.043020230674929077e-01
1.042326439412058214e-01
1.041634152628514026e-01
1.040948161706297809e-01
1.040267418299331975e-01
1.039588144658888519e-01
1.038910315994972522e-01
1.038233928202697276e-01
1.037558977190095322e-01
1.036885458878090416e-01
1.036213369200469220e-01
1.035543859308448861e-01
1.034876208031859507e-01
1.034209970337930246e-01
1.033545142219708945e-01
1.032881719682920002e-01
1.032219698745938247e-01
1.031559075439760914e-01
1.030899845807979609e-01
1.030242005906749636e-01
1.029585551804764881e-01
1.028930479583226587e-01
1.028276785335813792e-01
1.027624465168656687e-01
1.026974613731118091e-01
1.026330796249449728e-01
1.025688316852346460e-01
1.025047171824201298e-01
1.024407357460798557e-01
1.023769993731702133e-01
1.023136352404742794e-01
1.022506523624958225e-01
1.021878055541581842e-01
1.021250882167649976e-01
1.020624999944405864e-01
1.020000405323775589e-01
1.019377094768348230e-01
1.018755064751360739e-01
1.018134311756674903e-01
1.017514832278762632e-01
1.016897703614852017e-01
1.016281958586943285e-01
1.015667473978261182e-01
1.015054246334118893e-01
1.014444691801738990e-01
1.013839023697423736e-01
1.013234576775664947e-01
1.012631347748441935e-01
1.012029333337371856e-01
1.011428530273695697e-01
1.010828935298257319e-01
1.010230545161490551e-01
1.009633356623405448e-01
1.009037366453565954e-01
1.008442571431078100e-01
1.007848968344572105e-01
1.007256553992181836e-01
1.006665325181532872e-01
1.006075278729721134e-01
1.005486411463295676e-01
1.004898720218241892e-01
1.004312201839962782e-01
1.003726853183258966e-01
1.003144705573347784e-01
1.002564609388607725e-01
1.001985833168158591e-01
1.001408961685002069e-01
1.000833229499885485e-01
1.000258633611458142e-01
9.996851710269959168e-02
9.991128387623805784e-02
9.985416338420864679e-02
9.979715532991655091e-02
9.974025941752293067e-02
9.968347535204355458e-02
9.962680283934692571e-02
9.957024158615286613e-02
9.951380354070578360e-02
9.945760049437532557e-02
9.940150739578115791e-02
9.934552395625395604e-02
9.928964988796100399e-02
9.923388490390461225e-02
9.917822871792052186e-02
9.912272806408350956e-02
9.906748142131205359e-02
9.901234137219394604e-02
9.895730764229938858e-02
9.890237995797120096e-02
9.884770605513375219e-02
9.879321588296446910e-02
9.873915227450801024e-02
9.868534220867797302e-02
9.863171629293766840e-02
9.857819179763706308e-02
9.852476846648365594e-02
9.847144604388605171e-02
9.841838978951943095e-02
9.836551696926863764e-02
9.831274363301724384e-02
9.826006952956725660e-02
9.820749440841386457e-02
9.815501801974391149e-02
9.810264011443529941e-02
9.805036044405530948e-02
9.799820178739095111e-02
9.794614408483520718e-02
9.789418372668701185e-02
9.784232046804706984e-02
9.779055406469536194e-02
9.773888427308989602e-02
9.768731085036508333e-02
9.763611153189795389e-02
9.758505824012916885e-02
9.753409941052278154e-02
9.748323480503057192e-02
9.743246418628803696e-02
9.738178731761258644e-02
9.733120396300194710e-02
9.728071388713281642e-02
9.723031685535914181e-02
9.718001263371063569e-02
9.712980098889119340e-02
9.707968168827714461e-02
9.702965449991596270e-02
9.697971919252452999e-02
9.693017378152470054e-02
9.688072823077990836e-02
9.683137246484872784e-02
9.678210626042432763e-02
9.673321161913094046e-02
9.668491633788103834e-02
9.663681493286679913e-02
9.658879920092186544e-02
9.654086893304510142e-02
9.649302392081979263e-02
9.644526395641246641e-02
9.639758883257162903e-02
9.634999834262616969e-02
9.630274453999827788e-02
9.625564809692742363e-02
9.620877093219358522e-02
9.616197539765364288e-02
9.611526130016270764e-02
9.606863387615914573e-02
9.602209892494104060e-02
9.597564473341076152e-02
9.592927111111965166e-02
9.588297786812581547e-02
9.583676481499278643e-02
9.579063176278869440e-02
9.574459097450531420e-02
9.569863374527004529e-02
9.565275585464121100e-02
9.560695711608389880e-02
9.556131267045520072e-02
9.551601482292788881e-02
9.547079430269105049e-02
