1.285594845085292537e+00
8.260568400676047141e-01
7.757277509118372105e-01
7.374416345107560611e-01
7.065973361690551791e-01
6.804905360445430151e-01
6.576156221265214707e-01
6.375272104461778833e-01
6.196297919049681413e-01
6.035012726267885430e-01
5.886440096716776260e-01
5.747601534085966524e-01
5.619521756979543037e-01
5.499971663935034893e-01
5.388702590920008140e-01
5.286182540278467901e-01
5.190195015083817198e-01
5.099097035687732982e-01
5.012326826842827820e-01
4.929899363913841648e-01
4.851809407198033885e-01
4.777346414355272408e-01
4.706902390159101168e-01
4.640111074597728646e-01
4.575958954476803675e-01
4.514221782296855001e-01
4.455424574302705443e-01
4.399470604702305776e-01
4.346228114455252811e-01
4.295035691686042711e-01
4.245600984690445778e-01
4.198191615142047861e-01
4.152897784596361053e-01
4.109627306346229636e-01
4.068158364822828665e-01
4.028656473371280966e-01
3.990733741448601601e-01
3.954327731562299331e-01
3.919606806441664482e-01
3.886219582433347863e-01
3.854102314451639533e-01
3.822937098321481098e-01
3.792792725843852075e-01
3.763639854460635870e-01
3.735687943851844217e-01
3.708529538813327142e-01
3.682223941134812883e-01
3.656692573813657976e-01
3.631989169789465177e-01
3.608069016207164914e-01
3.584807477179218771e-01
3.562124082237694833e-01
3.540155338135714813e-01
3.518892550144684384e-01
3.498184378328287880e-01
3.477919627048945417e-01
3.458023172116327371e-01
3.438538301800135866e-01
3.419663108925806161e-01
3.401516629599355412e-01
3.383776643715234456e-01
3.366366067033409459e-01
3.349260897486016630e-01
3.332608499553917913e-01
3.316357188806151601e-01
3.300426732247060402e-01
3.284950068068790419e-01
3.269892129410878479e-01
3.255371162513112093e-01
3.241139538891740224e-01
3.227087041999712747e-01
3.213574874057866793e-01
3.200344954432736699e-01
3.187354762354708271e-01
3.174572692178003197e-01
3.162079378982529110e-01
3.149894273533924705e-01
3.137872548039908893e-01
3.126031697844605106e-01
3.114400438074698130e-01
3.102977303999446823e-01
3.091732995067316692e-01
3.080780879680589113e-01
3.069996959693270244e-01
3.059494268493110902e-01
3.049220051483103044e-01
3.039120941960240518e-01
3.029145544794716871e-01
3.019279463638359084e-01
3.009554977714122281e-01
2.999944975498613497e-01
2.990474694143688272e-01
2.981143343172212856e-01
2.971953582306243180e-01
2.962903243666060171e-01
2.953983632479214028e-01
2.945170893571870119e-01
2.936476986671260891e-01
2.927934363066519996e-01
2.919529562145128376e-01
2.911202293572445754e-01
2.902949114877054204e-01
2.894802374833431724e-01
2.886776610455044079e-01
2.878871633351101633e-01
2.871102971249008817e-01
2.863474738639976702e-01
2.855991992411895386e-01
2.848603941360568492e-01
2.841352039585033351e-01
2.834207693384258597e-01
2.827139223013763747e-01
2.820139077873355937e-01
2.813238225660120717e-01
2.806406411278411506e-01
2.799659729040774869e-01
2.792967289408881393e-01
2.786335430479999209e-01
2.779774249697140598e-01
2.773277479602325735e-01
2.766845814915266377e-01
2.760501574070702291e-01
2.754251480153968590e-01
2.748132869661293887e-01
2.742085428609607467e-01
2.736212859321741631e-01
2.730414708544228186e-01
2.724697515282234472e-01
2.719038036759279797e-01
2.713468719757901049e-01
2.707973391039900091e-01
2.702583577530065506e-01
2.697250311586726901e-01
2.691989827514476019e-01
2.686789020017513185e-01
2.681624182636530018e-01
2.676529252018412519e-01
2.671507039366200487e-01
2.666535265542086530e-01
2.661601968297946375e-01
2.656700019972902393e-01
2.651849678886218920e-01
2.647051683264231570e-01
2.642310237512843218e-01
2.637596026764430501e-01
2.632908806749811315e-01
2.628256148564064310e-01
2.623659125210180965e-01
2.619131340271373398e-01
2.614632950712410531e-01
2.610159064578414512e-01
2.605709475750871973e-01
2.601283980313198740e-01
2.596890276935350239e-01
2.592533157015023959e-01
2.588206719682621948e-01
2.583903378144077334e-01
2.579622939782275637e-01
2.575385345585243235e-01
2.571201490164764514e-01
2.567039174366316789e-01
2.562898227809219942e-01
2.558778481836502805e-01
2.554695165131509738e-01
2.550640327113763983e-01
2.546611285364532851e-01
2.542603600844176581e-01
2.538658565260235034e-01
2.534763749287470835e-01
2.530917509838211399e-01
2.527106847829722058e-01
2.523319821238353966e-01
2.519552999743016053e-01
2.515810469419890727e-01
2.512087638844741067e-01
2.508404156872103830e-01
2.504742304576570988e-01
2.501116471855120982e-01
2.497508069876844539e-01
2.493916617071354758e-01
2.490341993331021964e-01
2.486800649989728551e-01
2.483287263636828335e-01
2.479811529064086528e-01
2.476366262563625686e-01
2.472936502516184798e-01
2.469532447518763274e-01
2.466168815999347508e-01
2.462829771160878756e-01
2.459505453708319689e-01
2.456195767663204854e-01
2.452906404946090524e-01
2.449642008603927501e-01
2.446417045921187861e-01
2.443226241712153912e-01
2.440049049336498466e-01
2.436892782348968056e-01
2.433754481565482131e-01
2.430629459662593250e-01
2.427518711856886668e-01
2.424439143142307074e-01
2.421380792269384741e-01
2.418335058214880762e-01
2.415302319091114369e-01
2.412307151309834863e-01
2.409353374365520994e-01
2.406411443104053416e-01
2.403484108268973685e-01
2.400572842820940522e-01
2.397695273434358731e-01
2.394841630267195431e-01
2.392004157560224664e-01
2.389181954562527854e-01
2.386370756795700432e-01
2.383570502285024817e-01
2.380781129457868461e-01
2.378002577142069862e-01
2.375234784564266566e-01
2.372491405443938051e-01
2.369785504359333550e-01
2.367116677489873866e-01
2.364474817727263978e-01
2.361851547933440376e-01
2.359254387003410780e-01
2.356686387661412474e-01
2.354131756168738598e-01
2.351586380436778423e-01
2.349050211977222191e-01
2.346527546620690019e-01
2.344015103821807944e-01
2.341517048692862424e-01
2.339027855351951402e-01
2.336564319074090346e-01
2.334119454242323810e-01
2.331709241151544432e-01
2.329340563512340978e-01
2.326979984036420257e-01
2.324627770844602814e-01
2.322284849191133815e-01
2.319949922633226247e-01
2.317622951229227624e-01
2.315322220045550605e-01
2.313035700981603271e-01
2.310766739913785728e-01
2.308516963555117540e-01
2.306274603661227218e-01
2.304039624242852635e-01
2.301811989539209735e-01
2.299593115785006359e-01
2.297381883401641844e-01
2.295200435557203378e-01
2.293034572103989088e-01
2.290875703900227822e-01
2.288723797918606195e-01
2.286578821329549871e-01
2.284440741499894345e-01
2.282309525991564059e-01
2.280185142560252620e-01
2.278067559154118293e-01
2.275961164002685833e-01
2.273882821487286932e-01
2.271814301912854772e-01
2.269752309186205685e-01
2.267696812855118926e-01
2.265647782653732178e-01
2.263608225382031103e-01
2.261579023738251037e-01
2.259558151446541263e-01
2.257543547153000318e-01
2.255545429505640409e-01
2.253557305206553285e-01
2.251580151170392563e-01
2.249615233197106712e-01
2.247656250407646106e-01
2.245703177122655991e-01
2.243762173769201784e-01
2.241828694736466565e-01
2.239923658716398425e-01
2.238035180675897184e-01
2.236154228430970725e-01
2.234290580990317687e-01
2.232432997003116759e-01
2.230588166379445236e-01
2.228748734380058272e-01
2.226914677998193814e-01
2.225085974353432638e-01
2.223262600690796842e-01
2.221444534379854729e-01
2.219631752913837908e-01
2.217825377714839619e-01
2.216027483368708528e-01
2.214235744924189508e-01
2.212449243165834634e-01
2.210671524032714885e-01
2.208898946087932968e-01
2.207131671082965818e-01
2.205369714626397859e-01
2.203639430747360295e-01
2.201921951107782827e-01
2.200210153119117606e-01
2.198503153878714478e-01
2.196800933922358756e-01
2.195103473884343070e-01
2.193410754496866177e-01
2.191722756589425392e-01
2.190041732377392969e-01
2.188393601855553594e-01
2.186749995599209240e-01
2.185112585273979446e-01
2.183494101361919959e-01
2.181886067783433414e-01
2.180282374433582804e-01
2.178683004167766002e-01
2.177087939927507265e-01
2.175497164739909617e-01
2.173910661717106396e-01
2.172328414055725854e-01
2.170750405036352138e-01
2.169176618022997660e-01
2.167607313336548935e-01
2.166054215392402282e-01
2.164506090029250929e-01
2.162962075101283743e-01
2.161422154433559339e-01
2.159886311933484071e-01
2.158354531590269687e-01
2.156826797474392654e-01
2.155303093737067355e-01
2.153783404609713459e-01
2.152267714403438004e-01
2.150756007508513867e-01
2.149248268393869621e-01
2.147744481606582712e-01
2.146248139034294955e-01
2.144762127643984329e-01
2.143279974360716156e-01
2.141805948023992878e-01
2.140337832650089367e-01
2.138873492220157435e-01
2.137412912319298641e-01
2.135960450118913334e-01
2.134512601569217016e-01
2.133068445085949116e-01
2.131627966701822030e-01
2.130194873342737272e-01
2.128766200470930681e-01
2.127341156542451595e-01
2.125919727894261535e-01
2.124510311687783648e-01
2.123104621277998316e-01
2.121703509710720637e-01
2.120306512889656159e-01
2.118913052928887153e-01
2.117523403556512973e-01
2.116137288774492808e-01
2.114754677386584125e-01
2.113376673444087583e-01
2.112005449994441564e-01
2.110637675203633767e-01
2.109273335782860803e-01
2.107912418512080666e-01
2.106554910239535894e-01
2.105200797881282282e-01
2.103850068420720087e-01
2.102503572131549370e-01
2.101166426430615963e-01
2.099839662065229595e-01
2.098529970775894760e-01
2.097235733306623551e-01
2.095953239523497824e-01
2.094682041751488311e-01
2.093416455374533802e-01
2.092155435247478601e-01
2.090902284576975356e-01
2.089652072643873315e-01
2.088406141946326233e-01
2.087164399568103013e-01
2.085926429125652681e-01
2.084696113560246533e-01
2.083468661177768910e-01
2.082244061633819754e-01
2.081022304635375408e-01
2.079803379940438901e-01
2.078587277357686891e-01
2.077373986746126888e-01
2.076164974030651478e-01
2.074959783902421140e-01
2.073757361414779454e-01
2.072557696698572871e-01
2.071363462566837566e-01
2.070174807502068171e-01
2.068990232147479014e-01
2.067808496822341191e-01
2.066629398118716987e-01
2.065452927042896181e-01
2.064284856175667981e-01
2.063120628875422802e-01
2.061972885827462187e-01
2.060839546172786862e-01
2.059708661267877494e-01
2.058580223040265278e-01
2.057459577588377497e-01
2.056344523640179500e-01
2.055231870595661814e-01
2.054121610538310050e-01
2.053013735587394806e-01
2.051908237897737686e-01
2.050806966870290515e-01
2.049711110200459485e-01
2.048617591374602698e-01
2.047526402762794850e-01
2.046437536768984378e-01
2.045351513001309740e-01
2.044271517311924691e-01
2.043194177751023188e-01
2.042121515013904653e-01
2.041056726491136397e-01
2.039998935568467786e-01
2.038943346079697405e-01
2.037889951028183655e-01
2.036838743447316191e-01
2.035789716400326077e-01
2.034742862980114531e-01
2.033698176309074179e-01
2.032656024220159674e-01
2.031616342020947374e-01
2.030578781889356421e-01
2.029543337270402203e-01
2.028510001635940863e-01
2.027481880989267793e-01
2.026458583292657101e-01
2.025437381949246329e-01
2.024427057723948986e-01
2.023420369899817106e-01
2.022416373396702660e-01
2.021420975443803947e-01
2.020427564726879066e-01
2.019436135108975128e-01
2.018446680478966915e-01
2.017459527536893671e-01
2.016480265300838459e-01
2.015503852525904471e-01
2.014529363728452815e-01
2.013559021819101291e-01
2.012593794157710447e-01
2.011630469918907205e-01
2.010669218154361448e-01
2.009711364158976998e-01
2.008755395282265932e-01
2.007802360343848846e-01
2.006851353642966906e-01
2.005902213253384914e-01
2.004954933440855902e-01
2.004012140154923238e-01
2.003077697243611233e-01
2.002147392411948446e-01
2.001218893310879321e-01
2.000292194420716929e-01
1.999367290244979112e-01
1.998444175310263027e-01
1.997522844166104150e-01
1.996603291384852208e-01
1.995685511561537673e-01
1.994769499313742422e-01
1.993855249281475117e-01
1.992945203079501126e-01
1.992039256977996831e-01
1.991135037340414360e-01
1.990240115099846108e-01
1.989346969844993651e-01
1.988455511405579357e-01
1.987565734766017223e-01
1.986677634931141856e-01
1.985791206926090235e-01
1.984910937334171122e-01
1.984035857758576771e-01
1.983162410740957338e-01
1.982293029204445778e-01
1.981428498959145468e-01
1.980568277237728103e-01
1.979713153311729312e-01
1.978859713911877982e-01
1.978007842568817454e-01
1.977158013442390228e-01
1.976314806704472793e-01
1.975473127855511823e-01
1.974632972520374286e-01
1.973794336341165578e-01
1.972957214977138773e-01
1.972121604104600245e-01
1.971287499416819189e-01
1.970454896623936580e-01
1.969623791452873862e-01
1.968794179647245790e-01
1.967966056967268840e-01
1.967139883332456873e-01
1.966315645793306754e-01
1.965495628876434142e-01
1.964677076550020440e-01
1.963865125921381571e-01
1.963060518546513311e-01
1.962260100355215919e-01
1.961461090588548228e-01
1.960663485338724199e-01
1.959869225424957506e-01
1.959079018302598840e-01
1.958291679840583888e-01
1.957506888353293395e-01
1.956723466434492076e-01
1.955941410317411644e-01
1.955160716249680353e-01
1.954381681508165214e-01
1.953605894966199963e-01
1.952831450236119926e-01
1.952058343633867876e-01
1.951286571489584953e-01
1.950516130147529614e-01
1.949747646348187202e-01
1.948984612797618199e-01
1.948223367839677922e-01
1.947463952394718756e-01
1.946705825035170145e-01
1.945949828907911905e-01
1.945197630602323313e-01
1.944448474508334301e-01
1.943701139245622156e-01
1.942955060102542209e-01
1.942210233705125577e-01
1.941468992562906670e-01
1.940731748401677281e-01
1.940001350476417419e-01
1.939272240560652449e-01
1.938544335660084827e-01
1.937817632575349613e-01
1.937092128119260459e-01
1.936372550281736660e-01
1.935662862383042693e-01
1.934958002153757128e-01
1.934254280445041330e-01
1.933555330073009060e-01
1.932857724372525066e-01
1.932161238690887073e-01
1.931465870128718232e-01
1.930775702719968179e-01
1.930087235332105522e-01
1.929400507222079064e-01
1.928714874200080642e-01
1.928030333412249775e-01
1.927346882015638085e-01
1.926664517178150460e-01
1.925983236078480654e-01
1.925303035906052451e-01
1.924627465689412731e-01
1.923955703338467160e-01
1.923284995995157565e-01
1.922621435578779625e-01
1.921962097432524386e-01
1.921306531941798790e-01
1.920651983224928860e-01
1.919998448692483983e-01
1.919345925764759098e-01
1.918694411871720573e-01
1.918043904452953197e-01
1.917396557299196058e-01
1.916754077665463463e-01
1.916115701513324832e-01
1.915478301745575929e-01
1.914841875895155199e-01
1.914206421504176803e-01
1.913571983651678188e-01
1.912940480019149347e-01
1.912309932234442789e-01
1.911680337911768612e-01
1.911051694674052726e-01
1.910425013168020603e-01
1.909800589628105616e-01
1.909177108132335543e-01
1.908554566316807144e-01
1.907932961826303009e-01
1.907312292314249924e-01
1.906692555442668358e-01
1.906073748882129160e-01
1.905455870311708599e-01
1.904846580531601719e-01
1.904242514303159661e-01
1.903642295608240775e-01
1.903042954015662924e-01
1.902444487380921256e-01
1.901846893567236407e-01
1.901250170445507592e-01
1.900654315894280133e-01
1.900060758742922462e-01
1.899468967988729717e-01
1.898878041137426753e-01
1.898287976071253158e-01
1.897699901898337316e-01
1.897114822872960349e-01
1.896532633877533736e-01
1.895951288149685388e-01
1.895370783624823752e-01
