1.229195664506800956e+00
8.190236446217519228e-01
7.742087221246936046e-01
7.393128314287503722e-01
7.086159473533747422e-01
6.816326241121596352e-01
6.575115363852283012e-01
6.356806597199712305e-01
6.158950019308497836e-01
5.976971572985878556e-01
5.810286867039035075e-01
5.656211339656319614e-01
5.513062539419174568e-01
5.381072975036612638e-01
5.258990557325557980e-01
5.145037330623265515e-01
5.040000852010536603e-01
4.941272631452556796e-01
4.847307497908373008e-01
4.757518217721503628e-01
4.672934142283998726e-01
4.592889725631841280e-01
4.516829125394791200e-01
4.444640039536195686e-01
4.375822377279835473e-01
4.310002569663601846e-01
4.247315278836432118e-01
4.187530059043144126e-01
4.130009648977265302e-01
4.075086676949389308e-01
4.022392938597625922e-01
3.971882665579300475e-01
3.923460032364684547e-01
3.876747635120548763e-01
3.831584592941642553e-01
3.788525496085253796e-01
3.747892227231846007e-01
3.709203734206584224e-01
3.672073707956148847e-01
3.636578017617536629e-01
3.602213409984832415e-01
3.569198338010132199e-01
3.537482420794705318e-01
3.506722068892307864e-01
3.476891819510272708e-01
3.447898290185946180e-01
3.419674876630926508e-01
3.392515651956448663e-01
3.366399454346965525e-01
3.341063760602973054e-01
3.316862947339480616e-01
3.293416136248465964e-01
3.270662480834399810e-01
3.248671982124721191e-01
3.227713783240396261e-01
3.207372410547565944e-01
3.187539126902725894e-01
3.168220505717160296e-01
3.149326010427024314e-01
3.131114593760266351e-01
3.113560353310559359e-01
3.096502767533144684e-01
3.079876240046581781e-01
3.063759394939382097e-01
3.048065249614612116e-01
3.032628300694896750e-01
3.017485021825204172e-01
3.002808843562119745e-01
2.988586161304975786e-01
2.974666738049593362e-01
2.961124195041181517e-01
2.947915263727991508e-01
2.935004052487148463e-01
2.922306718832077821e-01
2.909947117531953009e-01
2.897952180472522787e-01
2.886114527090869464e-01
2.874569421887420706e-01
2.863316529624891360e-01
2.852327636852153847e-01
2.841488191622828507e-01
2.830768442985148736e-01
2.820196542614159529e-01
2.809851909647327339e-01
2.799647020294775968e-01
2.789575207397080869e-01
2.779670172577437537e-01
2.769939346351271703e-01
2.760447099701520135e-01
2.751090536443079881e-01
2.741870332082722017e-01
2.732908965800576184e-01
2.724172293749597129e-01
2.715613274425025536e-01
2.707213408694448264e-01
2.698918910735904064e-01
2.690718807546989000e-01
2.682629264089415044e-01
2.674696802804159002e-01
2.666931503282267135e-01
2.659248582026558227e-01
2.651664708913890056e-01
2.644217757733758889e-01
2.636913411593867496e-01
2.629762676027108115e-01
2.622727378694084122e-01
2.615798827668976978e-01
2.608945713834886493e-01
2.602184690799110856e-01
2.595560531479935706e-01
2.589027564775377432e-01
2.582606917718881512e-01
2.576263594027280446e-01
2.570079598020711398e-01
2.564021156734099804e-01
2.558023359691473653e-01
2.552071064231254960e-01
2.546227096247149491e-01
2.540511897347090264e-01
2.534949850457416387e-01
2.529445750941423654e-01
2.524007307449828152e-01
2.518634445272815992e-01
2.513376816854831497e-01
2.508170275319869247e-01
2.503006784852822575e-01
2.497887236002001299e-01
2.492819080002137977e-01
2.487793751333786940e-01
2.482859723643092154e-01
2.477957729274328502e-01
2.473087470378554642e-01
2.468248651808619687e-01
2.463440981120230966e-01
2.458666770057482964e-01
2.453948490422721840e-01
2.449341136212193071e-01
2.444767239666929270e-01
2.440225989643760862e-01
2.435741513183678209e-01
2.431333170565375956e-01
2.426957018845169456e-01
2.422625847864843529e-01
2.418372603979934143e-01
2.414172812780031596e-01
2.409997343084276933e-01
2.405845994111002750e-01
2.401718566452924752e-01
2.397614862096532629e-01
2.393551426448760622e-01
2.389519763513718309e-01
2.385524078438564233e-01
2.381562239532440672e-01
2.377635429741244977e-01
2.373742372664509048e-01
2.369875752600758279e-01
2.366039073182961139e-01
2.362223351390366766e-01
2.358451314114195785e-01
2.354757851235377841e-01
2.351094236024371120e-01
2.347458277470096943e-01
2.343855780964176905e-01
2.340275910761058509e-01
2.336722664461438059e-01
2.333205583678197859e-01
2.329721224877387420e-01
2.326262173027805191e-01
2.322824096370395830e-01
2.319428975690206451e-01
2.316069561720731362e-01
2.312758912936087596e-01
2.309484254723702390e-01
2.306229086770313352e-01
2.302990213025580546e-01
2.299767501170112693e-01
2.296560820172212081e-01
2.293370040278588928e-01
2.290195033004941150e-01
2.287035671126412539e-01
2.283891828667916346e-01
2.280768932399191429e-01
2.277685495566030283e-01
2.274632646029972616e-01
2.271607753873807478e-01
2.268633056706685913e-01
2.265681581203188577e-01
2.262744000914372888e-01
2.259820205398952175e-01
2.256910085367024033e-01
2.254013532667988040e-01
2.251130440278520384e-01
2.248260702290610091e-01
2.245404213899646340e-01
2.242560871392584032e-01
2.239730572136162390e-01
2.236913214565205144e-01
2.234110571285971847e-01
2.231325893451882869e-01
2.228557583161979994e-01
2.225807594241024367e-01
2.223078652086887541e-01
2.220361850862769271e-01
2.217657098429990925e-01
2.214964303604214646e-01
2.212283376144467684e-01
2.209614226742262211e-01
2.206957002620487385e-01
2.204316815648895422e-01
2.201696943866884304e-01
2.199088362678628117e-01
2.196490988437529435e-01
2.193908691003764455e-01
2.191344135518975000e-01
2.188801206790861875e-01
2.186276062253510455e-01
2.183761594613522483e-01
2.181260633824055328e-01
2.178773268218465731e-01
2.176301929087069431e-01
2.173842042347147174e-01
2.171394011412725589e-01
2.168955946883833197e-01
2.166527778385518022e-01
2.164109436273308207e-01
2.161700851623618302e-01
2.159312027290638814e-01
2.156935318046319938e-01
2.154568465797088994e-01
2.152215397838819488e-01
2.149886458278287005e-01
2.147580765905326705e-01
2.145284071144444304e-01
2.142996312289241201e-01
2.140717428268492095e-01
2.138447358637769469e-01
2.136186043571185467e-01
2.133933423853258127e-01
2.131694531718157370e-01
2.129479830138275853e-01
2.127274815470015790e-01
2.125079236794135684e-01
2.122892333964864764e-01
2.120718873460094855e-01
2.118555093390006583e-01
2.116415052806797648e-01
2.114284103866342912e-01
2.112160893921407601e-01
2.110045374467249268e-01
2.107938272753385467e-01
2.105840391657310684e-01
2.103750098219200060e-01
2.101667345086002392e-01
2.099603532014045204e-01
2.097547256986330433e-01
2.095498308329815373e-01
2.093456641126039963e-01
2.091422210868975062e-01
2.089400112886677097e-01
2.087385775114423414e-01
2.085391206461351954e-01
2.083420780857968002e-01
2.081461963400404180e-01
2.079515008020183797e-01
2.077591178840960118e-01
2.075689222638895937e-01
2.073802765153554828e-01
2.071926343316898289e-01
2.070059483534881783e-01
2.068206338088733054e-01
2.066359194243102548e-01
2.064518019081516553e-01
2.062685371697131897e-01
2.060863292416302006e-01
2.059047021557926516e-01
2.057256703341668880e-01
2.055473440757600856e-01
2.053706827389491230e-01
2.051946488131209667e-01
2.050194546487585923e-01
2.048452151306322799e-01
2.046715154280715765e-01
2.044990345609508930e-01
2.043287257603527973e-01
2.041590657035479706e-01
2.039899629321616226e-01
2.038217184622979627e-01
2.036549003280667958e-01
2.034888352166686343e-01
2.033232694204992752e-01
2.031583552987237806e-01
2.029940167429983844e-01
2.028314822767320891e-01
2.026697023521709107e-01
2.025084010684214397e-01
2.023475759965439047e-01
2.021875022887565931e-01
2.020280382337960312e-01
2.018690421059226303e-01
2.017105115463427301e-01
2.015533361219061514e-01
2.013969592058888203e-01
2.012411504946205187e-01
2.010862737025649327e-01
2.009319198248004645e-01
2.007790107408145286e-01
2.006265381507448542e-01
2.004744999105268211e-01
2.003238943119068916e-01
2.001745182433370129e-01
2.000255621746399870e-01
1.998770240734513981e-01
1.997289019227274365e-01
1.995811937205830278e-01
1.994338974801313225e-01
1.992870112293257945e-01
1.991406967925862803e-01
1.989951633396138675e-01
1.988500309137869182e-01
1.987061697986670927e-01
1.985631353328542181e-01
1.984207624977545603e-01
1.982795540533591749e-01
1.981408113801192417e-01
1.980033486386702235e-01
1.978664814048366194e-01
1.977311791919431072e-01
1.975968365506305391e-01
1.974628384047485419e-01
1.973292444532827317e-01
1.971960398701895212e-01
1.970636323731474460e-01
1.969316256033779577e-01
1.968002528353251790e-01
1.966695142193673196e-01
1.965392611134650913e-01
1.964094707653725735e-01
1.962803805134579194e-01
1.961516595545106378e-01
1.960232561692710207e-01
1.958959150087363488e-01
1.957693099843923479e-01
1.956433273036593534e-01
1.955176490998935535e-01
1.953932679450723908e-01
1.952705628452082454e-01
1.951489821363671384e-01
1.950288055339739757e-01
1.949093514720241782e-01
1.947901738191412380e-01
1.946716587197995507e-01
1.945534386187274534e-01
1.944354913509654947e-01
1.943178158498328478e-01
1.942004110553839924e-01
1.940833718458668256e-01
1.939666401823107456e-01
1.938501767765788419e-01
1.937339805792599179e-01
1.936180505475331437e-01
1.935029079009287778e-01
1.933881345386829487e-01
1.932736231713255426e-01
1.931596700618254669e-01
1.930461417647039435e-01
1.929333266372236233e-01
1.928212750315916046e-01
1.927097105714102865e-01
1.925984189233208022e-01
1.924881478705607607e-01
1.923785520245537561e-01
1.922692764083732964e-01
1.921611375897520901e-01
1.920534883721906616e-01
1.919463356319235370e-01
1.918394180296392193e-01
1.917329018481881420e-01
1.916267569368592105e-01
1.915209553950385779e-01
1.914154659630523947e-01
1.913102038634575119e-01
1.912051682477957371e-01
1.911003582727980876e-01
1.909957731003358306e-01
1.908914118973728813e-01
1.907872738359186193e-01
1.906833580929815086e-01
1.905796638505226626e-01
1.904761902954105190e-01
1.903729366193759320e-01
1.902703986141793535e-01
1.901688283378777378e-01
1.900674717710028605e-01
1.899663778413889781e-01
1.898660560970688860e-01
1.897659920285742208e-01
1.896661346649496926e-01
1.895664832771341846e-01
1.894670371402336351e-01
1.893681733472147577e-01
1.892702285602368417e-01
1.891724838468534509e-01
1.890750538789804369e-01
1.889782530072274536e-01
1.888818688734137385e-01
1.887862391763567294e-01
1.886908029096420469e-01
1.885955593984304512e-01
1.885005079717478882e-01
1.884058473258770350e-01
1.883128306830815502e-01
1.882205145688605197e-01
1.881283802218189916e-01
1.880364270317492759e-01
1.879446543917909496e-01
1.878530616984011858e-01
1.877618753298085919e-01
1.876711401353076403e-01
1.875808956869350064e-01
1.874910106791983500e-01
1.874013002011871709e-01
1.873117636796065577e-01
1.872224005441504580e-01
1.871332102274769482e-01
1.870441921651841144e-01
1.869553457957858766e-01
1.868669930345355501e-01
1.867799025943145397e-01
1.866930649621948990e-01
1.866063905211406970e-01
1.865198787594746499e-01
1.864335291680227769e-01
1.863473412400947216e-01
1.862613144714648505e-01
1.861754483603530741e-01
1.860899118195746826e-01
1.860046599147502644e-01
1.859195970115792573e-01
1.858346908867832825e-01
1.857499410613877577e-01
1.856653470586991095e-01
1.855809084042874535e-01
1.854966246259697471e-01
1.854128200962415762e-01
1.853293501678000277e-01
1.852464035560707212e-01
1.851636072426701973e-01
1.850811931879567385e-01
1.849989908674350703e-01
1.849169365219620886e-01
1.848351506396975485e-01
1.847539237611933449e-01
1.846728418611343348e-01
1.845919530587984414e-01
1.845115518949841937e-01
1.844314071997695259e-01
1.843523578575664845e-01
1.842738368756873801e-01
1.841960244820892989e-01
1.841183476272252595e-01
1.840408059099708227e-01
1.839633989311473816e-01
1.838861262935060914e-01
1.838089876017129642e-01
1.837321322514474109e-01
1.836555632831119167e-01
1.835791244979852188e-01
1.835028155275009176e-01
1.834266360047844546e-01
1.833505855646395954e-01
1.832746638435356623e-01
1.831988704795942113e-01
1.831232051125766536e-01
1.830476673838713486e-01
1.829722569364809204e-01
1.828969734150106274e-01
1.828218164656552902e-01
1.827469384513108475e-01
1.826724252278748017e-01
1.825984213030452663e-01
1.825247632763659089e-01
1.824512272867757079e-01
1.823778129960381966e-01
1.823045200674140720e-01
1.822315123176662666e-01
1.821586425352391958e-01
1.820858921530493224e-01
1.820133623723166616e-01
1.819414673310711383e-01
1.818698277703219290e-01
1.817988688819036358e-01
1.817283198488651996e-01
1.816580238974782047e-01
1.815878781859600888e-01
1.815178420120642233e-01
1.814479151002673651e-01
1.813786393245184758e-01
1.813095197821619764e-01
1.812405082973575499e-01
1.811716045945775677e-01
1.811028083993733162e-01
1.810342630922426588e-01
1.809661313944790073e-01
1.808981052673095391e-01
1.808301844418656601e-01
1.807623686503374016e-01
1.806946576259669812e-01
1.806270511030416970e-01
1.805597622070568842e-01
1.804927118058617663e-01
1.804260490298809083e-01
1.803594876043550788e-01
1.802932350898179270e-01
1.802274195806317647e-01
1.801617035293194002e-01
1.800960866895760237e-01
1.800305688160220574e-01
1.799655047436300725e-01
1.799006348762015317e-01
1.798363749706282377e-01
1.797725023246747877e-01
1.797087793930891297e-01
1.796451496249651114e-01
1.795816127996575362e-01
1.795181686972989465e-01
1.794548170987949609e-01
1.793915577858200550e-01
1.793283905408130097e-01
1.792653151469727479e-01
1.792023313882537272e-01
1.791394390493621369e-01
1.790766379157512633e-01
1.790139277736175205e-01
1.789513084098963147e-01
1.788887796122579088e-01
1.788266658862867342e-01
1.787652139498596970e-01
1.787041855790607592e-01
1.786433524385493132e-01
1.785826048878188521e-01
1.785222277420314974e-01
1.784620774205579463e-01
1.784020109094291984e-01
1.783420280220941734e-01
1.782824866677142073e-01
1.782230692143731976e-01
1.781637335038980252e-01
1.781045135898143283e-01
1.780460899012520082e-01
1.779877713235630821e-01
1.779295318651804014e-01
1.778713713569987087e-01
1.778132896304194521e-01
1.777552865173482877e-01
1.776973618501930807e-01
1.776395154618613526e-01
1.775818400136864317e-01
1.775242709150972598e-01
1.774667790861507166e-01
1.774096051562348841e-01
1.773527951359035737e-01
1.772960605319406358e-01
1.772394011871122610e-01
1.771828526760498568e-01
1.771263941549049703e-01
1.770700101885532562e-01
1.770137006226336351e-01
1.769574653032265632e-01
1.769015891770362170e-01
1.768457958147722220e-01
1.767900758100322267e-01
1.767344290113522509e-01
1.766788552676937241e-01
1.766233544284423196e-01
1.765679795909743388e-01
1.765130225936495378e-01
1.764581631303956399e-01
1.764036824496426348e-01
1.763494772212518547e-01
1.762953843716369706e-01
1.762414441500543272e-01
1.761875730365604076e-01
1.761337708933543300e-01
1.760800375829957576e-01
1.760263729684040657e-01
1.759727769128566488e-01
1.759192492799879770e-01
1.758657899337883468e-01
1.758123987386027154e-01
1.757590755591295073e-01
1.757059163079312258e-01
1.756528994698690060e-01
1.755999492945471141e-01
1.755476638874617912e-01
1.754959067434342102e-01
1.754445269522330875e-01
1.753932386670242760e-01
1.753420136579080246e-01
1.752908518042144426e-01
1.752397529855739267e-01
