7.051261280142823162e-01
5.712753637373197968e-01
5.387318003635761521e-01
5.201136572316503726e-01
5.053969966300894123e-01
4.925181263032694101e-01
4.809705604747976926e-01
4.706013408803678133e-01
4.611279676281533901e-01
4.523928146431293040e-01
4.442787116140938242e-01
4.367854704401146759e-01
4.298655029830993901e-01
4.234846225072839143e-01
4.175385201592022311e-01
4.119874195719579468e-01
4.068414560927786083e-01
4.020330826752940290e-01
3.975063452260630958e-01
3.931967561041436743e-01
3.890613363664303104e-01
3.851447169242161461e-01
3.814300060274523618e-01
3.778775691661686031e-01
3.744599547772844428e-01
3.711751174780235085e-01
3.680393105231678508e-01
3.650645765719023328e-01
3.622341101544809261e-01
3.595684544154527651e-01
3.570270592718109426e-01
3.545878088459358812e-01
3.522737669743275513e-01
3.500596931230046671e-01
3.479188698120985745e-01
3.458331537891634055e-01
3.438171498628418976e-01
3.418726472390892224e-01
3.400203273030599216e-01
3.382490782061258194e-01
3.365485397006552359e-01
3.349083121833891230e-01
3.333278557226248551e-01
3.317866298753888721e-01
3.302925704883329927e-01
3.288425604661388002e-01
3.274432140369636923e-01
3.260875462871297703e-01
3.247623032583493718e-01
3.234764497740180156e-01
3.222278228170819547e-01
3.210060037278595901e-01
3.198091246140638555e-01
3.186359793589608191e-01
3.174850305816629970e-01
3.163615674967271141e-01
3.152604995164967061e-01
3.141852407565773331e-01
3.131371301218550673e-01
3.121097591952212147e-01
3.111065788103695717e-01
3.101257344241052927e-01
3.091812128654187197e-01
3.082652874311590518e-01
3.073648412294001098e-01
3.064804434635424735e-01
3.056159331880782815e-01
3.047678733927935424e-01
3.039383761276852614e-01
3.031256041930431300e-01
3.023369990532695506e-01
3.015707151504622985e-01
3.008212681838294822e-01
3.000875425790123230e-01
2.993717697411747425e-01
2.986676899785504768e-01
2.979818939869180450e-01
2.973051296411770572e-01
2.966385108405260596e-01
2.959817895974380386e-01
2.953362517858858505e-01
2.947020084758567027e-01
2.940814296887150903e-01
2.934689455955593607e-01
2.928637817402139354e-01
2.922706487328097236e-01
2.916886157569064664e-01
2.911210532129844264e-01
2.905686221652121204e-01
2.900289926382451089e-01
2.894975849851748606e-01
2.889741671430691716e-01
2.884588457292458497e-01
2.879498421737531344e-01
2.874502093006765513e-01
2.869558916838945706e-01
2.864666687256448574e-01
2.859824568561820657e-01
2.855044131989387668e-01
2.850390581871187767e-01
2.845818604514208094e-01
2.841371552618976448e-01
2.837056227580563306e-01
2.832847174661465850e-01
2.828685319498892570e-01
2.824570138073435599e-01
2.820520312041083777e-01
2.816532539210157005e-01
2.812619374649767967e-01
2.808766987565268769e-01
2.804958505028037896e-01
2.801197507198064374e-01
2.797478017093289471e-01
2.793804880819307224e-01
2.790167716228468819e-01
2.786596940182164972e-01
2.783073023054331574e-01
2.779607741041463798e-01
2.776195701949570327e-01
2.772812612612181593e-01
2.769473662577236484e-01
2.766167949070814647e-01
2.762904358793664139e-01
2.759686477572372842e-01
2.756503679031889753e-01
2.753355007608138671e-01
2.750239108433676360e-01
2.747180400903982411e-01
2.744147898762382409e-01
2.741139423309871259e-01
2.738165783665454378e-01
2.735252658285440286e-01
2.732382371541839383e-01
2.729543636856511801e-01
2.726726917440459030e-01
2.723935295807065615e-01
2.721175842738877138e-01
2.718440235982359510e-01
2.715745209146128158e-01
2.713072455186224530e-01
2.710419793866429838e-01
2.707786995453397294e-01
2.705200308624407524e-01
2.702650902634328167e-01
2.700130370362516241e-01
2.697665805393266725e-01
2.695231233109540159e-01
2.692849579249572689e-01
2.690484615828038772e-01
2.688144087216716716e-01
2.685827238082934554e-01
2.683553112914460193e-01
2.681305413166765184e-01
2.679079524877893692e-01
2.676870000854941201e-01
2.674705367279614499e-01
2.672569881606635667e-01
2.670454522346441539e-01
2.668355295510054792e-01
2.666269588245913646e-01
2.664210279231209455e-01
2.662167144811100616e-01
2.660137000001815966e-01
2.658125332115247041e-01
2.656140229769666794e-01
2.654167539342927595e-01
2.652208187663918637e-01
2.650264258170290654e-01
2.648352897895556723e-01
2.646466140972996706e-01
2.644609066636369743e-01
2.642763277258949883e-01
2.640940779184824394e-01
2.639129475476296172e-01
2.637328999928468254e-01
2.635541165881238879e-01
2.633773719632845345e-01
2.632016740316128200e-01
2.630279403293050988e-01
2.628571737888355520e-01
2.626886585862764911e-01
2.625212809058193320e-01
2.623564692887133676e-01
2.621938725729460740e-01
2.620329864947318343e-01
2.618745622788011262e-01
2.617186708296901920e-01
2.615637133545620219e-01
2.614096592247827644e-01
2.612565005515115057e-01
2.611051513112963574e-01
2.609553662722894907e-01
2.608064346996157856e-01
2.606593849666123397e-01
2.605152522321328989e-01
2.603727398338036569e-01
2.602310155896014332e-01
2.600911085608755280e-01
2.599558686832607046e-01
2.598219133506273204e-01
2.596889357427220046e-01
2.595577456202491362e-01
2.594274701055389598e-01
2.592986262060541502e-01
2.591707419811994928e-01
2.590436450851484329e-01
2.589181410666873129e-01
2.587945860625067707e-01
2.586723025407691723e-01
2.585508848300204776e-01
2.584300987760352886e-01
2.583099396729757746e-01
2.581904028653138616e-01
2.580717951137919131e-01
2.579557422103650466e-01
2.578425444917432641e-01
2.577299825411167866e-01
2.576200966070564813e-01
2.575118527602947016e-01
2.574054124000081378e-01
2.573002909519216952e-01
2.571971019027997629e-01
2.570959756208865410e-01
2.569954902579834055e-01
2.568955069700990523e-01
2.567960471697516844e-01
2.566974292532663848e-01
2.565992973301108315e-01
2.565016480939962262e-01
2.564045388577413931e-01
2.563085056858132038e-01
2.562134777848000811e-01
2.561192569568519484e-01
2.560265750400646523e-01
2.559348328780541304e-01
2.558439592447263600e-01
2.557542352230708360e-01
2.556649784973921147e-01
2.555761440649506611e-01
2.554880460839253353e-01
2.554013705418505809e-01
2.553153124492545389e-01
2.552297865293677859e-01
2.551455970916987614e-01
2.550624808402707777e-01
2.549801667543435402e-01
2.548986467580590665e-01
2.548189400793388626e-01
2.547410827213270612e-01
2.546639035729475475e-01
2.545875996243758821e-01
2.545123893398772430e-01
2.544378960205981310e-01
2.543637496252361130e-01
2.542907071385009932e-01
2.542185124655016448e-01
2.541466471378361902e-01
2.540751090886141372e-01
2.540038962680901680e-01
2.539340497062495539e-01
2.538646109956647634e-01
2.537954833220851802e-01
2.537270045784665862e-01
2.536599879478221853e-01
2.535933870882395857e-01
2.535270780775762400e-01
2.534610591771117027e-01
2.533953286613269684e-01
2.533298848177780727e-01
2.532647259469725798e-01
2.531998503622461816e-01
2.531353028226933644e-01
2.530719237226854990e-01
2.530089614665238518e-01
2.529462701689866866e-01
2.528838482193867532e-01
2.528216940195854301e-01
2.527598059838661593e-01
2.526981825388093239e-01
2.526372664498572340e-01
2.525771474281268691e-01
2.525173520896724089e-01
2.524578097180300018e-01
2.523985481078055426e-01
2.523395374791718160e-01
2.522807750295223972e-01
2.522222593253427014e-01
2.521639889439384330e-01
2.521059624733312243e-01
2.520481785121553298e-01
2.519906356695552629e-01
2.519335895210580989e-01
2.518773437729519560e-01
2.518213311879534122e-01
2.517655504399100574e-01
2.517106163477830783e-01
2.516564912232255868e-01
2.516025864184413541e-01
2.515489007011935119e-01
2.514954328482016943e-01
2.514421816450604918e-01
2.513894812831642400e-01
2.513371827117380497e-01
2.512850930142714323e-01
2.512332110533649354e-01
2.511815356995025783e-01
2.511300658309855716e-01
2.510788003338668140e-01
2.510277381018863330e-01
2.509768780364071139e-01
2.509262190463514286e-01
2.508758172033387357e-01
2.508259907476587669e-01
2.507763603634763916e-01
2.507269249895278107e-01
2.506783903344523834e-01
2.506304840099398135e-01
2.505829891376761820e-01
2.505357147241511484e-01
2.504897462315155421e-01
2.504444951655984686e-01
2.503997365907646433e-01
2.503554173599918942e-01
2.503119193227752448e-01
2.502687352524715081e-01
2.502257124578171621e-01
2.501828501299410701e-01
2.501401474649405099e-01
2.500976036638468680e-01
2.500552179325909452e-01
2.500131795520630917e-01
2.499719213222329206e-01
2.499308152561075247e-01
2.498908184637766150e-01
2.498513959196982936e-01
2.498121168957823934e-01
2.497729806988236989e-01
2.497339866395570651e-01
2.496951340326342417e-01
2.496564221966018904e-01
2.496178504538790477e-01
2.495794181307350867e-01
2.495411245572672077e-01
2.495029690673788159e-01
2.494649509987569014e-01
2.494270696928506670e-01
2.493896258148592948e-01
2.493536514748317667e-01
2.493182831204265315e-01
2.492831443360137567e-01
2.492485403684344958e-01
2.492140562199631759e-01
2.491796913319906659e-01
2.491454451490294764e-01
2.491113588809677204e-01
2.490775617012704890e-01
2.490438802518969152e-01
2.490103139947246191e-01
2.489768623946934933e-01
2.489435249197860522e-01
2.489109790225510488e-01
2.488791201164216038e-01
2.488473669327176396e-01
2.488157190038086108e-01
2.487841758644592505e-01
2.487527370518181624e-01
2.487214021054068025e-01
2.486901705671081819e-01
2.486590419811558761e-01
2.486280630913232093e-01
2.485972332356119752e-01
2.485665053586014195e-01
2.485358790071859059e-01
2.485053537306361193e-01
2.484750128973412520e-01
2.484452741700987621e-01
2.484157072466465221e-01
2.483862360029165106e-01
2.483568600227286649e-01
2.483275788920410732e-01
2.482983921989386222e-01
2.482694366420293841e-01
2.482405866404203687e-01
2.482118286520881567e-01
2.481831622822558703e-01
2.481545871381522494e-01
2.481261028290016601e-01
2.480977089660139634e-01
2.480694051623753005e-01
2.480413663948172753e-01
2.480134911693117061e-01
2.479857038311231721e-01
2.479580040097384697e-01
2.479306326261300486e-01
2.479038386907160274e-01
2.478771282442852886e-01
2.478505009323626052e-01
2.478239564022657604e-01
2.477974943030969990e-01
2.477711142857346449e-01
2.477448160028238588e-01
2.477185991087682837e-01
2.476924632597212739e-01
2.476664081135771800e-01
2.476404333299628002e-01
2.476145385702286095e-01
2.475887234974401274e-01
2.475629877763695086e-01
2.475374208926530706e-01
2.475120813415246368e-01
2.474872394268224363e-01
2.474624736958399018e-01
2.474379186624952320e-01
2.474138966886226254e-01
2.473899711533341095e-01
2.473661156739346001e-01
2.473423299689051780e-01
2.473186137580895838e-01
2.472949667626879178e-01
2.472713887052499782e-01
2.472478793096692107e-01
2.472245366458355464e-01
2.472012677264165681e-01
2.471780662560885966e-01
2.471549319641598019e-01
2.471318645812623505e-01
2.471088638393461323e-01
2.470859294716724330e-01
2.470632037848010387e-01
2.470405692129396258e-01
2.470179999390060832e-01
2.469955133793756974e-01
2.469731739160190842e-01
2.469509052555107498e-01
2.469290576822077699e-01
2.469072721779896062e-01
2.468855484967482916e-01
2.468639212762863966e-01
2.468424758364340943e-01
2.468210910865947239e-01
2.467997667862801836e-01
2.467785026961871186e-01
2.467572985781903150e-01
2.467361541953372872e-01
2.467150693118413396e-01
2.466940436930757929e-01
2.466730771055680171e-01
2.466524391943456795e-01
2.466320193817802542e-01
2.466119146906529946e-01
2.465919000269884143e-01
2.465720127187268906e-01
2.465525797549931730e-01
2.465332011863220762e-01
2.465138767947160914e-01
2.464946063632946216e-01
2.464753896762877095e-01
2.464562265190293477e-01
2.464371166779518174e-01
2.464180658861965523e-01
2.463990838484570456e-01
2.463801546432259348e-01
2.463612780600869523e-01
2.463424538896994975e-01
2.463236869047160382e-01
2.463051258845624647e-01
2.462868339494811709e-01
2.462686497524356199e-01
2.462508006550973294e-01
2.462331704780881814e-01
2.462155871565396559e-01
2.461980505130446917e-01
2.461805603710487123e-01
2.461631165548454903e-01
2.461458828697406509e-01
2.461287056369159398e-01
2.461118279499280304e-01
2.460950585581329342e-01
2.460783330192012064e-01
2.460616511687838959e-01
2.460450128433284700e-01
2.460284178800744570e-01
2.460118661170493382e-01
2.459953573930645510e-01
2.459788915477114091e-01
2.459624684213565227e-01
2.459460878551386342e-01
2.459297496909635394e-01
2.459134537715005620e-01
2.458972688673875251e-01
2.458815468557933315e-01
2.458658657505430334e-01
2.458502244284423155e-01
2.458346227440433573e-01
2.458191468765854315e-01
2.458039361503962517e-01
2.457887731860886327e-01
2.457736488938922215e-01
2.457585631304792517e-01
2.457435157532229797e-01
2.457285066201937151e-01
2.457135355901550189e-01
2.456986577112330594e-01
2.456838813704438074e-01
2.456691426742166617e-01
2.456544414807176613e-01
2.456397776488322415e-01
2.456251510381617098e-01
2.456105615090183603e-01
2.455960089224216991e-01
2.455816878287281069e-01
2.455674078882183753e-01
2.455533320280079423e-01
2.455394349836627910e-01
2.455255727467891835e-01
2.455117451863615963e-01
2.454979521720322133e-01
2.454841935741269299e-01
2.454704692636413832e-01
2.454567791122367060e-01
2.454431229922354740e-01
2.454295007766178760e-01
2.454159123390175223e-01
2.454023575537173929e-01
2.453888362956463121e-01
2.453753484403744245e-01
2.453618938641097535e-01
2.453486397973936861e-01
2.453355922673561007e-01
2.453225762748568739e-01
2.453095917057494524e-01
2.452966384464665972e-01
2.452837163840163592e-01
2.452708254059787762e-01
2.452579654005020149e-01
2.452451362562995396e-01
2.452323378626456996e-01
2.452195701093727309e-01
2.452068328868674540e-01
2.451941540586469459e-01
2.451816938253679190e-01
2.451694224592431692e-01
2.451571793602479454e-01
2.451449644319603216e-01
2.451327775784211405e-01
2.451206187041312934e-01
2.451084877140490836e-01
2.450963845135875341e-01
2.450843090086117781e-01
2.450722611054360900e-01
2.450602407108215808e-01
2.450482477319733676e-01
2.450362820765380478e-01
2.450243436526010066e-01
2.450124323686839467e-01
2.450005481337422242e-01
2.449886908571624333e-01
2.449768604487597146e-01
2.449650568187752009e-01
2.449532798778736586e-01
2.449415748343417021e-01
2.449301374115149532e-01
2.449187269796254951e-01
2.449073419418451858e-01
2.448959822131810404e-01
2.448846487327888954e-01
2.448737037595215826e-01
2.448627829238385623e-01
2.448518861456537299e-01
2.448410133452641746e-01
2.448302099468971094e-01
2.448197043596150591e-01
2.448092453210664321e-01
2.447988092982567587e-01
2.447883962144314363e-01
2.447780059932067043e-01
2.447676385585688119e-01
2.447572938348706040e-01
2.447469717468299111e-01
2.447366722195269961e-01
2.447263951784025837e-01
2.447161405492554731e-01
2.447059082582403178e-01
2.446958858378417145e-01
2.446860162517845716e-01
2.446761675456321783e-01
2.446663396513392985e-01
2.446565325011906822e-01
2.446467460277994277e-01
2.446369801641046782e-01
2.446272348433698729e-01
2.446175377647865634e-01
2.446078652802637643e-01
2.445982129267431915e-01
2.445885806405120322e-01
2.445789683581549856e-01
2.445693760165530972e-01
2.445598035528813163e-01
2.445502509046071360e-01
2.445407180094885669e-01
