2.854415892615355110e-01
2.409028957453801523e-01
2.326842050974592957e-01
2.272027410888134424e-01
2.229174304644195581e-01
2.193440751651458964e-01
2.162730883919936897e-01
2.137908228171878922e-01
2.116297298032600305e-01
2.096544336866850711e-01
2.078836989203521057e-01
2.063126843543833522e-01
2.048433638654196531e-01
2.034721316296495552e-01
2.021914221037785508e-01
2.009821213585890887e-01
1.998529654372304398e-01
1.987754680846627320e-01
1.977389566079565120e-01
1.967409817608044287e-01
1.958063386434512332e-01
1.948980027444337237e-01
1.940437087047154063e-01
1.932079693275497168e-01
1.923871197460914062e-01
1.915852127318646569e-01
1.908027426271979021e-01
1.900372537555372332e-01
1.892864481645360197e-01
1.885657985033854511e-01
1.878690634161967743e-01
1.871895838775337051e-01
1.865402718430628493e-01
1.859051268717218930e-01
1.852816679295008206e-01
1.846779965073429564e-01
1.840889158304807871e-01
1.835185088445119850e-01
1.829629111946471098e-01
1.824146218941568587e-01
1.818727488677638893e-01
1.813374340491092640e-01
1.808128802143054437e-01
1.802956150152210391e-01
1.797894706875305670e-01
1.792925620227039663e-01
1.788021068926221591e-01
1.783236395423933862e-01
1.778510852024820232e-01
1.773837539866586210e-01
1.769276436894045290e-01
1.764817397929505649e-01
1.760420212277456209e-01
1.756074120879895506e-01
1.751805329455222160e-01
1.747669508438478292e-01
1.743669879434804615e-01
1.739757354596819239e-01
1.735916538475489324e-01
1.732112309422060292e-01
1.728344258365895891e-01
1.724611971245224307e-01
1.720915030327493378e-01
1.717284974732654623e-01
1.713699210279392982e-01
1.710146715534570372e-01
1.706627084220110890e-01
1.703149352570345332e-01
1.699740483281766412e-01
1.696396017489635033e-01
1.693083567286832736e-01
1.689802847744615033e-01
1.686569785792501608e-01
1.683437974231792589e-01
1.680380283112689888e-01
1.677375085906213648e-01
1.674398901302547038e-01
1.671449692815640542e-01
1.668534685992285327e-01
1.665666253686449716e-01
1.662849146464766836e-01
1.660055006745461692e-01
1.657299663567480541e-01
1.654568785608541981e-01
1.651862897506748418e-01
1.649181249901202351e-01
1.646533848362532471e-01
1.643914695931301684e-01
1.641322258644540288e-01
1.638755054633435904e-01
1.636225550634956560e-01
1.633724738613168970e-01
1.631244652360188119e-01
1.628801166583217497e-01
1.626386405163000592e-01
1.624007174120406238e-01
1.621645405653367733e-01
1.619300909894973439e-01
1.616973499232508826e-01
1.614662988309551739e-01
1.612369194024786956e-01
1.610094076481392300e-01
1.607867077037015147e-01
1.605660264779468493e-01
1.603469040489903796e-01
1.601293787165404825e-01
1.599143970278266158e-01
1.597020293733170948e-01
1.594911334365874678e-01
1.592816938916292169e-01
1.590736956021886750e-01
1.588671236202550130e-01
1.586619631844527478e-01
1.584581997183507340e-01
1.582559466657891822e-01
1.580562363234617740e-01
1.578581654339895890e-01
1.576633822031281718e-01
1.574699517810826122e-01
1.572783786888873603e-01
1.570882695398810869e-01
1.569002688633637232e-01
1.567139283729283572e-01
1.565287975761036066e-01
1.563456362031463986e-01
1.561639008182131860e-01
1.559836967881637060e-01
1.558047194305970662e-01
1.556268857602803035e-01
1.554501845762021883e-01
1.552761772398690565e-01
1.551046144121719372e-01
1.549360425128404328e-01
1.547686658004276128e-01
1.546023062899493372e-01
1.544369547061082426e-01
1.542735083406209518e-01
1.541147875995437788e-01
1.539585949341319704e-01
1.538033268754785410e-01
1.536489751049190111e-01
1.534955313917203690e-01
1.533429875923706664e-01
1.531913356498529055e-01
1.530413074792513761e-01
1.528938996905311598e-01
1.527474975318753869e-01
1.526035579204671755e-01
1.524609226576181531e-01
1.523190718648060604e-01
1.521782873591472907e-01
1.520401942650173310e-01
1.519028412859049770e-01
1.517662225441928636e-01
1.516303322140931942e-01
1.514962177477756633e-01
1.513631722948906855e-01
1.512310149520328939e-01
1.510995448101402627e-01
1.509687565871732362e-01
1.508386450453519934e-01
1.507092049910124798e-01
1.505804312744479512e-01
1.504523550542656296e-01
1.503263763679607012e-01
1.502011785117121634e-01
1.500766171225477175e-01
1.499526873034342511e-01
1.498293842007490384e-01
1.497084291241656817e-01
1.495899851080534082e-01
1.494721278706229450e-01
1.493548529533555713e-01
1.492381559375398348e-01
1.491220324439805900e-01
1.490064781327046783e-01
1.488914887026632772e-01
1.487775776981907772e-01
1.486650647436142114e-01
1.485532961094148952e-01
1.484423740894076915e-01
1.483320223625480827e-01
1.482222382554765350e-01
1.481138897428195822e-01
1.480065947467414933e-01
1.478998967029211409e-01
1.477936966705339639e-01
1.476881384415522358e-01
1.475835184211220785e-01
1.474794575628090854e-01
1.473761095352101314e-01
1.472739111897898578e-01
1.471721732365329771e-01
1.470708924078097390e-01
1.469702002171826005e-01
1.468714116634321776e-01
1.467755378957990575e-01
1.466805985363121845e-01
1.465860646761329433e-01
1.464919335777229437e-01
1.463989557045255741e-01
1.463069666203622998e-01
1.462153575498074953e-01
1.461241259621989808e-01
1.460332693489159728e-01
1.459427852231465206e-01
1.458526711196576620e-01
1.457629245945681606e-01
1.456737896858597836e-01
1.455851120786595954e-01
1.454967944208552244e-01
1.454088343367657687e-01
1.453212294713290276e-01
1.452339774898842029e-01
1.451470760779574320e-01
1.450605229410495689e-01
1.449743158044267677e-01
1.448884524129135654e-01
1.448031154171537382e-01
1.447181783278176093e-01
1.446335776990817223e-01
1.445493113507214933e-01
1.444653771211122373e-01
1.443817728670366840e-01
1.442984964634949907e-01
1.442161738755350087e-01
1.441345873771898156e-01
1.440533176985791530e-01
1.439723628101342578e-01
1.438917856145110197e-01
1.438119785113307902e-01
1.437324818897228185e-01
1.436532901897558112e-01
1.435744402540253262e-01
1.434964817953105487e-01
1.434188252631209692e-01
1.433414687060765302e-01
1.432644101896360656e-01
1.431876477959169169e-01
1.431111892301723254e-01
1.430351050891049969e-01
1.429597445491331276e-01
1.428850534081523016e-01
1.428106418605096795e-01
1.427365081527182111e-01
1.426626505459646088e-01
1.425890673159567745e-01
1.425157567527735869e-01
1.424427171607165477e-01
1.423699468581633154e-01
1.422974441774229049e-01
1.422252074645929676e-01
1.421532350794185995e-01
1.420820907267698052e-01
1.420113481402110467e-01
1.419408590952883631e-01
1.418707160352215557e-01
1.418008533089408496e-01
1.417312393094813383e-01
1.416622453268818749e-01
1.415937149198048250e-01
1.415254257649804781e-01
1.414573764318518001e-01
1.413895833780243749e-01
1.413226397860879446e-01
1.412559290081075170e-01
1.411894496696586565e-01
1.411232004071583668e-01
1.410571798677587585e-01
1.409913867092421613e-01
1.409258195999170682e-01
1.408613261729757815e-01
1.407979984149422825e-01
1.407348798762275699e-01
1.406719693863434650e-01
1.406092657833268034e-01
1.405476342829934389e-01
1.404867516647441694e-01
1.404260657137494928e-01
1.403655753357533342e-01
1.403052794444426266e-01
1.402453737103966369e-01
1.401859601697438562e-01
1.401267974485927159e-01
1.400679080952505207e-01
1.400099351584409568e-01
1.399521393302683991e-01
1.398945196677831015e-01
1.398372361694250610e-01
1.397801629369260223e-01
1.397233463875361958e-01
1.396673926455992698e-01
1.396116060426475236e-01
1.395559857045328422e-01
1.395005307630649005e-01
1.394452403559654496e-01
1.393901136268244079e-01
1.393353765629505303e-01
1.392809888485908865e-01
1.392267960163209861e-01
1.391727639829293817e-01
1.391188893518760517e-01
1.390651713186139837e-01
1.390116090839471352e-01
1.389582018539914365e-01
1.389049488401354893e-01
1.388518492590020970e-01
1.387992279798584139e-01
1.387472207422528747e-01
1.386955840835319143e-01
1.386445736287406916e-01
1.385943893196244503e-01
1.385443466239879018e-01
1.384944448172998888e-01
1.384446831799917565e-01
1.383951861641528336e-01
1.383462558340722848e-01
1.382974609216189588e-01
1.382488007375277661e-01
1.382002745973026359e-01
1.381521564605863450e-01
1.381051959940440554e-01
1.380583606223191317e-01
1.380116497286431598e-01
1.379650627004621322e-01
1.379185989294018644e-01
1.378729109431157396e-01
1.378275003506257146e-01
1.377822072169095635e-01
1.377370309724400554e-01
1.376919916904724150e-01
1.376471207910398009e-01
1.376025624510932854e-01
1.375581167121800452e-01
1.375137830397471506e-01
1.374695609028192822e-01
1.374254497739705039e-01
1.373814491292950080e-01
1.373375584483789158e-01
1.372940248624460180e-01
1.372507957578372739e-01
1.372078028883927103e-01
1.371653944720213902e-01
1.371230903115444322e-01
1.370808899247695500e-01
1.370387928326334548e-01
1.369967985591779847e-01
1.369549066315259855e-01
1.369131165798576910e-01
1.368714279373872966e-01
1.368298402403395342e-01
1.367883530279265514e-01
1.367469658423252077e-01
1.367056782286539540e-01
1.366646690907546424e-01
1.366241758064079825e-01
1.365837825212675716e-01
1.365434833466880604e-01
1.365032778644503786e-01
1.364631656589684883e-01
1.364231463172699277e-01
1.363832194289764932e-01
1.363434155403694115e-01
1.363042253548578664e-01
1.362651243489528541e-01
1.362261121314181089e-01
1.361871883134682104e-01
1.361484169913957376e-01
1.361099618407508316e-01
1.360715929632276000e-01
1.360333099855704220e-01
1.359951125368257518e-01
1.359570259607304765e-01
1.359195560230339328e-01
1.358823116410124987e-01
1.358451469960753888e-01
1.358080617565688153e-01
1.357710555928595686e-01
1.357341281773201680e-01
1.356972791843145398e-01
1.356605082901838344e-01
1.356238151732316877e-01
1.355871995137105102e-01
1.355506609938074147e-01
1.355141992976298393e-01
1.354778141111922518e-01
1.354415051224021338e-01
1.354053692031634837e-01
1.353694744086091084e-01
1.353336555222153792e-01
1.352979122221869834e-01
1.352622441887640914e-01
1.352266511042066743e-01
1.351911326527792945e-01
1.351556885207359782e-01
1.351203183963046173e-01
1.350850219696724253e-01
1.350497989329705883e-01
1.350146489802599159e-01
1.349800628659819923e-01
1.349456205249501828e-01
1.349112472587944977e-01
1.348769427924335906e-01
1.348427552799489615e-01
1.348089051049328468e-01
1.347751207891055292e-01
1.347414020800540568e-01
1.347077487268129037e-01
1.346741604798538938e-01
1.346406370910763206e-01
1.346073523137635286e-01
1.345744543422676964e-01
1.345417902879220140e-01
1.345094085501538916e-01
1.344770872470294754e-01
1.344448261553306823e-01
1.344126903848627819e-01
1.343806771338696970e-01
1.343487571688454507e-01
1.343170383661873024e-01
1.342853778554827793e-01
1.342537754227317581e-01
1.342222308551371535e-01
1.341907569831878033e-01
1.341593484337206543e-01
1.341283844122820035e-01
1.340979731702571509e-01
1.340676139235275899e-01
1.340373064914408274e-01
1.340070506943514816e-01
1.339768463536139820e-01
1.339466932915756303e-01
1.339165913315694678e-01
1.338865402979076691e-01
1.338565400158742424e-01
1.338265903117186739e-01
1.337966910126487663e-01
1.337668419468240610e-01
1.337370429433492602e-01
1.337072938322675097e-01
1.336775944445535713e-01
1.336479446121077164e-01
1.336183441677488704e-01
1.335887929452084510e-01
1.335592907791237627e-01
1.335298375050317510e-01
1.335004329593625361e-01
1.334710769794333896e-01
1.334417694034423785e-01
1.334125100704621203e-01
1.333832988204338710e-01
1.333541354941612245e-01
1.333250199333041452e-01
1.332960585588141289e-01
1.332674038237819936e-01
1.332387951326624298e-01
1.332102323356843532e-01
1.331817152838793428e-01
1.331532438290758125e-01
1.331248178238932378e-01
1.330964371217367437e-01
1.330681015767914144e-01
1.330398110440169090e-01
1.330118007024128080e-01
1.329838661081260143e-01
1.329559752751055535e-01
1.329281280636368245e-01
1.329003243347375851e-01
1.328725639501532330e-01
1.328448467723516435e-01
1.328171726645182571e-01
1.327895414905511939e-01
1.327619531150563414e-01
1.327344074033424137e-01
1.327069042214163996e-01
1.326794434359785113e-01
1.326520249144174934e-01
1.326246485248061546e-01
1.325973141358963159e-01
1.325700216171145085e-01
1.325427708385571168e-01
1.325155616709860762e-01
1.324883939858239323e-01
1.324612676551497337e-01
1.324341825516945348e-01
1.324071385488365393e-01
1.323801355205972419e-01
1.323531733416365985e-01
1.323262518872489468e-01
1.322993710333588147e-01
1.322725306565161740e-01
1.322457306338926664e-01
1.322189708432771893e-01
1.321922667048336664e-01
1.321657988246807691e-01
1.321394362963915770e-01
1.321131115587446114e-01
1.320869585141969671e-01
1.320608704556560375e-01
1.320348193133622783e-01
1.320088049870500047e-01
1.319828273769018678e-01
1.319568863835454964e-01
1.319309819080511093e-01
1.319051138519286015e-01
1.318792821171249630e-01
1.318534866060213639e-01
1.318277272214307128e-01
1.318020038665947413e-01
1.317763164451814795e-01
1.317506648612827569e-01
1.317250490194112611e-01
1.316995414728667213e-01
1.316740999266952372e-01
1.316486937390409229e-01
1.316233228148135093e-01
1.315979870593486367e-01
1.315726863784052181e-01
1.315474206781627742e-01
1.315221898652187416e-01
1.314970276706219909e-01
1.314721249176433737e-01
1.314473673706450796e-01
1.314226433725882159e-01
1.313979528323930002e-01
1.313732956594033108e-01
1.313486717633834400e-01
1.313242279399229329e-01
1.312998197726208405e-01
1.312754437891198167e-01
1.312510999056697436e-01
1.312267880388991170e-01
1.312025081058128817e-01
1.311782600237898222e-01
1.311541081688590293e-01
1.311301016266887554e-01
1.311061259960403513e-01
1.310821811984614615e-01
1.310582671558414569e-01
1.310343837904094366e-01
1.310105314979554403e-01
1.309871390809868308e-01
1.309637764025846363e-01
1.309404433875559493e-01
1.309171399610316866e-01
1.308938660484648131e-01
1.308706215756280933e-01
1.308475675785843728e-01
1.308248640310739619e-01
1.308021878142707761e-01
1.307795607265928861e-01
1.307571876496319840e-01
1.307349785218596683e-01
1.307128144367722122e-01
1.306906769102461341e-01
1.306685658787643811e-01
1.306464812790737173e-01
1.306244230481833635e-01
1.306023911233632484e-01
1.305803854421423993e-01
1.305584059423073318e-01
1.305364969557706034e-01
1.305146910276817618e-01
1.304929108766955670e-01
1.304711564423007286e-01
1.304494276642315653e-01
1.304277244824666171e-01
1.304060468372269244e-01
1.303843946689748623e-01
1.303627679184125587e-01
1.303411665264802843e-01
1.303197215815108112e-01
1.302985398774683112e-01
1.302773827750601521e-01
1.302562502170119263e-01
1.302351421462801806e-01
1.302140585060509170e-01
1.301929992397381775e-01
1.301719642909828778e-01
1.301509536036511705e-01
1.301299671218332510e-01
1.301090047898421365e-01
1.300880665522120838e-01
1.300671523536975072e-01
1.300463935928811987e-01
1.300259299053423689e-01
1.300054892013501606e-01
1.299850714301210852e-01
1.299646765410639448e-01
1.299443044837785277e-01
1.299239552080546090e-01
1.299036286638709792e-01
1.298833248013941399e-01
1.298630435709774711e-01
1.298427849231600373e-01
1.298225488086653945e-01
1.298024182970321794e-01
1.297824806902825590e-01
1.297625650284029986e-01
1.297426712637644586e-01
