8.345655485800759221e-01
3.286936177908104106e-01
3.123189621976577568e-01
3.035036068128680320e-01
2.967952229208586368e-01
2.910794773986463135e-01
2.858127765280184529e-01
2.809360907294424226e-01
2.763511270105113438e-01
2.720416783965260987e-01
2.679981015332237315e-01
2.642075832849603012e-01
2.606447591786556495e-01
2.572107297205126208e-01
2.539160121221709643e-01
2.507315504012681551e-01
2.476494400031021004e-01
2.446678704079332523e-01
2.417862861638229444e-01
2.389956992430076754e-01
2.363125022614694648e-01
2.337574241570968270e-01
2.312993672203329243e-01
2.289097480772277482e-01
2.265825612625205765e-01
2.243232055414747794e-01
2.221573643083334104e-01
2.200916837085392930e-01
2.180812596126238956e-01
2.161419704219274263e-01
2.142537494011964860e-01
2.124158425722395271e-01
2.106353714919202147e-01
2.089274852197090804e-01
2.072755388059260295e-01
2.056764445717842726e-01
2.041186920965188945e-01
2.026168437285545132e-01
2.011538205729500317e-01
1.997239747391755804e-01
1.983257979670318139e-01
1.969668994170996612e-01
1.956486465153055299e-01
1.943590374293983902e-01
1.930940580003894791e-01
1.918580259796257015e-01
1.906593476283881261e-01
1.894871088830408223e-01
1.883465008909731009e-01
1.872260629903343132e-01
1.861330164446351465e-01
1.850654890118981488e-01
1.840169636468945158e-01
1.829896394448136399e-01
1.819812438856631964e-01
1.809954930947685614e-01
1.800310375053117695e-01
1.790901264093644751e-01
1.781638175480171615e-01
1.772666140982882277e-01
1.763913647036801091e-01
1.755339079958297965e-01
1.746899889702412390e-01
1.738592812747825067e-01
1.730493888307953754e-01
1.722590452247273751e-01
1.714847654795688681e-01
1.707246149177950034e-01
1.699837097670155728e-01
1.692557596428689581e-01
1.685410809521542264e-01
1.678367411869541581e-01
1.671484026026480441e-01
1.664702320930185886e-01
1.658017208965140987e-01
1.651482688834840507e-01
1.645067714917170243e-01
1.638754955954959125e-01
1.632554140953997868e-01
1.626443539924661563e-01
1.620425036104418404e-01
1.614495127216772352e-01
1.608665887666758665e-01
1.602941103836432457e-01
1.597294798433814556e-01
1.591709774721563886e-01
1.586184425501388773e-01
1.580724367575195577e-01
1.575328520823879586e-01
1.570009198719654886e-01
1.564773631529431108e-01
1.559598488475041067e-01
1.554500137414911165e-01
1.549457070479434151e-01
1.544478668917337594e-01
1.539569787107309962e-01
1.534770306971903198e-01
1.530137964867376854e-01
1.525561313923756712e-01
1.521063701987406813e-01
1.516633245923800222e-01
1.512283932751142812e-01
1.507980042133488796e-01
1.503764991649171601e-01
1.499602044380461963e-01
1.495474531026102227e-01
1.491387490694558171e-01
1.487343923011237301e-01
1.483334197864201731e-01
1.479394764640495907e-01
1.475491738222038940e-01
1.471634537971382162e-01
1.467843984124438117e-01
1.464092397978699611e-01
1.460397139627548913e-01
1.456796586081732514e-01
1.453239480047878451e-01
1.449723967237867006e-01
1.446234573323494088e-01
1.442792699942790635e-01
1.439421152788761538e-01
1.436087871442099373e-01
1.432797452307878472e-01
1.429537609414952559e-01
1.426318448766563385e-01
1.423130162307973678e-01
1.419964187076857565e-01
1.416820282205052961e-01
1.413698210473469941e-01
1.410597738238902887e-01
1.407518826123025646e-01
1.404469652896308263e-01
1.401443674504321835e-01
1.398454218714921260e-01
1.395500848772033842e-01
1.392585158756030894e-01
1.389691539873300630e-01
1.386817028254619111e-01
1.383961430266178738e-01
1.381124555008276522e-01
1.378306214264077567e-01
1.375508559935537944e-01
1.372754934202822241e-01
1.370034991168387062e-01
1.367351561757542966e-01
1.364697438553647280e-01
1.362088887697090744e-01
1.359507540222801292e-01
1.356956118412367407e-01
1.354420180547832309e-01
1.351899494968520632e-01
1.349414427642694758e-01
1.346958648259509450e-01
1.344522900695845069e-01
1.342101480363063759e-01
1.339727796251031500e-01
1.337399402820967642e-01
1.335084014051061974e-01
1.332781519326104447e-01
1.330503929772444693e-01
1.328250778467117421e-01
1.326012244102821591e-01
1.323785893809340530e-01
1.321576584363993723e-01
1.319386144935166261e-01
1.317207462133812845e-01
1.315040439692508334e-01
1.312884982441336890e-01
1.310756551965686911e-01
1.308644340939276729e-01
1.306543222739924848e-01
1.304467190117255260e-01
1.302415495822334957e-01
1.300381661150916968e-01
1.298366137824125965e-01
1.296374004320440532e-01
1.294391781535174923e-01
1.292419394325002024e-01
1.290466054596253742e-01
1.288523799997198516e-01
1.286592386293838874e-01
1.284683117287882814e-01
1.282801317171583522e-01
1.280929516317176331e-01
1.279072833912675011e-01
1.277224969372783292e-01
1.275385989946669074e-01
1.273562785576494438e-01
1.271752941160548822e-01
1.269951403161123926e-01
1.268158114289430760e-01
1.266373017811425472e-01
1.264597674566701468e-01
1.262840572744890477e-01
1.261102429179082884e-01
1.259391861565507809e-01
1.257690382191295753e-01
1.255996230920062851e-01
1.254309361381019949e-01
1.252629727612867561e-01
1.250957284058530350e-01
1.249292384299566516e-01
1.247637105704521021e-01
1.245992351025124734e-01
1.244374373752301088e-01
1.242779209720653033e-01
1.241195008411929424e-01
1.239620384478950926e-01
1.238051974372506997e-01
1.236489744844121302e-01
1.234934300157512488e-01
1.233385262496947965e-01
1.231842298596465962e-01
1.230305376108869614e-01
1.228774462886813024e-01
1.227257153506763621e-01
1.225755045130262622e-01
1.224258965402901939e-01
1.222768624790168124e-01
1.221283993664554202e-01
1.219805042569400144e-01
1.218332073187139986e-01
1.216872388284527678e-01
1.215423087900828897e-01
1.213981588547791285e-01
1.212547655486884146e-01
1.211119126488280490e-01
1.209699893023249706e-01
1.208288302503678080e-01
1.206881974228501270e-01
1.205480882038226370e-01
1.204084999907281267e-01
1.202694301943754152e-01
1.201308762389124984e-01
1.199929796882269473e-01
1.198575324102540279e-01
1.197225798983580364e-01
1.195881197557234765e-01
1.194543458088925120e-01
1.193221692469213779e-01
1.191904682266373000e-01
1.190592404826797540e-01
1.189285537674316523e-01
1.187990836253808996e-01
1.186704656655898360e-01
1.185423055625156596e-01
1.184146668684509240e-01
1.182875445005827780e-01
1.181608730428751197e-01
1.180346503482293807e-01
1.179088742795766087e-01
1.177835427098805204e-01
1.176590377923562164e-01
1.175364598616810419e-01
1.174143458763165088e-01
1.172938362245310728e-01
1.171739949839251810e-01
1.170545603630144121e-01
1.169355305117049937e-01
1.168169035883241808e-01
1.166986777596139002e-01
1.165808512007240061e-01
1.164634220952045912e-01
1.163471387805154328e-01
1.162314447509284199e-01
1.161164416378677178e-01
1.160018204367779943e-01
1.158875794301523904e-01
1.157740772771444215e-01
1.156613290005023970e-01
1.155492047960871294e-01
1.154375113630153882e-01
1.153265626255119969e-01
1.152162475217318183e-01
1.151067069631811074e-01
1.149975201088458271e-01
1.148886854072635189e-01
1.147802013141380612e-01
1.146720662923210593e-01
1.145642788117938321e-01
1.144568373496486907e-01
1.143497403900697873e-01
1.142429864243146159e-01
1.141365739506938481e-01
1.140305014745523898e-01
1.139257844968864508e-01
1.138224157958889621e-01
1.137193725934321081e-01
1.136167041037662168e-01
1.135144660493389301e-01
1.134125493853668371e-01
1.133109527308300418e-01
1.132096747109934132e-01
1.131087139573921929e-01
1.130088623659077224e-01
1.129103583781244230e-01
1.128134645068201436e-01
1.127170298680937738e-01
1.126215300156675203e-01
1.125263148017018322e-01
1.124313830470106967e-01
1.123367335777438608e-01
1.122423652253723980e-01
1.121486268211800974e-01
1.120552720363787308e-01
1.119622872334746638e-01
1.118704312217714963e-01
1.117790856979787306e-01
1.116881434062708678e-01
1.115976593145646817e-01
1.115074380034779405e-01
1.114174783662822826e-01
1.113277793349201489e-01
1.112383398461644773e-01
1.111491588416050058e-01
1.110604035413445961e-01
1.109720309554432793e-01
1.108839126741757025e-01
1.107960476582060816e-01
1.107084348730186935e-01
1.106210732889006537e-01
1.105339625032650819e-01
1.104473631752428409e-01
1.103610107426826331e-01
1.102749041994760537e-01
1.101890764785033588e-01
1.101037672428556435e-01
1.100187004628905701e-01
1.099339270132724256e-01
1.098500014433751865e-01
1.097663127997267618e-01
1.096831851030833777e-01
1.096005778656220370e-01
1.095182021302086306e-01
1.094360569525838767e-01
1.093541413930517042e-01
1.092724545164596717e-01
1.091909953921802040e-01
1.091098983198252187e-01
1.090292659141702675e-01
1.089488571191210980e-01
1.088686710285803050e-01
1.087887822808539379e-01
1.087093375278038038e-01
1.086302783440964981e-01
1.085514425779714603e-01
1.084730709043945918e-01
1.083949448441222790e-01
1.083170334641375132e-01
1.082393644084426176e-01
1.081621375972871973e-01
1.080852377289836519e-01
1.080086800637504313e-01
1.079323356258062722e-01
1.078566985263799544e-01
1.077814419845416205e-01
1.077063848431354387e-01
1.076315263302600328e-01
1.075568656775894583e-01
1.074824021203584501e-01
1.074081348973478373e-01
1.073340726264088857e-01
1.072604279985002601e-01
1.071869770420631335e-01
1.071137190094724329e-01
1.070407672138828786e-01
1.069681597947726159e-01
1.068964243534454295e-01
1.068255015023264892e-01
1.067547563081791967e-01
1.066841881170885464e-01
1.066137962781101983e-01
1.065435801432571272e-01
1.064735390674865223e-01
1.064036724086859786e-01
1.063341249989782494e-01
1.062650583614487831e-01
1.061961621755212748e-01
1.061274358180524791e-01
1.060588786687583635e-01
1.059904901102003832e-01
1.059222695277718396e-01
1.058542163096844319e-01
1.057863298469546576e-01
1.057190241469979919e-01
1.056520125963761464e-01
1.055851638990311092e-01
1.055184774622254101e-01
1.054519526959906417e-01
1.053858885622443592e-01
1.053199988204528564e-01
1.052542674378654092e-01
1.051886938454255488e-01
1.051232774766869688e-01
1.050580177678006044e-01
1.049930217583117803e-01
1.049282480511726928e-01
1.048636287483693946e-01
1.047991632993058309e-01
1.047348511558952588e-01
1.046706917725474112e-01
1.046066846061561029e-01
1.045428291160862000e-01
1.044794693547797249e-01
1.044163437550604812e-01
1.043533666648656516e-01
1.042905375603718487e-01
1.042278559201261778e-01
1.041653212250334692e-01
1.041029329583452734e-01
1.040406906056470931e-01
1.039785936548472400e-01
1.039166415961644829e-01
1.038548339221166822e-01
1.037936488626294007e-01
1.037326089797151324e-01
1.036718199385872341e-01
1.036115143829802188e-01
1.035513453849988275e-01
1.034913124854054539e-01
1.034314152268891035e-01
1.033719429480083329e-01
1.033126877841340496e-01
1.032543256572363566e-01
1.031962156626389376e-01
1.031382332508182509e-01
1.030803780082352183e-01
1.030226495229971534e-01
1.029650473848516684e-01
1.029075711851800551e-01
1.028502205169913031e-01
1.027929949749155497e-01
1.027358941551982513e-01
1.026789176556935218e-01
1.026220650758580544e-01
1.025653360167449735e-01
1.025089417221441562e-01
1.024529321577912905e-01
1.023971447162260184e-01
1.023417534180469934e-01
1.022865931090208708e-01
1.022315759778499034e-01
1.021766748639999917e-01
1.021218894003818323e-01
1.020672192213958607e-01
1.020126639629260756e-01
1.019582232623331003e-01
1.019038967584477845e-01
1.018496840915646823e-01
1.017957519214072598e-01
1.017420649149479855e-01
1.016886598380833256e-01
1.016353656987441789e-01
1.015821821488025467e-01
1.015291088415247039e-01
1.014761454315653705e-01
1.014236745540556955e-01
1.013717127460467132e-01
1.013199458900989058e-01
1.012682832226104584e-01
1.012167244293682294e-01
1.011653963096205561e-01
1.011142104726635293e-01
1.010631260795677444e-01
1.010121428316763104e-01
1.009612604314293755e-01
1.009104785823602551e-01
1.008597969890914076e-01
1.008092153573306587e-01
1.007587333938668867e-01
1.007083508065664407e-01
1.006580673043687424e-01
1.006078825972829133e-01
1.005580638887960121e-01
1.005086273159612464e-01
1.004593611042412793e-01
1.004101898305773399e-01
1.003611132231053277e-01
1.003121310109293396e-01
1.002632429241184647e-01
1.002146852699721674e-01
1.001663407665920463e-01
1.001180877026167232e-01
1.000700666046112630e-01
1.000223668029058544e-01
9.997482055302256421e-02
9.992758100516763164e-02
9.988042857810075503e-02
9.983336303522497013e-02
9.978638414073869034e-02
9.973949165963318098e-02
9.969268535769007511e-02
9.964596500147875069e-02
9.959933035835374926e-02
9.955285290745703730e-02
9.950692207135325429e-02
9.946107430373120339e-02
9.941530938187219391e-02
9.936962708380896181e-02
9.932402718832365751e-02
9.927850947494508416e-02
9.923307372394610248e-02
9.918771971634134099e-02
9.914251290440721787e-02
9.909741576151066822e-02
9.905241145870183339e-02
9.900751048748145100e-02
9.896268971854049745e-02
9.891794893933368582e-02
9.887328793803146221e-02
9.882870650351714692e-02
9.878420442538463075e-02
9.873983569324967791e-02
9.869563746358463174e-02
9.865151739788982632e-02
9.860772184293951914e-02
9.856405185073734143e-02
9.852045864604394576e-02
9.847694202702757249e-02
9.843350179253333720e-02
9.839013774208116292e-02
9.834684967586272697e-02
9.830363739473958751e-02
9.826050070024074101e-02
9.821743939455997163e-02
9.817445328055370013e-02
9.813154216173859690e-02
9.808870584228897294e-02
9.804594412703457329e-02
9.800325682145837047e-02
9.796074408697789948e-02
9.791835217398864311e-02
9.787603354569429648e-02
9.783389906880538001e-02
9.779184176284222429e-02
9.774985607438990698e-02
9.770794182190971344e-02
9.766609882444998725e-02
9.762432690164368765e-02
9.758262587370662711e-02
9.754099556143543126e-02
9.749943578620542950e-02
9.745794636996869820e-02
9.741652713525221496e-02
9.737517790515558269e-02
9.733394103387760232e-02
9.729317611470307547e-02
9.725247897578266632e-02
9.721184944921142101e-02
9.717131630550407406e-02
9.713104347945029915e-02
9.709083752840985682e-02
9.705069828508251784e-02
9.701062558271235370e-02
9.697061925508534963e-02
9.693067913652747558e-02
9.689080506190288211e-02
9.685099686661166607e-02
9.681125438658799709e-02
9.677157745829832736e-02
9.673196591873904626e-02
9.669241960543502323e-02
9.665293835643704035e-02
9.661352201032046005e-02
9.657417040618286597e-02
9.653488338364225874e-02
9.649566078283532133e-02
9.645650244441500432e-02
9.641740820954912417e-02
9.637837791991818448e-02
9.633941141771347472e-02
9.630050854563532159e-02
9.626166914689093801e-02
9.622289306519278551e-02
9.618418014475658973e-02
9.614553023029943912e-02
9.610694316703798090e-02
9.606841880068636708e-02
9.602995697745472792e-02
9.599155754404704866e-02
9.595322034765940700e-02
9.591494523597815514e-02
9.587673205717806013e-02
9.583858065992041653e-02
9.580049089335140877e-02
9.576246260710001568e-02
9.572449565127653937e-02
9.568658987647052361e-02
9.564880526121240234e-02
9.561113550840151520e-02
9.557357887950093667e-02
9.553608285766930497e-02
9.549874287737640521e-02
9.546162909164637722e-02
9.542457472145109143e-02
9.538757962108254662e-02
9.535064364530847214e-02
9.531376664937019072e-02
9.527694848898103641e-02
9.524018902032452272e-02
