3.967415354965126428e-01
3.586129706617148249e-01
3.555869354051960918e-01
3.442252112101735761e-01
3.540215711881262162e-01
3.484500404568140475e-01
3.381223054309021592e-01
3.438398434116219926e-01
3.370930543674044433e-01
3.314306211901181798e-01
3.337758326761436911e-01
3.369103709606837693e-01
3.220008584621842918e-01
3.167586890245737696e-01
3.318345793148907430e-01
3.092592648924303300e-01
3.228774189886195467e-01
3.238035671248725711e-01
3.088129735383515762e-01
3.172651597103505194e-01
3.264018206753231954e-01
3.226442532183810274e-01
3.265838948687631027e-01
3.170909581261266985e-01
3.214565078465480008e-01
3.197984713677370361e-01
3.239494708772888143e-01
3.276608682290062524e-01
3.172929048818219910e-01
3.315484783644949141e-01
3.132333123296772714e-01
3.017652079230858653e-01
3.281541401050807050e-01
3.318814003271341462e-01
3.321557945636693376e-01
3.333459103580442839e-01
3.254738104333474991e-01
3.119132484512766035e-01
3.248864144873753745e-01
3.187870105835871049e-01
3.114458564382742711e-01
2.950060557289586605e-01
3.174805233870779952e-01
3.319179724812172938e-01
3.178270988986995893e-01
3.014760022387132921e-01
3.054748505528964153e-01
3.080058485219537845e-01
3.122770756777747958e-01
3.231533094387645799e-01
3.217474417263351261e-01
3.272832685985053724e-01
3.202338266170481895e-01
3.319160342223694826e-01
3.149480665464043372e-01
3.115028520385322852e-01
3.056080915803122688e-01
3.276670441904201980e-01
3.131891835419223225e-01
3.213731710019063770e-01
3.263995416385181425e-01
3.313160020548696072e-01
3.190877559918955386e-01
3.178934621256857551e-01
3.250370524505371561e-01
3.048317181021369393e-01
3.128626851059394531e-01
3.118569679898827163e-01
3.121398310270897536e-01
3.072683283123407438e-01
3.203838080264104771e-01
3.054364148046916361e-01
3.169520232394835157e-01
3.130774442664828183e-01
3.075320331429980403e-01
3.072460908867817309e-01
3.062017615605313603e-01
3.230726792012835746e-01
3.055943490272429730e-01
3.104683631163747126e-01
3.163301183837569086e-01
3.312550626474958237e-01
3.050550501750136090e-01
3.152782232110378779e-01
3.239278010522598228e-01
3.191551690500633032e-01
3.314144536945077268e-01
3.107460207972379540e-01
3.226622880361552093e-01
3.055274713995639324e-01
3.096928965129298050e-01
3.027537199459645056e-01
3.188728457035568398e-01
3.105800477611143640e-01
3.210537703024076706e-01
3.159058919122579301e-01
3.146185739061925779e-01
3.122075443034896813e-01
3.063771157642740106e-01
3.018981044403903358e-01
3.172813519413354988e-01
3.089022101301459600e-01
3.194220065503855510e-01
2.973500102826867053e-01
3.161577187309345671e-01
3.089109346832976666e-01
3.043068756468345071e-01
3.196646370126843273e-01
3.110490701895347598e-01
3.121684014400281648e-01
3.178339223631690968e-01
3.168552705851377937e-01
3.186903932695351327e-01
2.969437542251287532e-01
3.104121204481868901e-01
3.218929537411296948e-01
3.045550177380642598e-01
3.116629310164881761e-01
3.130028244565704609e-01
3.020339470297244144e-01
3.224993713075532398e-01
3.198891616601282073e-01
3.094896265551407288e-01
3.073445481144062019e-01
3.050921218763850140e-01
2.955454820730791243e-01
3.071430706569280855e-01
3.117761482072935464e-01
3.155125970855856554e-01
3.176055549628322705e-01
3.018379726441228761e-01
2.909235529212907956e-01
3.072725809501818395e-01
3.208447376921454985e-01
3.281360641391777300e-01
3.094206450541509557e-01
3.145688284298603921e-01
2.936904775653728650e-01
3.054616688665683366e-01
3.127195988372046265e-01
3.018554247282743130e-01
3.037355608569711762e-01
3.072129598957039076e-01
3.190626858942133270e-01
3.191263671868097007e-01
3.225468415068102335e-01
3.122502548881078699e-01
3.107073504420557186e-01
3.087051397031684852e-01
3.106018038149076510e-01
3.043899531880578935e-01
2.947654753068441047e-01
3.154379592647192920e-01
3.038556161069124184e-01
3.167196016597009778e-01
3.050073393046515702e-01
3.034846949754013146e-01
3.117050518838777040e-01
3.079149872346164107e-01
3.165069787218885433e-01
3.140116574781297021e-01
3.177201701734760353e-01
3.047201570578203511e-01
3.013262887873248697e-01
3.083770608270299252e-01
3.136531064761590160e-01
3.182507895911320106e-01
3.060838180617757032e-01
3.207524703612191219e-01
3.283875394275213577e-01
3.167616869196536178e-01
3.409069569994577775e-01
3.194737353327445351e-01
3.048972357245099407e-01
3.222465646122080196e-01
2.992327936081491946e-01
3.229387529426853698e-01
3.066970490133631988e-01
3.250349008931370798e-01
3.141188473554558658e-01
2.965434721318397915e-01
3.243183607342416397e-01
3.108754984777691299e-01
3.063436753459534700e-01
3.044983863833143345e-01
3.083255471523846936e-01
3.111803621822474275e-01
3.018572927647952819e-01
3.106753928471544524e-01
3.049429658075551441e-01
3.198425240702217898e-01
3.158240969578905988e-01
3.102966344130372867e-01
2.988198741994805840e-01
3.066393995211450507e-01
2.979587353395975469e-01
3.100195823932453409e-01
3.143254664620522276e-01
3.069240119572321235e-01
3.110543291607787975e-01
3.081056018189955448e-01
3.019291600589949498e-01
3.164538161834249963e-01
3.115352716576598180e-01
3.205228431953485724e-01
3.197568399904819891e-01
3.171616702844591851e-01
3.061503846291346309e-01
3.127741181375965906e-01
3.014461224896718416e-01
3.273938759970664303e-01
3.123767337982140679e-01
3.060679911043882040e-01
3.191562745853986915e-01
2.994675072502158142e-01
3.214991257246244127e-01
3.135856837601366798e-01
3.024437635754118059e-01
3.136942990279676935e-01
3.053930817590314595e-01
3.003016884226177852e-01
3.063907546073684207e-01
2.914661391545876890e-01
3.190429536123555176e-01
3.139124653941781640e-01
3.204758247845202468e-01
3.013413887708127903e-01
3.069668233738127028e-01
3.043499209268893946e-01
3.242898522424202956e-01
3.118877251849490051e-01
3.225603521607440793e-01
3.188450154304721118e-01
2.894061933796374109e-01
3.004645011073738270e-01
3.109590956246764959e-01
2.952492987329217167e-01
2.909653555169620653e-01
3.137065382449374384e-01
3.007926261267789281e-01
3.091874912113362628e-01
3.070953479823484433e-01
3.095213839857170468e-01
3.192107837908811363e-01
2.963638196717963136e-01
2.931127910415289861e-01
3.088783749849183802e-01
3.025184931277349887e-01
3.001028780066417601e-01
3.153345465672225401e-01
3.126883773018258039e-01
3.053912648512646100e-01
3.159397684754841618e-01
3.078599043720167683e-01
3.194991899513197064e-01
3.097828873899790558e-01
3.079370528504026816e-01
3.094169543068439054e-01
3.009490331572484134e-01
3.081034297761371943e-01
3.212243833488974132e-01
2.900240235494505048e-01
3.081190341700864588e-01
3.175016789417285379e-01
3.166013810527925632e-01
2.979579423588379905e-01
3.167071958166200463e-01
3.185276439991830411e-01
3.127957090926670181e-01
3.069653705123774889e-01
3.175550482189206103e-01
3.031829324620952670e-01
3.044809556922956628e-01
2.916805979895702450e-01
3.139196816458363348e-01
3.144732183073444265e-01
3.169126765787287359e-01
3.160070810393811325e-01
3.134330326351708607e-01
3.171125362584977792e-01
3.010901758381082094e-01
3.095641059907612846e-01
3.108663097774592710e-01
3.110423166747111057e-01
3.107938009040600580e-01
3.232729175632920171e-01
3.150194624608054772e-01
3.208990345017166956e-01
3.158998349741011791e-01
3.252906992942505293e-01
3.004634557010458784e-01
2.904293329878957497e-01
3.081055259033569360e-01
3.085208460125475893e-01
3.242164899590447291e-01
3.341647620627920534e-01
3.110847766460810293e-01
3.093274857687446366e-01
3.038265454240811625e-01
3.052371191704800202e-01
3.085904926962821926e-01
3.138357585445191167e-01
3.103991656055246073e-01
3.194917193452491144e-01
3.002159175161549509e-01
3.098461326236521263e-01
3.031809875708976754e-01
3.106968981970532062e-01
3.188716980262262246e-01
3.031107071818103238e-01
3.147102595700648764e-01
3.038538329760757661e-01
3.049961177286465430e-01
3.194489808232310324e-01
3.178450504705167545e-01
3.077803431712345938e-01
3.091910568667770032e-01
3.210147110881075294e-01
3.082752680427515712e-01
3.086313909591025806e-01
3.139565291940042968e-01
3.158211746157250088e-01
3.202977212549203423e-01
2.905177944425130221e-01
3.113265750346323468e-01
3.128874211469505617e-01
2.954685442818454910e-01
3.022359030790717216e-01
3.273573625071084514e-01
3.273107693894752313e-01
3.193856044188935206e-01
3.101638767447269518e-01
3.194122490830795247e-01
3.158069074139008281e-01
2.997306379861093828e-01
3.152995793395265145e-01
3.152476244864422794e-01
3.054537830345618876e-01
3.126603579428085533e-01
3.249162674551401842e-01
3.217521066437917243e-01
3.074376851019908763e-01
3.191920174937248333e-01
3.088219403327431278e-01
3.158982076549873286e-01
3.031216293559396147e-01
2.999360945876385909e-01
3.067077956123404059e-01
3.115566786343912375e-01
3.048243463129767239e-01
3.030903622819186571e-01
3.098682028235404951e-01
3.026423630561332900e-01
3.163817911394549709e-01
3.069270109862014539e-01
3.026873766444505565e-01
3.135508594259119319e-01
3.111537490884151436e-01
3.087359040730552895e-01
3.048660220281353417e-01
3.009736200834751685e-01
3.183028743598430021e-01
3.223234544540497515e-01
3.243638882909932741e-01
3.043074410943992225e-01
3.043511950432616353e-01
3.205228648833815530e-01
3.234229751977057976e-01
3.095868140971896332e-01
3.083934062584826608e-01
3.115115264284695207e-01
3.022236147007788531e-01
3.085166389854461233e-01
3.249642654583338452e-01
3.008773499892160030e-01
3.120982683872677854e-01
3.044590651055338881e-01
3.033270378607855755e-01
3.062692131021133579e-01
3.038912065042951860e-01
3.159631565868338821e-01
3.285776937534687359e-01
3.099097244309500510e-01
3.243198903243508235e-01
3.186803381913239641e-01
3.167191993977240272e-01
3.082398813980745111e-01
3.181578577824711318e-01
3.157309232318045167e-01
3.211059249822653672e-01
3.159260100074669508e-01
3.162466139634680373e-01
3.192371353144270452e-01
3.114570753683283399e-01
3.044106029951489378e-01
2.993991478476491497e-01
3.234057866628842759e-01
3.152411769197104308e-01
3.155129536091563769e-01
3.203578060203755018e-01
3.078935991807716932e-01
3.265169473540884271e-01
3.057461448336678544e-01
3.169341475308710687e-01
3.120730363366155946e-01
3.171362182409271924e-01
3.027008934162808140e-01
3.269815424295257622e-01
3.152527951203638601e-01
3.195233078073879684e-01
3.136855298483899324e-01
3.243743974315023149e-01
3.049888589240236092e-01
3.042132058753620472e-01
3.113489362326094523e-01
3.102493317220848534e-01
3.046989622289704713e-01
3.190385754271838348e-01
3.259358356104982146e-01
3.167637533255407423e-01
3.028717590008367933e-01
3.091924701150547405e-01
3.071169504937766859e-01
2.978693442356076804e-01
3.087498735847629128e-01
3.002610648331989207e-01
3.227441703005187734e-01
3.064000504194211438e-01
3.064543625256463399e-01
3.169806306940098906e-01
3.074759040298066792e-01
3.218032087586992773e-01
3.100975031103821444e-01
3.281090760440893428e-01
3.163631150615549004e-01
3.055457430515928219e-01
3.110085795994334545e-01
3.164413017161056274e-01
3.062471969974056019e-01
2.989906525187946973e-01
3.103812317248881847e-01
3.143482425411973646e-01
3.098122647317713696e-01
3.109564032818926127e-01
3.085571390371958378e-01
3.064042156217878787e-01
3.164659853829703273e-01
3.261014133032700824e-01
3.215836766032983407e-01
3.079762898383128777e-01
3.338369917220457284e-01
3.109655763251270577e-01
3.141927230075367561e-01
3.079222605603004759e-01
3.028733562743817220e-01
3.281220500022934972e-01
3.114306119874211687e-01
3.105395138681793510e-01
3.010919998404300024e-01
3.222594494396945897e-01
3.073384804584097796e-01
3.310166897542238806e-01
2.981188673157569302e-01
3.222948890787761811e-01
3.248628863912711440e-01
3.253829221760765056e-01
3.053544049972729546e-01
3.125139600379950866e-01
3.186302904042902506e-01
3.200229653336114644e-01
3.042944102059243483e-01
3.113665201233386526e-01
3.210407389628991970e-01
3.103592386561855876e-01
3.142157193846246699e-01
3.000129962322768962e-01
3.194756858075540884e-01
3.099866627970328525e-01
3.175128367346972680e-01
3.195356667089299663e-01
3.192347179222133069e-01
3.061669831043770662e-01
3.061518636738853605e-01
3.402103138727145537e-01
3.139250908119841643e-01
3.128073870595168282e-01
3.083097937455588911e-01
2.984373449786347776e-01
3.119117059491364752e-01
3.184388552781164394e-01
3.158526348083576241e-01
3.131482531831977778e-01
3.150861790375770188e-01
3.049255786006952462e-01
3.054632224077767910e-01
3.126619004305008498e-01
3.108388537063328516e-01
2.967563746248275680e-01
3.087905487178739250e-01
3.151091689209757352e-01
3.103431335997217100e-01
3.076795708464197809e-01
3.066178476069141290e-01
3.035694566488939539e-01
3.099593965708955512e-01
3.118864325526382042e-01
3.049317619426719084e-01
3.178121233398222834e-01
3.031993280992098527e-01
3.106786491121990568e-01
3.090826403507738740e-01
3.203825673456748846e-01
3.119670045405647518e-01
3.153454599061339958e-01
3.079653788002607584e-01
3.259005894293331429e-01
3.054848214490552549e-01
3.144435908435367910e-01
3.097495187281361084e-01
3.251842648353118759e-01
3.108006834957222630e-01
3.144430064673391922e-01
3.053531593010042067e-01
3.179878349663992076e-01
3.031270264481006893e-01
3.101050601076341118e-01
3.210890021436765829e-01
3.082857152590016137e-01
3.157946122718542359e-01
3.158635262860216564e-01
3.096309452280049945e-01
3.179914852125428348e-01
3.046117628922219711e-01
3.071329024771025651e-01
3.258679713340704720e-01
3.137173049683723569e-01
3.156273539907687442e-01
3.027690516308860769e-01
3.109655064029647753e-01
3.001171533071095854e-01
2.939799856431512537e-01
3.079737321452718501e-01
3.185608629691985549e-01
3.096446501685475861e-01
3.038060105853455650e-01
3.137833484043237031e-01
3.080671776631403458e-01
3.198032788515288716e-01
3.295027639772134531e-01
3.148017502124763611e-01
2.947614736121882961e-01
3.171872117745933584e-01
3.087377002800015258e-01
3.068004901942343321e-01
2.965412982280350440e-01
3.129803203593213290e-01
3.226386135393461418e-01
3.106100847038191226e-01
3.064950947772523415e-01
3.151974845478963672e-01
3.204510253998158475e-01
3.167656924893689774e-01
3.143495426919190039e-01
3.223483786039491039e-01
3.058748663416878122e-01
2.927923198934742621e-01
3.170915274771887726e-01
3.021937836175419556e-01
3.234588689012721785e-01
3.122167567666726540e-01
3.066509262620888965e-01
3.005474446404677313e-01
3.086106813175581443e-01
3.006279036446325992e-01
3.067401490472183023e-01
3.173253744292149903e-01
3.084696513599590184e-01
3.198485766384907558e-01
3.099036682319437630e-01
3.160539710497864974e-01
3.102519192197317199e-01
3.206708350252681639e-01
3.237923766217067345e-01
3.043472171791312686e-01
3.047582577986693297e-01
3.275753789243003311e-01
3.012567474429886372e-01
3.059692638724392788e-01
3.010421382267445267e-01
2.951805790351595404e-01
3.129934150998034403e-01
3.138039445100779257e-01
3.113728237493246787e-01
3.015172722393014704e-01
3.134021820349245369e-01
3.114613244269642256e-01
2.997187499925713650e-01
2.986608750301881776e-01
3.077796073195687709e-01
3.056406666874911249e-01
