4.355863368955960047e-01
3.644666000431869279e-01
3.596780779911665782e-01
3.281672508206593397e-01
3.255028960972266017e-01
3.148571639507238284e-01
3.085585326669269546e-01
3.203699013752712710e-01
3.162188923995935541e-01
3.111888046891271298e-01
3.132058040144372058e-01
3.077373615009773022e-01
3.162127907975857966e-01
3.121648995288268114e-01
3.139352740397593489e-01
3.014168425269077023e-01
3.025362109146250700e-01
3.073403030228376021e-01
3.064065037238459799e-01
3.071615266140604317e-01
3.127940298863295387e-01
3.100529219793328739e-01
3.099207170561143476e-01
3.155082432268675463e-01
3.069051342641054836e-01
3.039624674633651380e-01
3.196484247402118228e-01
3.032777841027416987e-01
3.054009928607193669e-01
3.154726147268611669e-01
2.971254629976140538e-01
3.074216004005894121e-01
3.036153296772142185e-01
3.066324517804109862e-01
2.972202324562601694e-01
3.188484535500158423e-01
3.070605994983672815e-01
3.042905646989606527e-01
3.123814762384594657e-01
3.156152109178431697e-01
3.124793458500625398e-01
3.053910456758650027e-01
3.040040546581782022e-01
3.055396360701445047e-01
3.101598734579300576e-01
2.912952867378237332e-01
3.112571064595381909e-01
3.082065253475362310e-01
2.978005587973022172e-01
2.983410509846774472e-01
3.081201699238712011e-01
3.019258362110444627e-01
3.204122669614966612e-01
3.060115323315720781e-01
3.139691900853511242e-01
3.072277125285031718e-01
3.068992953561887060e-01
3.021956206210452134e-01
3.031858198609973520e-01
2.991517437596504791e-01
2.876355650061755975e-01
3.047902118064673149e-01
2.973830846122577642e-01
3.043147906597263863e-01
3.015591366528339590e-01
2.950774494780172286e-01
3.046666101531876891e-01
3.028732828583439729e-01
2.920958940536989012e-01
3.001358784566949822e-01
3.113698029537039780e-01
3.012424895395617863e-01
2.963646331726169647e-01
2.955362753101423157e-01
2.977427982540571949e-01
3.163147433772534045e-01
2.991219652360072034e-01
2.981521614918333785e-01
2.956782593372649370e-01
3.002332935223864796e-01
3.040907532849811967e-01
3.028245956803099492e-01
3.098764576505965707e-01
2.931580805945633861e-01
3.048058990727199324e-01
3.080909805526949041e-01
2.857633246913737768e-01
3.055067892665225271e-01
2.890465957074606629e-01
3.154388791562256489e-01
2.974068438319901753e-01
3.067790709641819435e-01
3.209782442604127151e-01
3.179415228015937678e-01
3.100582076852076430e-01
3.031190173342556693e-01
3.046517417277770368e-01
3.064859236118783192e-01
3.104396398788366040e-01
2.860935047164520628e-01
2.951555196434189621e-01
3.033098322647648781e-01
3.179932637304651033e-01
2.982688864197224343e-01
2.945387644495893187e-01
3.018601823264701056e-01
3.022399834285710574e-01
3.121687025984927200e-01
2.900397049381948644e-01
3.038956819530968523e-01
2.965585156499345731e-01
3.085050361915464556e-01
2.916994006933387729e-01
3.030894688751970545e-01
3.026482330068924198e-01
3.017787035335134926e-01
3.069642891989992073e-01
3.055398174760448615e-01
2.975793122887338549e-01
2.922386599507508231e-01
2.990357333835196862e-01
3.037368131978557262e-01
3.084385526122887522e-01
3.095828432001815900e-01
3.142298425641819604e-01
2.931745105048755851e-01
2.992852753948817557e-01
3.107542588314372578e-01
3.028185174299898308e-01
2.982598639662000228e-01
3.020568039027290985e-01
3.042923124422916570e-01
3.020155926639525035e-01
2.923208508180508147e-01
2.953007378513211045e-01
3.038622650030512462e-01
3.090487168459468137e-01
2.960007421430776997e-01
3.055793507302805856e-01
3.036176585909906578e-01
3.036425234367056136e-01
3.111884748438309978e-01
2.898840950683892470e-01
2.959893833121008400e-01
3.071314080924618106e-01
2.888646896238725170e-01
2.914778606075705825e-01
2.955715201917291091e-01
2.996952876867914894e-01
2.974322409933859435e-01
2.917969378745185471e-01
3.005456424984348507e-01
3.130940270830355754e-01
3.061128980939368249e-01
3.012297499389742783e-01
3.054592726490925614e-01
3.030926250811463163e-01
3.031511484750514795e-01
3.015020997937085667e-01
2.975336491384222848e-01
2.891739180602325709e-01
3.094486460383462090e-01
2.986637063159166550e-01
3.087001749894812686e-01
2.858099877805260203e-01
2.956001991272474427e-01
3.065659739550531393e-01
2.993557589031472510e-01
3.102866673445776602e-01
3.115223097643466943e-01
2.985986784508873337e-01
3.090437259857713448e-01
3.083813266767171379e-01
2.983408914361615483e-01
3.003982731326131916e-01
3.076423879180539833e-01
3.009333526360138400e-01
2.972692598860145474e-01
3.104681988545812676e-01
3.044700186206981130e-01
3.120504033129484212e-01
2.947717566103659204e-01
3.028764643894485964e-01
2.973378718203461557e-01
2.974841473283916793e-01
3.008781863590258010e-01
2.983807400578095681e-01
3.043684961904083441e-01
3.123105537155386746e-01
2.923450502043646870e-01
3.010196993153892997e-01
2.995802555667280709e-01
3.029517243506098523e-01
3.018030848555905976e-01
2.951945809584161085e-01
3.037656728628796432e-01
3.067897859122198367e-01
2.978493592285515468e-01
2.962319419902506579e-01
2.932918341114597593e-01
2.946904761198615441e-01
3.062080517711409100e-01
3.053803049321475171e-01
2.932224169195113972e-01
2.981552336873160014e-01
3.053755377095230261e-01
3.071957331006416880e-01
3.020992588334748818e-01
3.014083491318554353e-01
3.132737210332330324e-01
3.160569086141364337e-01
2.982059666611875381e-01
2.894996667440372651e-01
3.137061277147687455e-01
3.059016892939944166e-01
3.103840902276899794e-01
2.933410222391977795e-01
2.967950990850731219e-01
2.960133349697103844e-01
3.111949878156700655e-01
2.937449120871509778e-01
2.917474883361386162e-01
3.004098336959984961e-01
2.916088541097736075e-01
2.977616215548160028e-01
3.037726476797416586e-01
2.972115607212877375e-01
3.029220810504231753e-01
3.048975287252504995e-01
2.958592203065246728e-01
3.107238966523515056e-01
2.992974678337183558e-01
3.024775511578078335e-01
3.071883145116729441e-01
2.975330711459202027e-01
2.943528028637792948e-01
3.041913996970884160e-01
3.026690993721332101e-01
3.087826917034379726e-01
3.014959159113266285e-01
2.997276056298491809e-01
2.953859811486461151e-01
2.917296013348848471e-01
2.886990231823024500e-01
3.072260733289098877e-01
2.949694552603747133e-01
3.003760286011767366e-01
2.988376245827261135e-01
2.989741402276005489e-01
3.079857766596116320e-01
2.911118149113807174e-01
3.018201923527961683e-01
2.931772297195983645e-01
3.000654686700462426e-01
2.947939421631315393e-01
3.113864751116468543e-01
3.115629191309892132e-01
3.057751251042901131e-01
2.971025518531986154e-01
2.994412729443404197e-01
3.118388000121462000e-01
2.909828950539913861e-01
2.828184570950751375e-01
3.190739032995856261e-01
3.053727133534218097e-01
3.028347420025842562e-01
3.101696097537811614e-01
3.184251760079349070e-01
3.033933249282495526e-01
2.990487919263460359e-01
3.097613791527456528e-01
2.874058402867909479e-01
3.108594195963482743e-01
2.989000337957700149e-01
2.979936009772428673e-01
3.039419005987746281e-01
3.053257677391194580e-01
3.064316690153739420e-01
3.147842137262501505e-01
2.971986522116459306e-01
3.212134637470277498e-01
3.065250057132734574e-01
2.843781770022911215e-01
3.188358413987715245e-01
3.114568463972712253e-01
3.002121431468026680e-01
3.156348743006627267e-01
3.059934124399417144e-01
3.035181965543646831e-01
3.022190047730166085e-01
2.919330258462262129e-01
2.947890724960923747e-01
2.998962106247208825e-01
2.956178486779960646e-01
2.983533353453598491e-01
2.918504923515261029e-01
3.138281699658379553e-01
2.923124015400114795e-01
2.907730286188479063e-01
3.015585433212654709e-01
2.953848673971324890e-01
3.211200055356567273e-01
3.111842318898560000e-01
3.063980798401826355e-01
2.988583637478270938e-01
3.026819620149206469e-01
2.988947723510396726e-01
3.094317655878103812e-01
2.984291663301616437e-01
2.955246014078996564e-01
3.041122407834416785e-01
2.943501219924712364e-01
2.937866489403810344e-01
2.915297118007241783e-01
2.870316206412996118e-01
2.902702058922417283e-01
3.016593268998924438e-01
3.125866615116522085e-01
3.002272191888417652e-01
3.181367906611415330e-01
3.114858829845352783e-01
2.954366093876027999e-01
2.934120428624258925e-01
3.043808689641053222e-01
3.184243974380105979e-01
3.184831777678850950e-01
2.876121362095176437e-01
2.990894583762964687e-01
2.908526226427047279e-01
3.127713715164014974e-01
2.909427851209627214e-01
3.046308463216348961e-01
3.100343819071187390e-01
3.073613238083539589e-01
2.964837636366849383e-01
3.037790786281202027e-01
2.949409611738069148e-01
3.162611187767222498e-01
3.080060821420556594e-01
3.016931724840854478e-01
3.058052308445773915e-01
2.956536103989831910e-01
2.905976085173864187e-01
3.040654097689486912e-01
3.059322663525568808e-01
2.926494060335462222e-01
2.924755552836330597e-01
3.043939017664252233e-01
2.932510829390910234e-01
3.123483036003534274e-01
2.937051536093016058e-01
3.044998251289264268e-01
3.024241288738165334e-01
3.004696205556536270e-01
2.833572320469550654e-01
3.030890299771587526e-01
3.021239704237721480e-01
3.073563262200821877e-01
3.236135792710790882e-01
3.084595550478739234e-01
2.985391288696468970e-01
3.047321419915043905e-01
2.962684837754747669e-01
2.955450694798210654e-01
3.026066686006320117e-01
3.006373203808561101e-01
2.924061538976305830e-01
2.973467968263114880e-01
2.937467004462093190e-01
2.992080013924102722e-01
2.972299505099116335e-01
3.112359008626391366e-01
3.104044904164715568e-01
2.937860147846006464e-01
3.147793762983859267e-01
3.111481690784814735e-01
3.050290395391863085e-01
3.044610565578392825e-01
3.055823070161235999e-01
2.846600415948202234e-01
2.977218234900071980e-01
3.063597272454429699e-01
3.076354612544661693e-01
3.061824374298880436e-01
2.937443178652931475e-01
2.932799141861063275e-01
3.052798617065092257e-01
2.927336595585666723e-01
3.139605526461813345e-01
3.038733797412795368e-01
3.038606505215662446e-01
3.119478347481311475e-01
2.972714603082902141e-01
3.060960274833304795e-01
2.867778217185827372e-01
2.991050466012373232e-01
2.875988847779215596e-01
3.067008896778951610e-01
3.019849327189398358e-01
2.980213503330763070e-01
2.972804660947692690e-01
3.002321559465953027e-01
2.957276787345812230e-01
2.949443533043437093e-01
2.915133145314053320e-01
2.932911942091029345e-01
3.124548409225019752e-01
3.082004046507903494e-01
2.951340381526248446e-01
2.916239300674035584e-01
2.882865693327353318e-01
3.012905058971127592e-01
3.132709335633017123e-01
3.047072224757658709e-01
3.035904324945515875e-01
2.869554110316565043e-01
3.028696863590107924e-01
3.031871981419748119e-01
2.969311864448053728e-01
3.287504930186521679e-01
3.189963553482772496e-01
2.967399724441654452e-01
3.020030870801921341e-01
3.041760529060780760e-01
3.004370913551289157e-01
3.086403854850985340e-01
3.187538706203164596e-01
3.106171848214255293e-01
3.094153168098291440e-01
3.153106219127808085e-01
3.126552118014084836e-01
3.009316062464162389e-01
3.248165299196109634e-01
2.977014458184237267e-01
3.018797370502457889e-01
3.277724161548264403e-01
3.047861096513911905e-01
3.009283858653986066e-01
3.067789753991694846e-01
3.095076611576476067e-01
3.017662352085520028e-01
3.102506568908534601e-01
2.818914521498710468e-01
2.945066740960763929e-01
2.988840989310994067e-01
2.945621974759693451e-01
2.998956442697469638e-01
2.907810671268828973e-01
3.165536487565848711e-01
3.045097666741127806e-01
3.099010742312064970e-01
3.039724671665973710e-01
3.093018425358674550e-01
3.138055100034070066e-01
3.039095735271630794e-01
3.071992236264032838e-01
3.064895913412815642e-01
3.142466500015255737e-01
2.990833396483387752e-01
3.057521877548073919e-01
3.017646817792442593e-01
3.115761523264362065e-01
3.055793446471825048e-01
3.093099338800790465e-01
2.941762795566523758e-01
2.941069267524497599e-01
2.969182868148863008e-01
3.099445201555884877e-01
3.175076477615672577e-01
3.028504575467248494e-01
3.042080649339348186e-01
2.985420233612641749e-01
3.101991043246994928e-01
3.051899500684948086e-01
3.084639894878555832e-01
2.916275318506782455e-01
3.115318862196292948e-01
2.956275861231641988e-01
3.097520805890146001e-01
3.086944954888445891e-01
3.044563173427628500e-01
3.018903916397924214e-01
3.090229483900431284e-01
3.091265667653316229e-01
3.085234657070921038e-01
2.968375730518461042e-01
2.924192251934472075e-01
2.950205557891302788e-01
2.939280413766484634e-01
2.997208926078527846e-01
3.035827311959227170e-01
2.866470928309320931e-01
3.180374460990810781e-01
3.202929505748329242e-01
2.987085393291972757e-01
3.076444039511790352e-01
3.125390134030443523e-01
2.955920452772095586e-01
3.040422619457244235e-01
3.022661681275167211e-01
3.115401808886744672e-01
3.133767441857233660e-01
3.028518845465863474e-01
3.068863754587480286e-01
2.962290388312923684e-01
3.092103806736108962e-01
3.085838408298676172e-01
2.921265632504824739e-01
3.108839225315577215e-01
3.003513147633970481e-01
3.028536395851061380e-01
3.145497279419711134e-01
2.852961737882698245e-01
3.005743187138408823e-01
2.871612010070450083e-01
3.022796179786345627e-01
2.950825665131148745e-01
2.973196552485738442e-01
3.030418368441791799e-01
3.009433547041888146e-01
2.836752984061451377e-01
2.938621944363871141e-01
3.022153444590487958e-01
3.058675381184052799e-01
2.880188811727577569e-01
3.188739730318884691e-01
2.925599168341406764e-01
2.843765695260038195e-01
3.159538254030423432e-01
2.952252602481024168e-01
3.009205381818651492e-01
2.972299589847360313e-01
3.097112538064385467e-01
2.937291566980806956e-01
3.050190571019628649e-01
2.961388292251703747e-01
3.065971062946321046e-01
2.966499005274052525e-01
2.938117461049936097e-01
2.971713789688518181e-01
3.170610452447752414e-01
2.911086588946509845e-01
2.878715106623250253e-01
2.982275450964932406e-01
2.997938479438733705e-01
2.915480932623050192e-01
3.009896003423318533e-01
2.956633026987318669e-01
3.072508441801333756e-01
3.083103438763875603e-01
2.970796398869016142e-01
3.041761591688053046e-01
3.027418053388029051e-01
3.109463776122931011e-01
3.113299943607104048e-01
3.059963091653430389e-01
3.130698583557636749e-01
2.938266939441030456e-01
3.024296416118810171e-01
2.880118184068630738e-01
3.052643361687837342e-01
2.966589037792322081e-01
3.128768436727337177e-01
2.957247936381461328e-01
3.021465094312545396e-01
3.067353008664069347e-01
3.043215265684480197e-01
2.950976888782458896e-01
3.085749925112703518e-01
3.058088775628674538e-01
2.973313525613985875e-01
3.042876266552576037e-01
3.083160065699672714e-01
3.011198664991415752e-01
2.926594850185242902e-01
2.995497914412092455e-01
3.107920740439600871e-01
2.891490975797132990e-01
3.153882287419769725e-01
3.021723074057715563e-01
2.908300823645351141e-01
3.073693733284696417e-01
3.086235073360070746e-01
3.103059593389251303e-01
3.135469725374439576e-01
3.064022063354206460e-01
3.062689800417535135e-01
3.024664719114127376e-01
2.932828190010279834e-01
3.042613825523530768e-01
2.989842475339836159e-01
2.978019007814508012e-01
2.993083860197779389e-01
2.961931982440428879e-01
2.864599882570367795e-01
2.933690644895804445e-01
3.065470460219524296e-01
2.999122057068345781e-01
3.134421593591393829e-01
3.019094065639993385e-01
