1.297567472199038674e+00
8.587086626974260728e-01
8.166866560317478374e-01
7.819336553564382175e-01
7.513385012041898792e-01
7.240087547230337206e-01
6.991224295564663072e-01
6.767840156404215657e-01
6.564786877812268662e-01
6.379971469696371633e-01
6.209806049910445713e-01
6.056219468208866585e-01
5.915225635337435506e-01
5.785026618352400174e-01
5.663705351381970177e-01
5.549822879825462296e-01
5.441888545171743585e-01
5.340215357324898937e-01
5.244502458906559195e-01
5.154265016769555841e-01
5.068844997191156443e-01
4.987763597782498004e-01
4.910179189851262560e-01
4.836952324539151582e-01
4.767028472319136401e-01
4.701091025786577338e-01
4.638500005275097426e-01
4.578712674967958529e-01
4.521523357701915935e-01
4.466477230458685832e-01
4.413345609001116943e-01
4.362168539307748616e-01
4.312394668111882989e-01
4.264469216327876344e-01
4.218318498451638088e-01
4.173706813590388198e-01
4.130793590209071997e-01
4.089082817362312827e-01
4.048785727471840845e-01
4.009952331544525128e-01
3.972299118625980952e-01
3.935808334756836779e-01
3.900435966255154097e-01
3.866051183574857331e-01
3.832877349637830444e-01
3.800826477342782450e-01
3.769543346081761226e-01
3.739521178404616175e-01
3.710346633190357291e-01
3.682123397024521516e-01
3.654524427679245457e-01
3.627559588223767117e-01
3.601113936776479951e-01
3.575210553467625951e-01
3.550005078604857034e-01
3.525434160682054952e-01
3.501448090706875127e-01
3.478136580701501335e-01
3.455649458356601644e-01
3.433691344939247547e-01
3.412246827980999209e-01
3.391217908112929003e-01
3.370517946546032206e-01
3.350216441556643221e-01
3.330315257178148025e-01
3.310878446660746044e-01
3.291981464015250602e-01
3.273595406824083009e-01
3.255501418824903181e-01
3.237804307737195963e-01
3.220564923461719520e-01
3.203752019003115459e-01
3.187316228858987355e-01
3.171138618737597836e-01
3.155229387761970261e-01
3.139792432681834944e-01
3.124715542494411191e-01
3.109924185526669604e-01
3.095353272075561102e-01
3.081035342517301490e-01
3.067016749454825608e-01
3.053303484301060911e-01
3.039955827657980780e-01
3.026994051011949183e-01
3.014323129530692147e-01
3.001857364614505252e-01
2.989617781171668431e-01
2.977571647485701689e-01
2.965685421092923435e-01
2.953997335702107652e-01
2.942518655644809078e-01
2.931178351500119961e-01
2.919956174113870762e-01
2.908851090712069043e-01
2.897961333968663844e-01
2.887254134776182091e-01
2.876656360775182164e-01
2.866166384441268256e-01
2.855782607093868553e-01
2.845503458414502251e-01
2.835400654081445815e-01
2.825563521198372618e-01
2.815900963473995100e-01
2.806378834088726903e-01
2.796985921750685944e-01
2.787716899734107856e-01
2.778580174390370416e-01
2.769534385164019175e-01
2.760632597138735767e-01
2.751843148155088681e-01
2.743170570559273491e-01
2.734635606055373924e-01
2.726231260157169767e-01
2.717931814774720567e-01
2.709716660987402381e-01
2.701637876271285044e-01
2.693679786134899334e-01
2.685878917717032244e-01
2.678155903006386729e-01
2.670521504995774786e-01
2.662981612014072019e-01
2.655503292189912434e-01
2.648085806100412554e-01
2.640730945798436813e-01
2.633469508204863696e-01
2.626301688215407215e-01
2.619203399178492986e-01
2.612169321785566267e-01
2.605225493096225420e-01
2.598360586903592506e-01
2.591592080133854892e-01
2.584901196537254808e-01
2.578287138432492909e-01
2.571808698888460309e-01
2.565408952232536843e-01
2.559099038087040978e-01
2.552882924161805067e-01
2.546722984855742666e-01
2.540617628707726450e-01
2.534572482943135974e-01
2.528619578344150076e-01
2.522708011489822044e-01
2.516837353102757135e-01
2.511007179377195975e-01
2.505221690115173594e-01
2.499485344849323720e-01
2.493790621259510953e-01
2.488139204104019286e-01
2.482535127070058245e-01
2.477030020850401748e-01
2.471570922032474416e-01
2.466156585738062401e-01
2.460807466428893142e-01
2.455513234953477231e-01
2.450256189352140734e-01
2.445054721542226916e-01
2.439907271110195452e-01
2.434852775960455462e-01
2.429839201147484529e-01
2.424866857823350930e-01
2.419932252538630757e-01
2.415028466558676312e-01
2.410161589693737005e-01
2.405378505639299835e-01
2.400633217405762632e-01
2.395928102345727673e-01
2.391307079934328061e-01
2.386737943551216767e-01
2.382197837871577739e-01
2.377705641415925053e-01
2.373249055819086351e-01
2.368830897573067640e-01
2.364470140506062801e-01
2.360181926262522878e-01
2.355951180375213949e-01
2.351768838983249177e-01
2.347628408794221744e-01
2.343536416597887528e-01
2.339466976686000177e-01
2.335435479714757789e-01
2.331434096093764063e-01
2.327461047545320849e-01
2.323525879267057948e-01
2.319616879816510935e-01
2.315739957824831108e-01
2.311908606453096093e-01
2.308145460817407346e-01
2.304425173705109131e-01
2.300738509680309851e-01
2.297110036293971147e-01
2.293541606174833436e-01
2.290003585651678442e-01
2.286483216694292497e-01
2.282985563149693975e-01
2.279515066560996728e-01
2.276069991515215496e-01
2.272674228028889187e-01
2.269299075622916440e-01
2.265952055226870820e-01
2.262639775179509372e-01
2.259356982010876647e-01
2.256097830720992514e-01
2.252856842469630194e-01
2.249644515073013218e-01
2.246455612948234648e-01
2.243281242054845359e-01
2.240126973266547694e-01
2.237015021530534553e-01
2.233927040956204535e-01
2.230855198112011994e-01
2.227797104383432703e-01
2.224752659291773238e-01
2.221723790603529480e-01
2.218721373495812776e-01
2.215732155663622804e-01
2.212768222729414869e-01
2.209826419639283335e-01
2.206904157124615351e-01
2.203995566143847895e-01
2.201099426658982283e-01
2.198222454272739657e-01
2.195362581907562005e-01
2.192514803083356056e-01
2.189701480160474167e-01
2.186949028834723752e-01
2.184225057320144103e-01
2.181520951490272531e-01
2.178839376828274610e-01
2.176178200395788020e-01
2.173544278647692174e-01
2.170941864082087391e-01
2.168361703731280510e-01
2.165792442282533647e-01
2.163236265713549267e-01
2.160699642693532652e-01
2.158188520503537822e-01
2.155688846117318480e-01
2.153199689978473053e-01
2.150724679846181819e-01
2.148264291216227806e-01
2.145814377560779918e-01
2.143388153130201812e-01
2.140970713493877964e-01
2.138569624972610217e-01
2.136179991831981539e-01
2.133807857993729740e-01
2.131452894361512695e-01
2.129112789724357246e-01
2.126783499796709997e-01
2.124466782196681724e-01
2.122169381009905154e-01
2.119886062095332757e-01
2.117623406499478667e-01
2.115385105810348443e-01
2.113158312455534482e-01
2.110943572046241612e-01
2.108737026772479484e-01
2.106549961757031852e-01
2.104384882870517781e-01
2.102238784306972863e-01
2.100116047689363497e-01
2.098011789925055826e-01
2.095944919063435774e-01
2.093884816679816296e-01
2.091847884033090077e-01
2.089824556320266369e-01
2.087811720819591765e-01
2.085805397282638474e-01
2.083805449740873394e-01
2.081824708040135308e-01
2.079857432741814283e-01
2.077901764293988707e-01
2.075963730522405182e-01
2.074031746118342179e-01
2.072105782279124730e-01
2.070187343201378705e-01
2.068282182856633622e-01
2.066386586064989928e-01
2.064497734880901270e-01
2.062618232338446489e-01
2.060746933149903981e-01
2.058881367339677471e-01
2.057025258225240183e-01
2.055185946791242002e-01
2.053353965753244859e-01
2.051536655632462958e-01
2.049726473924221581e-01
2.047930033476971501e-01
2.046160614289565804e-01
2.044415911727024693e-01
2.042676153363359726e-01
2.040941318808401628e-01
2.039211387786438179e-01
2.037493306867405041e-01
2.035787149204123514e-01
2.034089929885550818e-01
2.032403606824746689e-01
2.030724194593467868e-01
2.029058545558533877e-01
2.027397443008369105e-01
2.025749454180094666e-01
2.024108538656567979e-01
2.022474291073136921e-01
2.020854096519356935e-01
2.019241137722219137e-01
2.017632408424785695e-01
2.016027893665092163e-01
2.014427863397221796e-01
2.012833838863053726e-01
2.011243973977933919e-01
2.009658253897837477e-01
2.008076663842684462e-01
2.006499189095940494e-01
2.004925815004228173e-01
2.003356526976938501e-01
2.001791310485851738e-01
2.000230151064761042e-01
1.998673034309103036e-01
1.997123152205333985e-01
1.995577917466321849e-01
1.994038057605946324e-01
1.992504614006948838e-01
1.990975085297863600e-01
1.989449457824256084e-01
1.987931929749149895e-01
1.986425247239411440e-01
1.984935130398600700e-01
1.983464253916383813e-01
1.981998608766853132e-01
1.980539961394680859e-01
1.979085344421523951e-01
1.977635302586584765e-01
1.976189464758508207e-01
1.974754856598995578e-01
1.973323795854576290e-01
1.971901867356345706e-01
1.970495300202896594e-01
1.969094223259850729e-01
1.967697227243493663e-01
1.966303642579429745e-01
1.964922639411698924e-01
1.963554023122134340e-01
1.962191542372546949e-01
1.960840292884246105e-01
1.959492974420574407e-01
1.958148886874932770e-01
1.956812350159926883e-01
1.955489788616714686e-01
1.954176469437904351e-01
1.952868968845054287e-01
1.951564954664481433e-01
1.950267089348533545e-01
1.948978270418489089e-01
1.947705052386341507e-01
1.946434821343337451e-01
1.945167567234651618e-01
1.943912325813517972e-01
1.942668715403211843e-01
1.941433349109356332e-01
1.940205018070281506e-01
1.938986165521110749e-01
1.937772821662837597e-01
1.936564849012395451e-01
1.935362528433602902e-01
1.934168558419200046e-01
1.932978995691739532e-01
1.931796785712181219e-01
1.930620072491825434e-01
1.929445957111320109e-01
1.928274431532148447e-01
1.927105487745928991e-01
1.925939117774242981e-01
1.924775313668465604e-01
1.923614067509599179e-01
1.922455371408109126e-01
1.921299217503760204e-01
1.920145597965460249e-01
1.918995370286716295e-01
1.917848729050680157e-01
1.916704592954677766e-01
1.915573145243703590e-01
1.914448906089079583e-01
1.913331751783777790e-01
1.912220320893523451e-01
1.911111250443144616e-01
1.910004533536172888e-01
1.908900163299100672e-01
1.907798132881270703e-01
1.906698435454775575e-01
1.905606658574827972e-01
1.904519221937389650e-01
1.903434053168584494e-01
1.902351145847468172e-01
1.901270493573054277e-01
1.900192089964235775e-01
1.899115928659696473e-01
1.898042003317836346e-01
1.896970307616685780e-01
1.895900835253830907e-01
1.894835104661029279e-01
1.893774449099011881e-01
1.892715971366789041e-01
1.891659665413782943e-01
1.890605525207317283e-01
1.889553544732554269e-01
1.888503866478268844e-01
1.887456884337299634e-01
1.886412039423431553e-01
1.885371487232047338e-01
1.884338719962446451e-01
1.883308037935262358e-01
1.882281094622416107e-01
1.881262931737087141e-01
1.880247387306220319e-01
1.879235242027609831e-01
1.878227261243380075e-01
1.877222687649781063e-01
1.876220124009178591e-01
1.875222122236515077e-01
1.874229094876142254e-01
1.873239223402962672e-01
1.872252749218435430e-01
1.871271843858270112e-01
1.870296424966440552e-01
1.869322927280084590e-01
1.868351345848862644e-01
1.867381675732232293e-01
1.866413911999495467e-01
1.865448911083563421e-01
1.864489567903545031e-01
1.863532091973854887e-01
1.862580038778701153e-01
1.861631624547986918e-01
1.860687119692864266e-01
1.859748028713437418e-01
1.858821992251953048e-01
1.857900537814285713e-01
1.856984802714750638e-01
1.856070796253278810e-01
1.855158514126941938e-01
1.854249747942430804e-01
1.853343599529307939e-01
1.852439161877856566e-01
1.851536430704509850e-01
1.850635401734036234e-01
1.849739955838449468e-01
1.848848938614063853e-01
1.847960806200118766e-01
1.847074305059819843e-01
1.846189431349631316e-01
1.845306181231455289e-01
1.844425782932523350e-01
1.843547104799780068e-01
1.842670039776809210e-01
1.841794583995675083e-01
1.840920733594957892e-01
1.840048484719802591e-01
1.839178537937573854e-01
1.838313495795468600e-01
1.837456635360392998e-01
1.836601925750603603e-01
1.835748767697298056e-01
1.834897829764274846e-01
1.834052836551233467e-01
1.833212136043965157e-01
1.832376675157127432e-01
1.831544397871377738e-01
1.830713609087352423e-01
1.829893196775856379e-01
1.829075749218472269e-01
1.828259735737748914e-01
1.827445153008261658e-01
1.826631997710060629e-01
1.825820266528706548e-01
1.825010808042776544e-01
1.824204876604028358e-01
1.823400343422372505e-01
1.822597205303078394e-01
1.821795459056275435e-01
1.820995101496995505e-01
1.820196129445215416e-01
1.819401548091034715e-01
1.818612227911905188e-01
1.817824261227480032e-01
1.817037644949513753e-01
1.816252375994505952e-01
1.815468451283745177e-01
1.814685867743346948e-01
1.813904622304297887e-01
1.813124968453753150e-01
1.812348045241517214e-01
1.811576209612615895e-01
1.810809066846176818e-01
1.810043217432719398e-01
1.809279057251781953e-01
1.808520852923026778e-01
1.807764845110013119e-01
1.807011909895741286e-01
1.806263020931294927e-01
1.805517805502092343e-01
1.804776853603405895e-01
1.804037126001978852e-01
1.803298620018942700e-01
1.802561332978720177e-01
1.801825953318055284e-01
1.801092820253544224e-01
1.800360892111426414e-01
1.799630166283138766e-01
1.798900640163105247e-01
1.798175282544292874e-01
1.797452407343617664e-01
1.796736450553468589e-01
1.796024580245103863e-01
1.795313850150413726e-01
1.794604257888369192e-01
1.793895801080274133e-01
1.793190254958031415e-01
1.792485932570841434e-01
1.791782732521571830e-01
1.791080652476960411e-01
1.790379690106085331e-01
1.789683946061428055e-01
1.788991956752796764e-01
1.788301057981653008e-01
1.787611247480480337e-01
1.786922522984307760e-01
1.786234882230755827e-01
1.785548322960071321e-01
1.784863581934934829e-01
1.784182606254561543e-01
1.783503071140623841e-01
1.782825570797519077e-01
1.782153385754067509e-01
1.781483914121229639e-01
1.780815481628383601e-01
1.780148086122202433e-01
1.779482538700436767e-01
1.778818462766539044e-01
1.778155417785223791e-01
1.777494501441413133e-01
1.776834599683169702e-01
1.776175710437875033e-01
1.775517831635486099e-01
1.774860961208555854e-01
1.774206876441493386e-01
1.773555152458713424e-01
1.772906932483886977e-01
1.772263331400014130e-01
1.771623596936769407e-01
1.770984826061113848e-01
1.770348797491103354e-01
1.769718288901709902e-01
1.769088798466620371e-01
1.768462499848122704e-01
1.767840417346255022e-01
1.767219274071426260e-01
1.766602031835572961e-01
1.765988315501718642e-01
1.765375511604423409e-01
1.764763618308479443e-01
1.764152633780941004e-01
1.763542556191153299e-01
1.762935082472165127e-01
1.762328659907496375e-01
1.761723134579438743e-01
1.761118504674600016e-01
1.760514768381967465e-01
1.759911923892930885e-01
1.759311463960967770e-01
1.758713302397436895e-01
1.758119931478205888e-01
1.757529323119231546e-01
1.756939574271332849e-01
1.756350683226665099e-01
1.755762648279586557e-01
1.755175467726681482e-01
1.754589139866776781e-01
1.754003663000967272e-01
1.753419035432633444e-01
1.752835255467461162e-01
1.752252321413464431e-01
1.751671484129814216e-01
1.751091645866860447e-01
1.750512639561675743e-01
1.749934807631160771e-01
1.749359970010092857e-01
1.748788842678018485e-01
1.748218521858630747e-01
1.747649006012625128e-01
1.747080293602383261e-01
1.746512383091997633e-01
1.745948668014713767e-01
1.745385835265919339e-01
1.744824431028605682e-01
1.744263966351246586e-01
1.743704285591356207e-01
1.743145387231980203e-01
1.742587269758169299e-01
1.742030695614704416e-01
1.741475997575204215e-01
