2.597665037855425574e-01
2.361918022578136656e-01
2.258833786278028055e-01
2.191381671374208473e-01
2.140115532339469107e-01
2.100165282659308685e-01
2.065658236170810902e-01
2.034499092348209248e-01
2.006130669801028388e-01
1.980297763135912270e-01
1.956914170951825627e-01
1.935280869710162277e-01
1.915805747158992600e-01
1.898153711822310186e-01
1.882316719686082107e-01
1.867582388203840038e-01
1.853820364130945308e-01
1.840974115025751645e-01
1.829370425653910892e-01
1.818391038797059212e-01
1.808064930105748314e-01
1.798703171354142927e-01
1.789779976706380449e-01
1.781508510534297596e-01
1.773468064779847031e-01
1.765788184857686460e-01
1.758492190788720766e-01
1.751426296504792479e-01
1.744583569944449519e-01
1.738040739671860013e-01
1.731646139584960831e-01
1.725379307236425408e-01
1.719267907125969219e-01
1.713361462422171577e-01
1.707645079135576838e-01
1.702090506610022813e-01
1.696694876077161906e-01
1.691432795383224219e-01
1.686343963165805038e-01
1.681407418071265703e-01
1.676636244371950690e-01
1.671982322477457983e-01
1.667426733018579077e-01
1.662966546007376145e-01
1.658566090088553491e-01
1.654243838551508750e-01
1.650049808059822209e-01
1.645960761618558976e-01
1.641960314584577363e-01
1.638048332775411953e-01
1.634210348833052551e-01
1.630436888404262763e-01
1.626712754072980605e-01
1.623054404193927380e-01
1.619464928346763810e-01
1.615976793845480819e-01
1.612571046871110469e-01
1.609212050814330663e-01
1.605895661059857649e-01
1.602672848559236474e-01
1.599493483679595152e-01
1.596381212993590870e-01
1.593331671817340145e-01
1.590321879333867483e-01
1.587338950921473035e-01
1.584401222709658219e-01
1.581490264225084985e-01
1.578604912873806942e-01
1.575744749989060611e-01
1.572909370542752150e-01
1.570100536332126318e-01
1.567329199536517947e-01
1.564587454623756479e-01
1.561868525289478726e-01
1.559172082582601093e-01
1.556497806548937934e-01
1.553845385808041990e-01
1.551220019203971012e-01
1.548644452152692363e-01
1.546089318694034709e-01
1.543566320165136452e-01
1.541088146177393980e-01
1.538650300462706122e-01
1.536238937912799418e-01
1.533845865002474440e-01
1.531470854236066104e-01
1.529113683246684507e-01
1.526777662944701075e-01
1.524472294304577979e-01
1.522193444892379066e-01
1.519959239322671851e-01
1.517772426099256722e-01
1.515603033305271685e-01
1.513473943263897448e-01
1.511388109210154151e-01
1.509332830141485726e-01
1.507329560755221454e-01
1.505346365158596322e-01
1.503395493006408901e-01
1.501457370887960274e-01
1.499531872001979294e-01
1.497625566892345494e-01
1.495735143153622271e-01
1.493856773986800557e-01
1.491990343741936009e-01
1.490135738445294011e-01
1.488292845751828797e-01
1.486461554900099513e-01
1.484647369150177976e-01
1.482852856038716360e-01
1.481069501826448309e-01
1.479302448894972144e-01
1.477551115906669543e-01
1.475810587838902455e-01
1.474090530708835889e-01
1.472387524239311685e-01
1.470695060295868217e-01
1.469026508793565278e-01
1.467373322432309057e-01
1.465730258727042934e-01
1.464106008386333591e-01
1.462502676394668299e-01
1.460916218412771916e-01
1.459349526530989982e-01
1.457792056708525075e-01
1.456251350815425394e-01
1.454730062304977201e-01
1.453220369964939307e-01
1.451719714213982604e-01
1.450231906234286938e-01
1.448771189433879225e-01
1.447322426431015274e-01
1.445891894623071994e-01
1.444476462296741537e-01
1.443068975332863213e-01
1.441673972964140626e-01
1.440291120895936527e-01
1.438925574986127109e-01
1.437583845920455683e-01
1.436269944445363045e-01
1.434965545004546483e-01
1.433684251699104129e-01
1.432421544695493265e-01
1.431178271934574475e-01
1.429960366941945837e-01
1.428763822149180518e-01
1.427573354938396766e-01
1.426401978872516574e-01
1.425250156086448894e-01
1.424112177742654084e-01
1.422985014787424285e-01
1.421863316959464663e-01
1.420747045363904559e-01
1.419636161412551056e-01
1.418533349504819407e-01
1.417446505759237529e-01
1.416364867176266584e-01
1.415288396824886941e-01
1.414220247408006226e-01
1.413160158047768733e-01
1.412105068550419118e-01
1.411058225050863535e-01
1.410027988319719205e-01
1.409003025624407379e-01
1.407982836473138655e-01
1.406978269754670940e-01
1.405978693742712671e-01
1.404984000011808565e-01
1.403993908126948409e-01
1.403013152389233076e-01
1.402057619448282555e-01
1.401106338424687736e-01
1.400159279869641060e-01
1.399216414587421686e-01
1.398277713633391817e-01
1.397351016740726870e-01
1.396442607959380022e-01
1.395538065295511276e-01
1.394637362843874073e-01
1.393740474920691919e-01
1.392847376061784048e-01
1.391958041020694703e-01
1.391072444766842109e-01
1.390190562483671899e-01
1.389312369566821637e-01
1.388437841622295887e-01
1.387571712447559225e-01
1.386709232994543795e-01
1.385852508011815309e-01
1.384999404029655656e-01
1.384149737352134701e-01
1.383303486133821703e-01
1.382463503027931973e-01
1.381640337086274262e-01
1.380824601035164634e-01
1.380012013685011363e-01
1.379203861075420090e-01
1.378406170469262115e-01
1.377627355407819998e-01
1.376855060003842335e-01
1.376086803213948107e-01
1.375321388194638839e-01
1.374558798650354907e-01
1.373799018403935035e-01
1.373042031395774465e-01
1.372290595860772011e-01
1.371542570243237669e-01
1.370797265596283843e-01
1.370062922409412964e-01
1.369334174259710935e-01
1.368608060644515012e-01
1.367884566630276910e-01
1.367163677389850451e-01
1.366462346542988426e-01
1.365771505641724670e-01
1.365083032258489759e-01
1.364396914131423555e-01
1.363713139070703573e-01
1.363031694958390660e-01
1.362353624215833503e-01
1.361684652220766512e-01
1.361017916751502965e-01
1.360353406498472639e-01
1.359694183840763071e-01
1.359039913583385550e-01
1.358388318255430161e-01
1.357745661237588219e-01
1.357112281543052801e-01
1.356484935221202448e-01
1.355861265628571788e-01
1.355239625545060500e-01
1.354625813095474418e-01
1.354038426011170415e-01
1.353454021165700627e-01
1.352871412066466161e-01
1.352291513792593380e-01
1.351714328483049898e-01
1.351146407018825324e-01
1.350580172598299378e-01
1.350015617917763866e-01
1.349452735703857154e-01
1.348894190184632136e-01
1.348350229927227362e-01
1.347815763828218993e-01
1.347290757251743132e-01
1.346772524780205649e-01
1.346256790104618795e-01
1.345742526769056480e-01
1.345229728566821326e-01
1.344718389314727147e-01
1.344208502853294074e-01
1.343700063046924797e-01
1.343193867917719109e-01
1.342691976488291361e-01
1.342194196204174739e-01
1.341699229379527403e-01
1.341205618066549643e-01
1.340713356761399355e-01
1.340222439981393898e-01
1.339732862265137492e-01
1.339244618172641121e-01
1.338757702285429674e-01
1.338275449549664875e-01
1.337796745767808326e-01
1.337319341524334793e-01
1.336843231380533681e-01
1.336369483139271674e-01
1.335897530598654237e-01
1.335426844131257229e-01
1.334957418445436861e-01
1.334489248275387840e-01
1.334022328381088973e-01
1.333556653548243209e-01
1.333094047267590898e-01
1.332633708274651996e-01
1.332175647650022110e-01
1.331718822873984021e-01
1.331263228504961371e-01
1.330810706971844448e-01
1.330359537118190605e-01
1.329909577779451457e-01
1.329460823567220618e-01
1.329013269124898478e-01
1.328566909127493201e-01
1.328121738281425879e-01
1.327677751324334299e-01
1.327234943024874492e-01
1.326793308182530329e-01
1.326352841627413959e-01
1.325913538220072074e-01
1.325475392851291623e-01
1.325038711643298228e-01
1.324605891168353367e-01
1.324174186542467768e-01
1.323749006247974813e-01
1.323325729155941655e-01
1.322903577701719791e-01
1.322482648199887478e-01
1.322062790657947962e-01
1.321644000502285865e-01
1.321226273185999167e-01
1.320809604188717401e-01
1.320393989016425684e-01
1.319979423201284030e-01
1.319567055595044780e-01
1.319161899015740269e-01
1.318766055135565107e-01
1.318371140348865989e-01
1.317977151033406236e-01
1.317584083586433308e-01
1.317191934424554178e-01
1.316800699983605438e-01
1.316410376718531172e-01
1.316020961103252507e-01
1.315632449630548539e-01
1.315244838811929495e-01
1.314858125177514048e-01
1.314472305275907749e-01
1.314089718285640640e-01
1.313708359505051104e-01
1.313327875952113588e-01
1.312948264231462991e-01
1.312570893197232413e-01
1.312196569660765699e-01
1.311823099731188880e-01
1.311450480058245494e-01
1.311078707310693314e-01
1.310707778176165295e-01
1.310338869262039074e-01
1.309971746472381460e-01
1.309605440195334980e-01
1.309239947376135693e-01
1.308875264976332720e-01
1.308511389973672223e-01
1.308148319361983059e-01
1.307786050151064638e-01
1.307424579366571471e-01
1.307063904049903524e-01
1.306704021258094095e-01
1.306349892902808618e-01
1.306001063003142948e-01
1.305652984335554101e-01
1.305305654133907811e-01
1.304960382631717986e-01
1.304616523356170177e-01
1.304273399493333652e-01
1.303931008347957443e-01
1.303589347239094975e-01
1.303248413500001368e-01
1.302908204478032683e-01
1.302574389229275431e-01
1.302241371685324833e-01
1.301909056285225907e-01
1.301577440441382960e-01
1.301246521580358417e-01
1.300916297142765687e-01
1.300586764583159527e-01
1.300257921369933900e-01
1.299929764985213454e-01
1.299602292924751101e-01
1.299275502697825324e-01
1.298949391827137478e-01
1.298625981277739261e-01
1.298304965737828720e-01
1.297984607469925555e-01
1.297664904114544937e-01
1.297348733070829985e-01
1.297033279870049294e-01
1.296718470353704356e-01
1.296404302191792313e-01
1.296090773066912172e-01
1.295777904901290745e-01
1.295468214163262022e-01
1.295161329298049613e-01
1.294855049653334533e-01
1.294549373119354696e-01
1.294244297597285376e-01
1.293939820999158719e-01
1.293636780651392371e-01
1.293335408022568966e-01
1.293034615428095280e-01
1.292734400918531534e-01
1.292434762553977545e-01
1.292135698404014432e-01
1.291837206547634676e-01
1.291539285073181054e-01
1.291241932078283361e-01
1.290945145669797345e-01
1.290648923963739203e-01
1.290353265085228129e-01
1.290058167168423586e-01
1.289767536914100121e-01
1.289477635199460237e-01
1.289188267634144569e-01
1.288899432518620380e-01
1.288611128161238073e-01
1.288323352878179284e-01
1.288036104993406650e-01
1.287749382838611900e-01
1.287463184753166734e-01
1.287177509084071747e-01
1.286892354185909526e-01
1.286607718420791913e-01
1.286323600158315594e-01
1.286039997775510202e-01
1.285756909656795288e-01
1.285474334193928148e-01
1.285192269785960240e-01
1.284910714839189727e-01
1.284629881957727870e-01
1.284352588772210702e-01
1.284075785737168185e-01
1.283799471367755851e-01
1.283523644185611545e-01
1.283248302718814626e-01
1.282976329969466589e-01
1.282706136728962443e-01
1.282437019702023784e-01
1.282170112553033259e-01
1.281903658653877620e-01
1.281637656687503179e-01
1.281372105342316325e-01
1.281107003312151049e-01
1.280842349296234806e-01
1.280578141999161590e-01
1.280314380130856133e-01
1.280051082056542777e-01
1.279788547769070139e-01
1.279526443610701225e-01
1.279264768401008612e-01
1.279003846639252817e-01
1.278746772820164024e-01
1.278491423199481225e-01
1.278237267029837254e-01
1.277984089923931976e-01
1.277731315073545315e-01
1.277478941399403101e-01
1.277226967826287640e-01
1.276975393283017179e-01
1.276725481473805213e-01
1.276480106018685334e-01
1.276235269352459789e-01
1.275992650436400533e-01
1.275750402043517306e-01
1.275511796768342976e-01
1.275276856088831678e-01
1.275042259817677770e-01
1.274808007103469532e-01
1.274574097097890546e-01
1.274340528955706653e-01
1.274107301834744299e-01
1.273874414895874996e-01
1.273641867302994501e-01
1.273409658223010332e-01
1.273177786825820390e-01
1.272946252284296864e-01
1.272715053774269300e-01
1.272484190474509336e-01
1.272253661566711269e-01
1.272023466235476796e-01
1.271793603668300576e-01
1.271564073055550248e-01
1.271334873590453107e-01
1.271106004469079453e-01
1.270877464890326214e-01
1.270649254055901123e-01
1.270421371170309677e-01
1.270193815440836538e-01
1.269966586077530823e-01
1.269739682293193894e-01
1.269513103303361312e-01
1.269286848326287576e-01
1.269060916582935017e-01
1.268835484035702454e-01
1.268611752920615621e-01
1.268388334245285909e-01
1.268165227283140906e-01
1.267942431310015161e-01
1.267719945604137421e-01
1.267497769446118416e-01
1.267275902118938091e-01
1.267056388526676403e-01
1.266837822832491689e-01
1.266619558131695800e-01
1.266401593721130370e-01
1.266183928899949074e-01
1.265966562969606524e-01
1.265749495233848554e-01
1.265535804651659324e-01
1.265322828767931895e-01
1.265110142193252019e-01
1.264897744243314304e-01
1.264688410322256651e-01
1.264481584467530284e-01
1.264275022231384771e-01
1.264068723055576104e-01
1.263862686383382117e-01
1.263656911659598314e-01
1.263451480633126789e-01
1.263246520842450371e-01
1.263041827837720343e-01
1.262837401017362915e-01
1.262633239781666972e-01
1.262429343532773529e-01
1.262225711674672957e-01
1.262022343613192488e-01
1.261819238755992889e-01
1.261619457137420630e-01
1.261422933558726256e-01
1.261229861269915486e-01
1.261039706800293758e-01
1.260849779543523619e-01
1.260660079018478263e-01
1.260470604745448919e-01
1.260281356246142348e-01
1.260092333043673074e-01
1.259903534662560609e-01
1.259714960628721125e-01
1.259526610469466346e-01
1.259338483713494938e-01
1.259150579890889743e-01
1.258962898533111663e-01
1.258775439172992727e-01
1.258588201344734425e-01
1.258401184583902988e-01
1.258214388427419950e-01
1.258027812413561597e-01
1.257841456081951470e-01
1.257655318973557312e-01
1.257469400630685241e-01
1.257283700596973364e-01
1.257098218417390945e-01
1.256912953638229802e-01
1.256727905807100976e-01
1.256543074472930011e-01
1.256358459185952514e-01
1.256174059497708329e-01
1.255989874961038200e-01
1.255810205318351747e-01
1.255631096196544449e-01
1.255452188744924924e-01
1.255273482540243402e-01
1.255094977160615410e-01
1.254916672185518722e-01
1.254738567195783083e-01
1.254560661773587715e-01
1.254382955502454378e-01
1.254205447967239873e-01
1.254028391987734858e-01
1.253852430413713304e-01
1.253676661933649794e-01
1.253501086157604583e-01
1.253325702696840849e-01
1.253150511163818870e-01
1.252975511172192413e-01
1.252800702336803185e-01
1.252626084273675000e-01
1.252451656600009344e-01
1.252277418934179543e-01
1.252103370895726597e-01
1.251929512105353914e-01
1.251755842184922030e-01
1.251582360757443058e-01
1.251409067447077916e-01
1.251235961879128833e-01
1.251063043680036291e-01
1.250890312477372923e-01
1.250717767899840460e-01
1.250545409577262235e-01
1.250373237140581517e-01
1.250202665896992527e-01
1.250033263323144517e-01
1.249864034556940617e-01
1.249694979288663160e-01
1.249526097209394671e-01
1.249357388011012732e-01
1.249188851386190680e-01
1.249022000330499149e-01
1.248856048231975074e-01
1.248690257506473444e-01
1.248524627893120159e-01
1.248359159131610663e-01
1.248197776501169393e-01
1.248036859473720117e-01
1.247876086461302964e-01
1.247715457280598877e-01
1.247554971748454505e-01
1.247394629681885803e-01
1.247234430898074981e-01
1.247074375214374253e-01
1.246914462448304728e-01
1.246754692417558347e-01
1.246595064939995806e-01
1.246435579833652801e-01
1.246276236916734337e-01
1.246117284394481078e-01
1.245958709440083967e-01
1.245800274312502676e-01
1.245641978834106378e-01
1.245483822827454790e-01
