6.531449455845745877e-01
5.592998124643371316e-01
5.299080834289617847e-01
5.100072196860040430e-01
4.939685609777585418e-01
4.802813391403310539e-01
4.682931455818833966e-01
4.574733136908659126e-01
4.476061034167411190e-01
4.385910516203307408e-01
4.303837886488576792e-01
4.227722146929852043e-01
4.157525718764948919e-01
4.092890596163778483e-01
4.032562198383433105e-01
3.976645039450254493e-01
3.924276981778278550e-01
3.874897021112185813e-01
3.828870835439427411e-01
3.785258856931014160e-01
3.744075555759298624e-01
3.705848198169056640e-01
3.669533755655844387e-01
3.635152983910839297e-01
3.602505568229757427e-01
3.571333120913138814e-01
3.541568218122977396e-01
3.513702650907081781e-01
3.487296190984935373e-01
3.461926330967479148e-01
3.437957143505093183e-01
3.415036731345336141e-01
3.393012286315700843e-01
3.371959877431167096e-01
3.351773832863370051e-01
3.332286124491186663e-01
3.313533964808018650e-01
3.295346535162772539e-01
3.277884049893612928e-01
3.261007021152823593e-01
3.244667797701560330e-01
3.229015224983644572e-01
3.213953840108404458e-01
3.199399536880311867e-01
3.185284565201751406e-01
3.171729284571504492e-01
3.158736084637726593e-01
3.146132985931826553e-01
3.133911782777645261e-01
3.122067747952555483e-01
3.110543858547729079e-01
3.099334492860870705e-01
3.088392497721637597e-01
3.077871675746259861e-01
3.067624083732804485e-01
3.057676132996898777e-01
3.047965244446944610e-01
3.038482549182158210e-01
3.029223437188661161e-01
3.020141491413241286e-01
3.011277132091650932e-01
3.002662230641762742e-01
2.994266955363736882e-01
2.986063623631382002e-01
2.978075902778455353e-01
2.970271260776248812e-01
2.962611551923299835e-01
2.955112684169221571e-01
2.947765913498025525e-01
2.940612698729370145e-01
2.933654746822270676e-01
2.926848852480318786e-01
2.920273372945841883e-01
2.913820176891913638e-01
2.907479215468176115e-01
2.901228260637420675e-01
2.895121084874567874e-01
2.889195890464037464e-01
2.883508878662434105e-01
2.877994371198722701e-01
2.872694103901555773e-01
2.867666365579935039e-01
2.862749569944932349e-01
2.857903535465134426e-01
2.853160977024603584e-01
2.848494328587063973e-01
2.843885639632235396e-01
2.839332016102714129e-01
2.834919925008051456e-01
2.830619673424029092e-01
2.826407967553312695e-01
2.822314744368661921e-01
2.818308701809494887e-01
2.814355206764105333e-01
2.810457136343529894e-01
2.806611560788902504e-01
2.802834618700398295e-01
2.799211481304849092e-01
2.795639560016308645e-01
2.792109975414140965e-01
2.788628947689748006e-01
2.785217845315081653e-01
2.781898788207444739e-01
2.778664814528285509e-01
2.775465621795327187e-01
2.772298212824472752e-01
2.769162483914600070e-01
2.766055919478893066e-01
2.763047308434099514e-01
2.760100207366171232e-01
2.757188982606730843e-01
2.754320142580590214e-01
2.751485938966538036e-01
2.748705553574651850e-01
2.745984153954181828e-01
2.743294606981079298e-01
2.740629334379116044e-01
2.738010732274643866e-01
2.735448796463439969e-01
2.732915298300075957e-01
2.730436862997507874e-01
2.728006624351289044e-01
2.725625873935754728e-01
2.723263859135888754e-01
2.720920349320030129e-01
2.718616914577189347e-01
2.716344273384939667e-01
2.714088850547993759e-01
2.711857792442617376e-01
2.709650819075893891e-01
2.707460368767306003e-01
2.705301324464934321e-01
2.703188879472161466e-01
2.701102151930985240e-01
2.699031033434444726e-01
2.696992717240383475e-01
2.694981985827277216e-01
2.692990134286870063e-01
2.691028737681038230e-01
2.689085741690792064e-01
2.687156637246541635e-01
2.685262729052134145e-01
2.683402086974264744e-01
2.681558718427338728e-01
2.679760482869477656e-01
2.677992848766511114e-01
2.676251445878144453e-01
2.674527351948772780e-01
2.672814971649275506e-01
2.671123399885597105e-01
2.669454749866045917e-01
2.667816208401619926e-01
2.666194655730210195e-01
2.664592487988047820e-01
2.663017014311396258e-01
2.661466969309002062e-01
2.659926967293049782e-01
2.658400862452723890e-01
2.656904875572588809e-01
2.655418372592493470e-01
2.653949681803340344e-01
2.652526287812351780e-01
2.651113575028419822e-01
2.649709551949129827e-01
2.648316259767637959e-01
2.646964716142886642e-01
2.645635514419268364e-01
2.644319879217685298e-01
2.643017079708279149e-01
2.641721963082023228e-01
2.640439350386421524e-01
2.639176139639523022e-01
2.637931727716849029e-01
2.636708187805494319e-01
2.635491616962836181e-01
2.634286699141218935e-01
2.633103436025532318e-01
2.631949759119817656e-01
2.630802334722056046e-01
2.629661114269221667e-01
2.628526049733398429e-01
2.627397093613134116e-01
2.626274198924988257e-01
2.625157319195282057e-01
2.624046408452033741e-01
2.622950228762677694e-01
2.621868602698770312e-01
2.620792639485282072e-01
2.619732613517370412e-01
2.618678585671546655e-01
2.617629991461218331e-01
2.616590519372078427e-01
2.615560459434043694e-01
2.614535576970034025e-01
2.613521123531764578e-01
2.612511985742201892e-01
2.611507904011112768e-01
2.610512043801121451e-01
2.609524657087904931e-01
2.608545515046505892e-01
2.607571203626684042e-01
2.606601689501612529e-01
2.605636939664836560e-01
2.604676921425596037e-01
2.603721602404267532e-01
2.602783870688308854e-01
2.601864453192669346e-01
2.600949567530451700e-01
2.600039062811040358e-01
2.599132910224002946e-01
2.598251082264720901e-01
2.597377458547628915e-01
2.596507918052317065e-01
2.595642434769532825e-01
2.594780982912529566e-01
2.593935244128472428e-01
2.593097639479872707e-01
2.592263874783333200e-01
2.591433926375039110e-01
2.590607770782613617e-01
2.589785384722755324e-01
2.588966745098923994e-01
2.588151828999079029e-01
2.587340613693462354e-01
2.586533076632432371e-01
2.585729195444337325e-01
2.584928947933433085e-01
2.584132312077845883e-01
2.583339266027573911e-01
2.582559053552302419e-01
2.581782752134104686e-01
2.581010406229568566e-01
2.580250471423117808e-01
2.579494651971168673e-01
2.578752270847795014e-01
2.578027209978822620e-01
2.577305985413629874e-01
2.576590703545810213e-01
2.575879399696001659e-01
2.575171121334159374e-01
2.574465851311740217e-01
2.573763572605556882e-01
2.573064268316397341e-01
2.572367921667667590e-01
2.571674516004064381e-01
2.570984034790270711e-01
2.570296461609677396e-01
2.569611780163127968e-01
2.568929974267685212e-01
2.568251027855426027e-01
2.567574924972250705e-01
2.566901649776717753e-01
2.566231186538899811e-01
2.565569980265806627e-01
2.564912755228742069e-01
2.564258236072197716e-01
2.563606408193211394e-01
2.562957257084433893e-01
2.562310768333290190e-01
2.561666927621142342e-01
2.561025720722475141e-01
2.560394881090746755e-01
2.559770336877924546e-01
2.559150654095621036e-01
2.558533526123082935e-01
2.557925616188481688e-01
2.557323564776393110e-01
2.556723951267991790e-01
2.556128044496631668e-01
2.555537030945983501e-01
2.554948377587003550e-01
2.554362071745197582e-01
2.553778100831113340e-01
2.553196452339573375e-01
2.552624292151002283e-01
2.552056490670233102e-01
2.551490900169782750e-01
2.550928835383617921e-01
2.550370597372701997e-01
2.549814512484393503e-01
2.549260569794440379e-01
2.548708758445034084e-01
2.548159067644278353e-01
2.547611486665671832e-01
2.547066004847589049e-01
2.546522611592774710e-01
2.545981296367844648e-01
2.545442048702789006e-01
2.544907961155906118e-01
2.544376728347381711e-01
2.543847510534299472e-01
2.543320297683547282e-01
2.542795079820489579e-01
2.542273956208039309e-01
2.541757857665736253e-01
2.541243915682132593e-01
2.540731899516247561e-01
2.540221799696312788e-01
2.539713606804978041e-01
2.539215166744299701e-01
2.538724090847669923e-01
2.538237158906556656e-01
2.537753690801397566e-01
2.537272870433514016e-01
2.536795726988635424e-01
2.536320336370548323e-01
2.535846690006195447e-01
2.535374779372014387e-01
2.534906599053026732e-01
2.534442306675914192e-01
2.533979705328184839e-01
2.533520850961017423e-01
2.533071803506498632e-01
2.532625320774921640e-01
2.532186163477183616e-01
2.531750049235125255e-01
2.531317679997324155e-01
2.530886846493866638e-01
2.530457541600419358e-01
2.530029758228897752e-01
2.529605094518425634e-01
2.529190793916580859e-01
2.528777959775945772e-01
2.528366585305881209e-01
2.527956663750337563e-01
2.527548188387677142e-01
2.527141152530509305e-01
2.526735549525522262e-01
2.526332888374613894e-01
2.525932371718492275e-01
2.525533238045857276e-01
2.525135481130347803e-01
2.524739094775416137e-01
2.524344072814215245e-01
2.523950409109491089e-01
2.523558097553468826e-01
2.523167132067744012e-01
2.522777506603167685e-01
2.522394690000951400e-01
2.522019805092260980e-01
2.521646205990009659e-01
2.521273886896462368e-01
2.520902842042076486e-01
2.520533942368187730e-01
2.520168578925776615e-01
2.519804463534054406e-01
2.519441590533313957e-01
2.519083443501025643e-01
2.518729604044122605e-01
2.518377133060971107e-01
2.518025849594231480e-01
2.517675748251417267e-01
2.517329880502225392e-01
2.516988225675464430e-01
2.516649154777486075e-01
2.516316406649598547e-01
2.515984785422505920e-01
2.515654285850278393e-01
2.515324902715357358e-01
2.514996630828400526e-01
2.514669465028118722e-01
2.514343400181123789e-01
2.514018431181768709e-01
2.513694552951996064e-01
2.513371760441181491e-01
2.513050048625979360e-01
2.512729412510173455e-01
2.512413035942071549e-01
2.512098467865732654e-01
2.511784935254669504e-01
2.511472433397534676e-01
2.511160957607950217e-01
2.510850503224382191e-01
2.510542088218135071e-01
2.510236114564757259e-01
2.509934059486464419e-01
2.509633467713588972e-01
2.509333847122158789e-01
2.509035193358534754e-01
2.508737502091856197e-01
2.508442215356508354e-01
2.508153566668457901e-01
2.507866205894110911e-01
2.507579760290588045e-01
2.507294225780778985e-01
2.507009598309103970e-01
2.506725873841402219e-01
2.506445235536506888e-01
2.506166377230901188e-01
2.505888403552519184e-01
2.505611310553591542e-01
2.505335094307393207e-01
2.505061154310320726e-01
2.504790382715658126e-01
2.504520478839750153e-01
2.504251438764036886e-01
2.503983258591140348e-01
2.503715934444745161e-01
2.503449462469476416e-01
2.503190170266104686e-01
2.502936543223788224e-01
2.502683707010205927e-01
2.502431658109705581e-01
2.502180393025602578e-01
2.501929908280072223e-01
2.501680200414037603e-01
2.501431265987062447e-01
2.501184617716487590e-01
2.500940739130379509e-01
2.500698424660245944e-01
2.500456847714748743e-01
2.500216005103158556e-01
2.499975893651316394e-01
2.499736510201543693e-01
2.499497851612554333e-01
2.499259914759365819e-01
2.499022696533212407e-01
2.498786193841456837e-01
2.498550403607504022e-01
2.498315322770715829e-01
2.498080948286322545e-01
2.497847277125337939e-01
2.497614306274476559e-01
2.497382032736065183e-01
2.497150453527961500e-01
2.496919565683466680e-01
2.496689366251247100e-01
2.496463522442789740e-01
2.496238358156556147e-01
2.496013847435026578e-01
2.495789987563428181e-01
2.495566871456841862e-01
2.495346574780467064e-01
2.495126919319845260e-01
2.494907902390431087e-01
2.494689521321321046e-01
2.494471773455187447e-01
2.494254656148201799e-01
2.494038166769967646e-01
2.493822302703449789e-01
2.493607061344900178e-01
2.493392440103794905e-01
2.493178436402758436e-01
2.492965047677495882e-01
2.492752271376726947e-01
2.492540104962113756e-01
2.492328545908195081e-01
2.492117599992189625e-01
2.491909726902977185e-01
2.491702795996793007e-01
2.491496456794844161e-01
2.491290706848801884e-01
2.491085543722612872e-01
2.490880964992444324e-01
2.490676968246620382e-01
2.490473551085559123e-01
2.490270711121715108e-01
2.490068445979515543e-01
2.489866753295300605e-01
2.489665630717264599e-01
2.489465075905394897e-01
2.489265086531409488e-01
2.489065660278702297e-01
2.488866794842279628e-01
2.488668487928702711e-01
2.488470737256028575e-01
2.488274424729417511e-01
2.488079743950047384e-01
2.487885606931131144e-01
2.487692011466778041e-01
2.487498955362044128e-01
2.487307206716527497e-01
2.487118764061814202e-01
2.486930836204938600e-01
2.486743421089219197e-01
2.486556516668148864e-01
2.486371324471171040e-01
2.486187266530851814e-01
2.486003710254478527e-01
2.485822195399260137e-01
2.485641705772332621e-01
2.485462823600045335e-01
2.485290419528182748e-01
2.485118476372174257e-01
2.484946992293662338e-01
2.484775965463558722e-01
2.484605394061995542e-01
2.484435276278273708e-01
2.484265610310817385e-01
2.484096394367120153e-01
2.483927626663703370e-01
2.483759305426058439e-01
2.483591428888606290e-01
2.483424754877457397e-01
2.483259022956759154e-01
2.483093728185311599e-01
2.482928868831203728e-01
2.482764443171295021e-01
2.482600449491170758e-01
2.482436886085090111e-01
2.482273751255938410e-01
2.482111043315184118e-01
2.481948760582825542e-01
2.481786901387346422e-01
2.481625464065670972e-01
2.481464446963111692e-01
2.481303927206706395e-01
2.481148078287486458e-01
2.480992635708134941e-01
2.480839016782416528e-01
2.480687345782086606e-01
2.480536067558233304e-01
2.480385180581781701e-01
2.480234683331332401e-01
2.480084574293122679e-01
2.479934851960986786e-01
2.479787100416560586e-01
2.479643030670430071e-01
2.479499327818146803e-01
2.479355990447822122e-01
2.479213017154655030e-01
2.479070406540884730e-01
2.478928157215759820e-01
2.478786267795492770e-01
2.478644736903224399e-01
2.478503563168982515e-01
2.478362745229644726e-01
2.478222281728899579e-01
2.478082171317209370e-01
2.477942412651769899e-01
2.477803004396474940e-01
2.477663945221875996e-01
2.477525233805148441e-01
2.477386868830050715e-01
2.477248848986891572e-01
2.477111172972488451e-01
2.476973839490134166e-01
2.476836847249559437e-01
2.476700194966895419e-01
2.476563881364642894e-01
2.476427905171629529e-01
2.476292666197613124e-01
2.476163480202477341e-01
2.476037494101847591e-01
2.475911819338653119e-01
2.475786454735841025e-01
2.475661399122240924e-01
2.475538247618563614e-01
2.475415602425909134e-01
2.475293258196249735e-01
2.475171213799090553e-01
2.475049468109563333e-01
2.474928020008397567e-01
2.474806868381881630e-01
2.474686012121838363e-01
2.474565450125591481e-01
2.474445181295933383e-01
2.474325204541096834e-01
2.474205518774721946e-01
2.474086122915828412e-01
2.473967015888783039e-01
2.473848196623269768e-01
2.473729664054261645e-01
2.473611417121988898e-01
2.473493454771911737e-01
2.473375775954687050e-01
2.473258486249254040e-01
2.473141930061688865e-01
2.473025652349252201e-01
2.472909652090283794e-01
2.472793928268148256e-01
2.472678479871201485e-01
2.472563671374153893e-01
2.472449331164818243e-01
2.472335260105681942e-01
2.472221619785082980e-01
2.472108470639749755e-01
2.471995589592916043e-01
2.471882975684736583e-01
2.471770627959955224e-01
2.471659443145694246e-01
2.471549715560870664e-01
2.471440247527731116e-01
2.471331038108738054e-01
2.471222086370921112e-01
2.471113391385849900e-01
2.471004952229609308e-01
2.470896767982772024e-01
2.470788837730374943e-01
2.470682392750878642e-01
2.470577337754535363e-01
2.470472527356523951e-01
2.470367960681211783e-01
2.470263636857216727e-01
2.470159555017383546e-01
2.470055714298758087e-01
2.469952113842565078e-01
2.469848752794185365e-01
2.469746478288010194e-01
2.469644488305525465e-01
