1.244575259427308067e+00
8.130263992564169540e-01
7.765810486060863438e-01
7.467188181078604492e-01
7.208751144751438522e-01
6.975385187184697244e-01
6.763089987338073428e-01
6.568980998316492625e-01
6.388159279548139002e-01
6.220005529917480569e-01
6.065237765013514748e-01
5.921087373626604533e-01
5.786346943574545154e-01
5.660708994242997782e-01
5.543247654764694721e-01
5.433999938788660611e-01
5.332425553391147988e-01
5.236948707228372690e-01
5.147802279834144956e-01
5.063570056612162196e-01
4.983959223583708797e-01
4.907969489339105706e-01
4.835268960777888148e-01
4.766481922862489395e-01
4.700717485486424208e-01
4.637463264353364756e-01
4.577061483290675303e-01
4.519027181502644486e-01
4.463159324031596431e-01
4.409816520370614112e-01
4.358613086902631828e-01
4.309510794734405237e-01
4.262478355456736367e-01
4.216976194689392998e-01
4.173528520176420509e-01
4.131479330083209778e-01
4.091218100252444478e-01
4.052740784280254305e-01
4.015905381080739911e-01
3.980067253995539511e-01
3.945194908956718982e-01
3.911334000229920727e-01
3.878807073398523042e-01
3.847235894687494606e-01
3.816519544160807409e-01
3.786637476604553521e-01
3.757465459091199889e-01
3.728995576914289622e-01
3.701304108310922714e-01
3.674173290343399900e-01
3.647655443955306609e-01
3.621683693494796019e-01
3.596212513554694068e-01
3.571229807513879306e-01
3.546954142994830916e-01
3.523465983487059083e-01
3.500439940098137859e-01
3.477913798628293196e-01
3.455858736023846856e-01
3.434519557598378903e-01
3.413834488934403555e-01
3.393634120404143695e-01
3.373918335717467354e-01
3.354631188455397539e-01
3.335799835940864710e-01
3.317415138267344465e-01
3.299521854216037609e-01
3.281985270985369185e-01
3.264991910653294860e-01
3.248395067976691530e-01
3.232108559728768538e-01
3.216117861124521138e-01
3.200495814559226604e-01
3.185211258402477208e-01
3.170296644670579367e-01
3.155870598943600336e-01
3.141885159364161684e-01
3.128231677865656035e-01
3.114803356765742937e-01
3.101629049236226399e-01
3.088726227226892829e-01
3.076042958850847553e-01
3.063681406765977888e-01
3.051644221420092284e-01
3.039832397892309745e-01
3.028287130056346865e-01
3.016931033075986868e-01
3.005700067511941631e-01
2.994626067335045549e-01
2.983769335674016920e-01
2.973059681792982745e-01
2.962529027808409321e-01
2.952143314662130091e-01
2.941915455451913353e-01
2.931862923800054865e-01
2.921954745689051003e-01
2.912215158374911739e-01
2.902613189732540788e-01
2.893253915816827448e-01
2.884043268953837003e-01
2.875019123964270840e-01
2.866099140369487985e-01
2.857296359644373451e-01
2.848612179383330223e-01
2.840037681286068927e-01
2.831651780300010190e-01
2.823428987865602147e-01
2.815314818746033620e-01
2.807355237699830086e-01
2.799516417296272208e-01
2.791794007346537487e-01
2.784171305418450260e-01
2.776664885860354315e-01
2.769310600045589155e-01
2.762093082188616933e-01
2.754977324381088777e-01
2.747943148265407087e-01
2.740966985669767708e-01
2.734056537296757905e-01
2.727206033651760619e-01
2.720443341213485966e-01
2.713771651140668428e-01
2.707183306856870142e-01
2.700697893133680028e-01
2.694290305962808163e-01
2.687946517507118771e-01
2.681650604747347622e-01
2.675437560195312869e-01
2.669302065458956652e-01
2.663229399037546630e-01
2.657201129813361873e-01
2.651231073975515162e-01
2.645317815901118697e-01
2.639465938354840779e-01
2.633687850052731094e-01
2.627997845609497674e-01
2.622361717303490769e-01
2.616823859141846897e-01
2.611342389617320459e-01
2.605898467715010991e-01
2.600491708819301362e-01
2.595128933580977959e-01
2.589844102924214742e-01
2.584625588031953525e-01
2.579442881209792482e-01
2.574322606432656313e-01
2.569298452479573114e-01
2.564309806342107700e-01
2.559355017847921854e-01
2.554436701165627710e-01
2.549549783811962400e-01
2.544705991748278939e-01
2.539908141016937737e-01
2.535151215782245337e-01
2.530423945444720268e-01
2.525726667856979524e-01
2.521108634752714517e-01
2.516545650162618220e-01
2.512023487290748203e-01
2.507528465638005910e-01
2.503060339763303332e-01
2.498638595031170417e-01
2.494252044413474700e-01
2.489891278218519521e-01
2.485568415014098309e-01
2.481278223560049734e-01
2.477014746443654547e-01
2.472827007852758663e-01
2.468709667962113441e-01
2.464615533631890343e-01
2.460544404186818801e-01
2.456496081109079965e-01
2.452470368013476287e-01
2.448468459886517512e-01
2.444516588048442629e-01
2.440588214617177565e-01
2.436681333457706156e-01
2.432803195699739796e-01
2.428971637373601444e-01
2.425190318121553945e-01
2.421463991062081378e-01
2.417777797954205610e-01
2.414114050833779113e-01
2.410481370465334672e-01
2.406875767253573162e-01
2.403292395672167459e-01
2.399727321631602017e-01
2.396199471686468463e-01
2.392713441219415649e-01
2.389253150110182411e-01
2.385826808988671388e-01
2.382453694349872253e-01
2.379101759501275060e-01
2.375770571472903270e-01
2.372458283890956643e-01
2.369161982835011615e-01
2.365881548541335644e-01
2.362616862377105442e-01
2.359367806828982228e-01
2.356140027545185478e-01
2.352933538294347815e-01
2.349755345040072663e-01
2.346601529255945562e-01
2.343474654076006247e-01
2.340377839669025850e-01
2.337295666122949922e-01
2.334227851645951091e-01
2.331174290477385225e-01
2.328139633309898038e-01
2.325147527660562374e-01
2.322175916695750353e-01
2.319241458452422078e-01
2.316341800659568184e-01
2.313464252729577064e-01
2.310602141434580925e-01
2.307765098857110231e-01
2.304956992269651117e-01
2.302175986624796222e-01
2.299426291974697445e-01
2.296694465556260167e-01
2.293978443303611725e-01
2.291276675957791553e-01
2.288589620734916008e-01
2.285919429741245512e-01
2.283265511930012703e-01
2.280642960071272984e-01
2.278032521616536743e-01
2.275442413607431935e-01
2.272866717911488366e-01
2.270301491922679105e-01
2.267750384637770011e-01
2.265219331425165072e-01
2.262698399805850580e-01
2.260187524993154395e-01
2.257686642738296612e-01
2.255203921207179496e-01
2.252739393625808051e-01
2.250290810137045294e-01
2.247853298949353262e-01
2.245432158043578208e-01
2.243020338701078864e-01
2.240618494326704901e-01
2.238232385006983793e-01
2.235855374213104874e-01
2.233488410187463857e-01
2.231138036297705962e-01
2.228797373440164209e-01
2.226478518457035705e-01
2.224168412726393873e-01
2.221867003287778808e-01
2.219574237595376143e-01
2.217311918106449342e-01
2.215058577885024305e-01
2.212813611285585902e-01
2.210576968254337471e-01
2.208348599127430145e-01
2.206128454627635238e-01
2.203918264836250418e-01
2.201724197139946770e-01
2.199538141777042377e-01
2.197360051490259425e-01
2.195189879388056708e-01
2.193027578941491029e-01
2.190879566307751269e-01
2.188749437919134677e-01
2.186638803421064869e-01
2.184538654060837193e-01
2.182458513601648886e-01
2.180385696758739000e-01
2.178320161801147736e-01
2.176261867310321785e-01
2.174214769897229727e-01
2.172196016820030218e-01
2.170202620314537478e-01
2.168219637460361005e-01
2.166253821864089490e-01
2.164301249779529979e-01
2.162355181851514097e-01
2.160422995231365828e-01
2.158502087388576851e-01
2.156591809771739587e-01
2.154703040583542395e-01
2.152831704589986128e-01
2.150982316469525479e-01
2.149157162047126146e-01
2.147352590770806868e-01
2.145554840337859370e-01
2.143765422333253345e-01
2.141983502594396738e-01
2.140214578834587211e-01
2.138451158247516859e-01
2.136694378490801849e-01
2.134955198847578173e-01
2.133238179745639840e-01
2.131526471141317325e-01
2.129819923546447114e-01
2.128118511260629619e-01
2.126431894273486112e-01
2.124752625245926729e-01
2.123082440536611104e-01
2.121417501737364042e-01
2.119769589050707892e-01
2.118136713076195499e-01
2.116518354182940487e-01
2.114904655615496565e-01
2.113296463016831883e-01
2.111702495929783097e-01
2.110113675107233300e-01
2.108529382833347621e-01
2.106951658665187355e-01
2.105383677074343929e-01
2.103824525170561455e-01
2.102271769356208464e-01
2.100723418359981554e-01
2.099181216654213145e-01
2.097650636582960859e-01
2.096125082185562871e-01
2.094603762205516362e-01
2.093086656231288589e-01
2.091573743995045476e-01
2.090065005371357920e-01
2.088560420375917825e-01
2.087064290023311341e-01
2.085582635803534257e-01
2.084107070984718424e-01
2.082635857109819411e-01
2.081168622538942525e-01
2.079705348628368977e-01
2.078246016862213552e-01
2.076793839505208517e-01
2.075348872602018335e-01
2.073915406404906181e-01
2.072488494078070509e-01
2.071065413227829721e-01
2.069650885746478763e-01
2.068242249636906560e-01
2.066838490954910068e-01
2.065438943576991260e-01
2.064043106480511203e-01
2.062650962405745136e-01
2.061262494210039653e-01
2.059877684866803504e-01
2.058502703341006934e-01
2.057137079233377908e-01
2.055774990520212175e-01
2.054417251627658203e-01
2.053064047096692379e-01
2.051715254068472161e-01
2.050372110290467342e-01
2.049038737477889560e-01
2.047708897253186777e-01
2.046382455074353124e-01
2.045059395564867433e-01
2.043739703451674661e-01
2.042423363564278560e-01
2.041110360833836290e-01
2.039800680292266910e-01
2.038494307071367084e-01
2.037191226401936228e-01
2.035891423612909701e-01
2.034594884130503378e-01
2.033301626414258378e-01
2.032024712121010823e-01
2.030762486108834974e-01
2.029506273524372684e-01
2.028253156582195960e-01
2.027003121823350851e-01
2.025756155874730846e-01
2.024512245448377712e-01
2.023271377340780108e-01
2.022033538432184696e-01
2.020800277846460657e-01
2.019570052869723020e-01
2.018350036505733303e-01
2.017137549358812565e-01
2.015929158971496715e-01
2.014723686691808624e-01
2.013526873983874643e-01
2.012336191209447844e-01
2.011152369668130768e-01
2.009972663678809834e-01
2.008802869535076807e-01
2.007637623449003705e-01
2.006483333751636067e-01
2.005333212354259431e-01
2.004185744458861218e-01
2.003048120632910378e-01
2.001915587808560382e-01
2.000785638923852916e-01
1.999663543824289902e-01
1.998544433588103908e-01
1.997430040969855880e-01
1.996318170673949399e-01
1.995208812656881769e-01
1.994102763180244375e-01
1.993003373341131201e-01
1.991906457845393497e-01
1.990812006840025072e-01
1.989720010530691419e-01
1.988631426525239720e-01
1.987546502754731770e-01
1.986464003465726602e-01
1.985389706718695135e-01
1.984322309457178246e-01
1.983257268863962142e-01
1.982194575659377844e-01
1.981134220619016062e-01
1.980076194573285875e-01
1.979020488406978973e-01
1.977967093058833892e-01
1.976916014372910313e-01
1.975868021238130212e-01
1.974822323294584125e-01
1.973778911560502558e-01
1.972737777107191892e-01
1.971698911058613335e-01
1.970662304590966585e-01
1.969627948932276273e-01
1.968597291784457137e-01
1.967570112412219407e-01
1.966547015936930820e-01
1.965527892055176640e-01
1.964518779399035409e-01
1.963516628292923949e-01
1.962525831876393290e-01
1.961541643389203282e-01
1.960559475990530376e-01
1.959579322309442928e-01
1.958602976683203323e-01
1.957632245850622343e-01
1.956663476785359956e-01
1.955696662488637938e-01
1.954732868161810633e-01
1.953773596004842739e-01
1.952816244510750254e-01
1.951860806899234080e-01
1.950907276426898374e-01
1.949955646386972996e-01
1.949007785998316256e-01
1.948061822562183187e-01
1.947118281429273123e-01
1.946178478812775614e-01
1.945240539152600923e-01
1.944307097044939980e-01
1.943382242593987286e-01
1.942466880518693428e-01
1.941555481320287602e-01
1.940648992304077891e-01
1.939745380613770720e-01
1.938845390586898532e-01
1.937949924863720530e-01
1.937058988202549070e-01
1.936169730658638122e-01
1.935282146712488660e-01
1.934396230872665601e-01
1.933515455681668327e-01
1.932646922795596134e-01
1.931782553655516932e-01
1.930919748296724137e-01
1.930058501814317096e-01
1.929198809327608566e-01
1.928340665979950408e-01
1.927484066938567331e-01
1.926629007394383142e-01
1.925775482561856711e-01
1.924923487678816825e-01
1.924073018006293712e-01
1.923224068828361388e-01
1.922378102871424854e-01
1.921534838913730447e-01
1.920693740255287885e-01
1.919854108986092656e-01
1.919015940717248292e-01
1.918179231080678060e-01
1.917343975728978966e-01
1.916510278077710738e-01
1.915678551033224986e-01
1.914848262455217942e-01
1.914019408097268893e-01
1.913191983732682455e-01
1.912367019382079369e-01
1.911544532879141112e-01
1.910724841637625737e-01
1.909907686409512140e-01
1.909094026907747210e-01
1.908281734046879397e-01
1.907470803961520689e-01
1.906662467660088789e-01
1.905857045094409286e-01
1.905053349624960812e-01
1.904250981697438172e-01
1.903453106929337835e-01
1.902657741940147196e-01
1.901863671837988323e-01
1.901075808843517845e-01
1.900289370153973867e-01
1.899504194250820899e-01
1.898720277799522127e-01
1.897937617479318329e-01
1.897156209983141273e-01
1.896376052017527403e-01
1.895597140302529293e-01
1.894819471571632385e-01
1.894043042571672275e-01
1.893267850062746172e-01
1.892493890818137126e-01
1.891721161624224101e-01
1.890950198461092135e-01
1.890183590261617641e-01
1.889418191347195242e-01
1.888653998608230411e-01
1.887893132877283553e-01
1.887140138936153066e-01
1.886389201511956826e-01
1.885640589052996474e-01
1.884896289336860375e-01
1.884153582005519134e-01
1.883412015518268756e-01
1.882671587090704313e-01
1.881932293948530566e-01
1.881194133327510620e-01
1.880457102473405140e-01
1.879721198641923496e-01
1.878986419098668537e-01
1.878254450210548598e-01
1.877525360348268335e-01
1.876799219670381436e-01
1.876074169473720687e-01
1.875350207187809481e-01
1.874627330251164570e-01
1.873906529836655843e-01
1.873186996220249922e-01
1.872471394774127829e-01
1.871758889431874573e-01
1.871047960770943208e-01
1.870338079972215795e-01
1.869631434283512694e-01
1.868926421987675002e-01
1.868226617410294887e-01
1.867531769287584242e-01
1.866839595093750803e-01
1.866148417089285583e-01
1.865458233096216611e-01
1.864770063563182256e-01
1.864084935921906105e-01
1.863402742882546426e-01
1.862722379082562829e-01
1.862042986387310306e-01
1.861366523064232614e-01
1.860694069038399678e-01
1.860022743095362807e-01
1.859353467774958191e-01
1.858686977379961358e-01
1.858021428280060838e-01
1.857357114731247594e-01
1.856700278849967023e-01
1.856048525860893028e-01
1.855402317617673713e-01
1.854759791806731561e-01
1.854118865455610388e-01
1.853478801876341786e-01
1.852839599336858212e-01
1.852201256109963501e-01
1.851563770473315940e-01
1.850927140709406338e-01
1.850291365105533881e-01
1.849656441953790587e-01
1.849022369551036327e-01
1.848389146198879118e-01
1.847756770203657639e-01
1.847125239876415137e-01
1.846494553532886940e-01
1.845864709493474087e-01
1.845235706083226124e-01
1.844609450901521508e-01
1.843984150273396683e-01
1.843359683962842444e-01
1.842736050310290474e-01
1.842113247660793207e-01
1.841491274364004671e-01
1.840870128774159398e-01
1.840249809250055490e-01
1.839630458298534832e-01
1.839014793354080413e-01
1.838403539271317166e-01
1.837793087277926896e-01
1.837183435819134958e-01
1.836574583344310341e-01
1.835966528306950674e-01
1.835359269164667517e-01
1.834752804379163604e-01
1.834147132416224513e-01
1.833542906922715210e-01
1.832940205399178624e-01
1.832338295286585761e-01
1.831739046958475170e-01
1.831141036816189283e-01
1.830543811943644295e-01
1.829947370809011098e-01
1.829351711884510401e-01
