1.257042180176046520e+00
8.464330832626502099e-01
8.078333943282066665e-01
7.751762943449561627e-01
7.462734828603927451e-01
7.204991447878938970e-01
6.973580116109622251e-01
6.761830257746626049e-01
6.568620516756280558e-01
6.389755635156784130e-01
6.223599428455344196e-01
6.070020324268299294e-01
5.926099313567361193e-01
5.792168116569023084e-01
5.665210661824341409e-01
5.545519044184364921e-01
5.432138385394792435e-01
5.325265107193233316e-01
5.224443912817026137e-01
5.129377570285189591e-01
5.039640682758346202e-01
4.954563822127429629e-01
4.872868968446057991e-01
4.794805932646036273e-01
4.720206803585734190e-01
4.648916235546436959e-01
4.580533752726550500e-01
4.515081534323402979e-01
4.452147212018328637e-01
4.391486382988534776e-01
4.333275613391928682e-01
4.277455916555408244e-01
4.223679507936801691e-01
4.172059727857070910e-01
4.122417686986843410e-01
4.074226326158322808e-01
4.027461436759375846e-01
3.982291491721579035e-01
3.939095996919076414e-01
3.897135868944665016e-01
3.856614432645089630e-01
3.817189582443520357e-01
3.778982399977173223e-01
3.742116131499805820e-01
3.706618004809644762e-01
3.672504103149145105e-01
3.639430665540317467e-01
3.607397788975780784e-01
3.576269662221264745e-01
3.546186880402960595e-01
3.516744272392670623e-01
3.488109273970274593e-01
3.460077704454216918e-01
3.432757052989077740e-01
3.406349463791885634e-01
3.380707350878255912e-01
3.355802496067286089e-01
3.331544401352077300e-01
3.307902796149326807e-01
3.284815197911538642e-01
3.262585453635411525e-01
3.240957594350349358e-01
3.219740287255349886e-01
3.199163866714755389e-01
3.179095705542249739e-01
3.159400482627423568e-01
3.140211111026862123e-01
3.121444123379330526e-01
3.103168794168620903e-01
3.085268958455654187e-01
3.067727397932148992e-01
3.050485018001394266e-01
3.033485308264669000e-01
3.016812367494427494e-01
3.000476034857550434e-01
2.984523281339264145e-01
2.968854707537439963e-01
2.953450224758468190e-01
2.938323599504837347e-01
2.923503198490028931e-01
2.908915886910266035e-01
2.894700886342916890e-01
2.880798920054102874e-01
2.867187108399941176e-01
2.853908083558862607e-01
2.840857434658211611e-01
2.827969304132828543e-01
2.815295322751375506e-01
2.802887590870333789e-01
2.790797811471705248e-01
2.779094117363492544e-01
2.767592535003968179e-01
2.756292805980998240e-01
2.745237321260838304e-01
2.734349087886261964e-01
2.723721455199966113e-01
2.713230185378446291e-01
2.702896859102137395e-01
2.692701764848668411e-01
2.682676547483108243e-01
2.672834721961396265e-01
2.663109995231377480e-01
2.653530192461657222e-01
2.644127132289353366e-01
2.634866784241846616e-01
2.625739501286612487e-01
2.616740712617793840e-01
2.607878015738044342e-01
2.599195802688802903e-01
2.590640590226632178e-01
2.582237828608047736e-01
2.573923815370248724e-01
2.565775133059516877e-01
2.557759699511391038e-01
2.549871201178338653e-01
2.542253720711483145e-01
2.534793557580444778e-01
2.527462714202425298e-01
2.520266258211383281e-01
2.513201195922211695e-01
2.506306643411380652e-01
2.499504215494361137e-01
2.492796468984290470e-01
2.486166885662238479e-01
2.479596113111584843e-01
2.473116282617991157e-01
2.466765614687508046e-01
2.460532947725588560e-01
2.454457111113599876e-01
2.448538493724474463e-01
2.442715941074138086e-01
2.437009423462422886e-01
2.431406846053401904e-01
2.425906329526483496e-01
2.420477478308583896e-01
2.415096005239791843e-01
2.409784023191616220e-01
2.404525641508956091e-01
2.399319505033607747e-01
2.394161036042868895e-01
2.389088215139262839e-01
2.384105536143436566e-01
2.379199829249458997e-01
2.374328705434805287e-01
2.369491502441942454e-01
2.364702764681224645e-01
2.359980240883430280e-01
2.355311312593888207e-01
2.350709079020310566e-01
2.346144609327376618e-01
2.341639952214999432e-01
2.337180301131876747e-01
2.332757912912276910e-01
2.328364811641271959e-01
2.324000689208152171e-01
2.319675589385862546e-01
2.315395764815180446e-01
2.311143684982634450e-01
2.306919061884585842e-01
2.302729207989353544e-01
2.298575739891592640e-01
2.294469577534310467e-01
2.290389342085849267e-01
2.286352583427175289e-01
2.282349919722388432e-01
2.278385103836605141e-01
2.274458257218586743e-01
2.270563874866594056e-01
2.266710844080458975e-01
2.262889698294904273e-01
2.259099898026142583e-01
2.255338732570413285e-01
2.251621394084554195e-01
2.247954677082932284e-01
2.244311845505504999e-01
2.240710080018376293e-01
2.237143479097041532e-01
2.233597813045593850e-01
2.230104381879729758e-01
2.226632990683868607e-01
2.223181290394916632e-01
2.219749102209884750e-01
2.216336249588301277e-01
2.212972943822121008e-01
2.209633814903722016e-01
2.206341464787428541e-01
2.203081831142283120e-01
2.199859695555949624e-01
2.196655702834539314e-01
2.193478504707969401e-01
2.190327368913942974e-01
2.187226625421898885e-01
2.184144377939912784e-01
2.181078395376058188e-01
2.178028538980388840e-01
2.175012463488590619e-01
2.172026366027586808e-01
2.169058241414994204e-01
2.166105427911890202e-01
2.163173090138198196e-01
2.160280936538118979e-01
2.157406037237215024e-01
2.154551750048896985e-01
2.151711811039898337e-01
2.148889240096523157e-01
2.146093933106991980e-01
2.143313941199636308e-01
2.140549071142491266e-01
2.137807339244242599e-01
2.135088434297476578e-01
2.132382701861565699e-01
2.129694819192645416e-01
2.127034624960555398e-01
2.124394956128646261e-01
2.121782666610211587e-01
2.119192418013537693e-01
2.116644154584741422e-01
2.114136305608865229e-01
2.111663643321774753e-01
2.109215308065911787e-01
2.106784284397903995e-01
2.104364280499207984e-01
2.101955212573494436e-01
2.099566200329930910e-01
2.097188723237592145e-01
2.094821875725817184e-01
2.092471697652972529e-01
2.090141694970092390e-01
2.087827763423796834e-01
2.085528609273942791e-01
2.083239551420687230e-01
2.080970650730444294e-01
2.078724707963366392e-01
2.076498683024049219e-01
2.074284079449816298e-01
2.072086113115399197e-01
2.069908168894776246e-01
2.067766044323141039e-01
2.065647648195648167e-01
2.063541750555037135e-01
2.061448853231869771e-01
2.059364545119352075e-01
2.057288766687524750e-01
2.055231646055111772e-01
2.053190647096655441e-01
2.051159607255236828e-01
2.049160312380203797e-01
2.047175341415885252e-01
2.045198263872707034e-01
2.043231583650168270e-01
2.041282060636155915e-01
2.039360147358351139e-01
2.037447484937716380e-01
2.035542217345542582e-01
2.033644296417615460e-01
2.031753674452012604e-01
2.029878454093201334e-01
2.028012888196941699e-01
2.026162160516858379e-01
2.024332080017813007e-01
2.022515197757898398e-01
2.020705480412774702e-01
2.018903740808937197e-01
2.017111025577600358e-01
2.015324972239945500e-01
2.013545539155226216e-01
2.011772685061768706e-01
2.010006369072255550e-01
2.008248572437988655e-01
2.006501909459796618e-01
2.004762005282517967e-01
2.003030965638895600e-01
2.001309092398324829e-01
1.999597018147362681e-01
1.997891128057320276e-01
1.996195552941592011e-01
1.994509069560721215e-01
1.992828604082326205e-01
1.991163481551698478e-01
1.989523155683379230e-01
1.987897633890066407e-01
1.986279437916808610e-01
1.984666839865552035e-01
1.983059807403965147e-01
1.981459730417247933e-01
1.979871337598685388e-01
1.978292805590938230e-01
1.976719615641876482e-01
1.975151731566548996e-01
1.973597856722276167e-01
1.972053409332290841e-01
1.970522040023978960e-01
1.968995747558089371e-01
1.967474503806335984e-01
1.965962074557673633e-01
1.964455635472912853e-01
1.962960059150776482e-01
1.961469377459233998e-01
1.959983563637951176e-01
1.958502591134116400e-01
1.957026433600321802e-01
1.955555064892475770e-01
1.954095115309592845e-01
1.952643769151181929e-01
1.951201117875809299e-01
1.949766758314022408e-01
1.948342499629078517e-01
1.946928354478595080e-01
1.945519250479364470e-01
1.944114581172450562e-01
1.942714323140240784e-01
1.941319749253274385e-01
1.939930935310775484e-01
1.938548999059171440e-01
1.937171357662118010e-01
1.935797988691871918e-01
1.934428869887414582e-01
1.933063979152803147e-01
1.931703294555543737e-01
1.930346794324979409e-01
1.928995223161602823e-01
1.927653863717553873e-01
1.926322570838598647e-01
1.924995260064097102e-01
1.923679084979902920e-01
1.922377051288769456e-01
1.921080148382131036e-01
1.919787067771320244e-01
1.918497790575291184e-01
1.917212298046112318e-01
1.915930571567709961e-01
1.914652592654626506e-01
1.913379937411528176e-01
1.912111713596148788e-01
1.910847173310191160e-01
1.909586298496628309e-01
1.908335688995121959e-01
1.907090793570682952e-01
1.905849560942685095e-01
1.904612072143365142e-01
1.903378116318520663e-01
1.902147676533045839e-01
1.900920735966471209e-01
1.899697277911946702e-01
1.898483424244181983e-01
1.897275723513501822e-01
1.896072956848322555e-01
1.894878609574723316e-01
1.893688148397563720e-01
1.892508941940458378e-01
1.891332991276008513e-01
1.890165529576951498e-01
1.889004148484215717e-01
1.887848593226459371e-01
1.886696190536308049e-01
1.885546925737779655e-01
1.884400784252563965e-01
1.883261452947739001e-01
1.882126151878554809e-01
1.880995916289638359e-01
1.879868718356586810e-01
1.878744544026731966e-01
1.877623379341382681e-01
1.876505210434985249e-01
1.875391010007383397e-01
1.874282298178402972e-01
1.873176529132132007e-01
1.872077725198401654e-01
1.870984777825762668e-01
1.869897879470668323e-01
1.868815836014312559e-01
1.867738143327996869e-01
1.866663262284970204e-01
1.865600240840248614e-01
1.864543889483841477e-01
1.863490253281820663e-01
1.862439320134317011e-01
1.861391078018761747e-01
1.860345514989243665e-01
1.859302619175869919e-01
1.858262378784135693e-01
1.857224782094302473e-01
1.856193346939617739e-01
1.855164842169616801e-01
1.854138931993318529e-01
1.853119663355418945e-01
1.852104406628448663e-01
1.851095007099198553e-01
1.850089306130159872e-01
1.849086109248124221e-01
1.848085405632814426e-01
1.847087184530487314e-01
1.846091678339959741e-01
1.845104354864618990e-01
1.844119462257661768e-01
1.843136990107747952e-01
1.842158047343335492e-01
1.841186028739001113e-01
1.840216379433698424e-01
1.839256296583156314e-01
1.838301441264867664e-01
1.837355935422240738e-01
1.836415081730195520e-01
1.835476459221660195e-01
1.834540272257582372e-01
1.833610118479668538e-01
1.832686236085079023e-01
1.831764503903822172e-01
1.830844913247849925e-01
1.829929046951088711e-01
1.829017257032283239e-01
1.828111066837438681e-01
1.827208226798704149e-01
1.826307445312730648e-01
1.825408714275008892e-01
1.824512025626392753e-01
1.823617943299951083e-01
1.822731748383963624e-01
1.821847524973357335e-01
1.820965265557366319e-01
1.820084962665658446e-01
1.819208574644488874e-01
1.818336554572752284e-01
1.817466476901856975e-01
1.816599603910155625e-01
1.815735428877017499e-01
1.814875724958942838e-01
1.814017885601519053e-01
1.813161903843224232e-01
1.812307772759338964e-01
1.811455485461696546e-01
1.810605035098441784e-01
1.809763278474867398e-01
1.808924420334226124e-01
1.808087337227747837e-01
1.807253664886029898e-01
1.806421990629002994e-01
1.805592065194855655e-01
1.804763882315670032e-01
1.803937435754802976e-01
1.803112719306697309e-01
1.802289726796687808e-01
1.801468452080816629e-01
1.800651107698489350e-01
1.799839283403334156e-01
1.799029146678002011e-01
1.798220691477825928e-01
1.797417073240613894e-01
1.796615528638651205e-01
1.795815638608976583e-01
1.795017397260079695e-01
1.794224736015788135e-01
1.793436111857391324e-01
1.792652426797122500e-01
1.791876138771488491e-01
1.791101402275842580e-01
1.790328211918109369e-01
1.789558034147820387e-01
1.788790179960297044e-01
1.788024690158481200e-01
1.787263794416558416e-01
1.786505814134592973e-01
1.785749338305345768e-01
1.784994481172601233e-01
1.784245959080885957e-01
1.783499112031383116e-01
1.782753727961048640e-01
1.782010204266698816e-01
1.781271891245374828e-01
1.780537366266143617e-01
1.779804259410375511e-01
1.779072565858473842e-01
1.778342280814752263e-01
1.777613399507283198e-01
1.776885917187738528e-01
1.776159829131242485e-01
1.775437859162549425e-01
1.774718341003084787e-01
1.774000186316433136e-01
1.773283390540266735e-01
1.772567949134664644e-01
1.771853857581970615e-01
1.771142950837412411e-01
1.770441766636705883e-01
1.769742573995173318e-01
1.769047583602302021e-01
1.768353874602640596e-01
1.767661442873177113e-01
1.766971644033204780e-01
1.766284083565668461e-01
1.765600161966532078e-01
1.764917487387842876e-01
1.764236055871661324e-01
1.763555863478121766e-01
1.762876906285329726e-01
1.762199180389255049e-01
1.761522681903630316e-01
1.760847406959847594e-01
1.760175972657457844e-01
1.759508662399617285e-01
1.758844941347114665e-01
1.758182414394326709e-01
1.757521077777127183e-01
1.756860927748522261e-01
1.756201960578551435e-01
1.755544172554184545e-01
1.754887559979229350e-01
1.754232119174232440e-01
1.753577846476382929e-01
1.752924738239416691e-01
1.752272790833521443e-01
1.751622000645242649e-01
1.750974445423575665e-01
1.750328488538678284e-01
1.749683672046631611e-01
1.749039992402370292e-01
1.748397446076885020e-01
1.747759469552373490e-01
1.747124196726594358e-01
1.746490027381769339e-01
1.745857676780441792e-01
1.745226948573350145e-01
1.744598974249182421e-01
1.743975643769596073e-01
1.743354188122711312e-01
1.742733811148671763e-01
1.742118469009897308e-01
1.741509308667919809e-01
1.740901628179127858e-01
1.740297255091480533e-01
1.739694782995854783e-01
1.739094015782941260e-01
1.738494843624296682e-01
1.737896671367528123e-01
1.737299496017363221e-01
1.736703314591712677e-01
1.736108124121593654e-01
1.735513921651058444e-01
1.734920704237117306e-01
1.734329053158900069e-01
1.733741000291386114e-01
1.733153917583371006e-01
1.732567802141765367e-01
1.731982651086349245e-01
1.731400972718867837e-01
1.730820651763769757e-01
1.730242574883674167e-01
1.729667649872127511e-01
1.729095095226065304e-01
1.728525859353740313e-01
1.727957538650345959e-01
1.727390554125572131e-01
1.726827970420048708e-01
1.726268795601937633e-01
1.725710506274481248e-01
1.725154490113463557e-01
1.724599913993877798e-01
1.724046207646845463e-01
1.723493368570040429e-01
1.722942937419502940e-01
1.722393404347279111e-01
1.721844730744772067e-01
1.721299081680213172e-01
1.720757608348728318e-01
1.720216974385884723e-01
1.719678465244878496e-01
1.719143207841073162e-01
1.718609694175413649e-01
1.718076992222764277e-01
1.717545099678467468e-01
1.717014014248021692e-01
1.716485151039068568e-01
1.715957780741833860e-01
1.715431207226381094e-01
1.714906968359925787e-01
1.714383773134314781e-01
1.713864028831951491e-01
1.713346023731255607e-01
1.712828786138754222e-01
1.712312313907776995e-01
1.711796604901015539e-01
1.711281656990470967e-01
1.710767468057399210e-01
1.710254035992261057e-01
1.709741358694667479e-01
1.709229434073330223e-01
1.708718260046007409e-01
1.708207834539454684e-01
1.707698155489371927e-01
1.707189220840355792e-01
1.706681028545846968e-01
1.706173576568080497e-01
1.705666862878036927e-01
1.705160885455391795e-01
1.704655642288469830e-01
1.704151131374190553e-01
1.703647350718025533e-01
1.703144298333946760e-01
1.702641972244380852e-01
1.702141322037848681e-01
