2.641093114436764422e-01
2.367124721973455637e-01
2.278181085365242609e-01
2.229893840309069564e-01
2.195512334824444856e-01
2.167626515583022939e-01
2.143532253823012268e-01
2.121516758058245022e-01
2.101165125574805670e-01
2.082146033809847696e-01
2.064460162963589751e-01
2.047935717503277242e-01
2.032287063445241682e-01
2.017393795787566502e-01
2.003547087144540162e-01
1.990403606088817778e-01
1.977932822412150904e-01
1.966041475889004075e-01
1.954530767929954227e-01
1.943394474887002177e-01
1.932623401230103566e-01
1.922166722072212452e-01
1.912266487427271566e-01
1.902992105496827402e-01
1.894221515503829167e-01
1.885726824949190972e-01
1.877594254651346883e-01
1.869880689267643947e-01
1.862401915659087914e-01
1.855169407428036710e-01
1.848146313654386586e-01
1.841476886766651999e-01
1.835067031706683338e-01
1.828919124388105610e-01
1.822971545136994609e-01
1.817262810965648290e-01
1.811792315995227332e-01
1.806492203880706582e-01
1.801393874990112887e-01
1.796436674690057023e-01
1.791578089717195121e-01
1.786819196397240461e-01
1.782144159611971923e-01
1.777547805605588227e-01
1.773070344271237830e-01
1.768676018215466494e-01
1.764351489768510306e-01
1.760140010350434991e-01
1.755990603124709115e-01
1.751973931648065086e-01
1.748024638122775143e-01
1.744120711330875984e-01
1.740261791554958970e-01
1.736466324438898645e-01
1.732849240629476817e-01
1.729307482918371053e-01
1.725796232689051357e-01
1.722371315666902658e-01
1.719007060070210091e-01
1.715690148087205824e-01
1.712423440405891062e-01
1.709190784791291828e-01
1.705989719011513084e-01
1.702813555693006298e-01
1.699663703567002582e-01
1.696588092002364323e-01
1.693535238309932522e-01
1.690504848166936303e-01
1.687518887408536172e-01
1.684562617211693980e-01
1.681627490210058640e-01
1.678721934433557716e-01
1.675841618771181374e-01
1.672981544811727728e-01
1.670141461744473754e-01
1.667321123471397770e-01
1.664545161524030314e-01
1.661835349288961206e-01
1.659153121547101428e-01
1.656489521771514761e-01
1.653842585146829691e-01
1.651213903713391884e-01
1.648605756987425175e-01
1.646042835304704910e-01
1.643526913898727682e-01
1.641063252995306199e-01
1.638619637371490911e-01
1.636240863591235106e-01
1.633895089908745379e-01
1.631562295162687914e-01
1.629242384672850430e-01
1.626935264039253148e-01
1.624640839203991549e-01
1.622359016506455809e-01
1.620098092295954306e-01
1.617853163729331412e-01
1.615621473258602447e-01
1.613420445366516576e-01
1.611250332834128218e-01
1.609092646612917399e-01
1.606960018861782469e-01
1.604843771787366480e-01
1.602738711687642092e-01
1.600644751990226711e-01
1.598563682871642355e-01
1.596505603826776920e-01
1.594465056951210324e-01
1.592447148906511734e-01
1.590439589903780426e-01
1.588443940050064118e-01
1.586472771981481122e-01
1.584511608688171924e-01
1.582560378412498636e-01
1.580644844743062383e-01
1.578766873617698796e-01
1.576925010512371383e-01
1.575100706748046864e-01
1.573298633208128905e-01
1.571507974622576853e-01
1.569725682219444141e-01
1.567951706782714782e-01
1.566185999341535573e-01
1.564428511173528713e-01
1.562679193807657019e-01
1.560939962306060469e-01
1.559217659572527115e-01
1.557503285051818065e-01
1.555799740995602864e-01
1.554127469606794432e-01
1.552463109176045464e-01
1.550814324094000329e-01
1.549196944730920067e-01
1.547603102062451441e-01
1.546028664276364872e-01
1.544469609248652620e-01
1.542920889899784265e-01
1.541379055310254653e-01
1.539844064431118709e-01
1.538315876514391445e-01
1.536794451109193826e-01
1.535279748057984395e-01
1.533771727492855841e-01
1.532270349831927336e-01
1.530775575775807640e-01
1.529287366304140083e-01
1.527806077083081748e-01
1.526331364009394509e-01
1.524863097172298732e-01
1.523401238630427146e-01
1.521945750706468758e-01
1.520506923188261472e-01
1.519096052969232946e-01
1.517737403552952558e-01
1.516407267969922257e-01
1.515102368126778065e-01
1.513802515567685691e-01
1.512507688025766794e-01
1.511217863256778537e-01
1.509933019040859137e-01
1.508653133184257311e-01
1.507379485459937329e-01
1.506138022763612305e-01
1.504921333997299437e-01
1.503712002147781501e-01
1.502507394088906378e-01
1.501307922849579035e-01
1.500112977316366558e-01
1.498929225528714548e-01
1.497750892306451698e-01
1.496606276167123384e-01
1.495476786194189500e-01
1.494352131817280049e-01
1.493266016280523079e-01
1.492186377225441229e-01
1.491110365669287008e-01
1.490037969224160264e-01
1.488969175449509075e-01
1.487903971854965535e-01
1.486846033973192038e-01
1.485793092301830043e-01
1.484747987623974697e-01
1.483711548819496573e-01
1.482682596601274938e-01
1.481657797267439403e-01
1.480636970380992401e-01
1.479619642303666160e-01
1.478605797572822289e-01
1.477600552146676460e-01
1.476599774505475693e-01
1.475602375860644300e-01
1.474614113467918874e-01
1.473638576315213777e-01
1.472666235290744918e-01
1.471711541157015024e-01
1.470764741364805894e-01
1.469829231742769415e-01
1.468896754555659434e-01
1.467967296868948612e-01
1.467040845796644954e-01
1.466117388501347596e-01
1.465196912194305645e-01
1.464279404135477858e-01
1.463364851633588704e-01
1.462453242046186652e-01
1.461544562779702183e-01
1.460638801289501076e-01
1.459744456181860106e-01
1.458871821574706240e-01
1.458002768809827099e-01
1.457136326389631420e-01
1.456273007956432886e-01
1.455416814519771562e-01
1.454568870110283241e-01
1.453723438958091085e-01
1.452880511661752139e-01
1.452043997245854312e-01
1.451210236461695224e-01
1.450378937977094274e-01
1.449550092451760974e-01
1.448723690569845290e-01
1.447899723040231013e-01
1.447078180596820529e-01
1.446275479340753400e-01
1.445476057786951596e-01
1.444678931588338211e-01
1.443884092217420645e-01
1.443094661718561100e-01
1.442308860352415067e-01
1.441525290586337660e-01
1.440743944175675306e-01
1.439965971643771825e-01
1.439200027645768931e-01
1.438436267955340297e-01
1.437676107361496869e-01
1.436922609620107927e-01
1.436172121519493639e-01
1.435425539344392931e-01
1.434681024114541070e-01
1.433938568336529384e-01
1.433198164537973773e-01
1.432459805267697617e-01
1.431723483095905247e-01
1.430989190614349316e-01
1.430256920436493162e-01
1.429526665197665691e-01
1.428798417555211531e-01
1.428072170188637025e-01
1.427349708571039322e-01
1.426632991378458393e-01
1.425920687694532119e-01
1.425210937225369345e-01
1.424503262992762032e-01
1.423797496714966360e-01
1.423093631542671766e-01
1.422391660647655542e-01
1.421691577222892744e-01
1.420993374482654170e-01
1.420297045662597124e-01
1.419610088629925937e-01
1.418925584565906839e-01
1.418243375526864469e-01
1.417563164976894108e-01
1.416884766939187079e-01
1.416208174876970594e-01
1.415533382273884977e-01
1.414860744986205232e-01
1.414190451882154365e-01
1.413521935785628514e-01
1.412855190262111149e-01
1.412191193005734036e-01
1.411530205473565669e-01
1.410870942392662697e-01
1.410213397769379540e-01
1.409557565626174402e-01
1.408909367805093737e-01
1.408269599178466058e-01
1.407635105246488605e-01
1.407002207466306054e-01
1.406370900624583919e-01
1.405744997733232582e-01
1.405127529813570975e-01
1.404511563818950648e-01
1.403897095187480182e-01
1.403284119363046034e-01
1.402672631795545688e-01
1.402062627941109418e-01
1.401454103262319562e-01
1.400847053228420347e-01
1.400241473315526064e-01
1.399637359006817849e-01
1.399034705792741584e-01
1.398433509171193578e-01
1.397833764647705146e-01
1.397235467735619130e-01
1.396638613956265595e-01
1.396043198839127253e-01
1.395453231105919789e-01
1.394874138874772074e-01
1.394302105639175782e-01
1.393731384989485289e-01
1.393164522835619312e-01
1.392604005338998752e-01
1.392044742865601037e-01
1.391486731951101785e-01
1.390930997766076649e-01
1.390378132776959874e-01
1.389826486405077721e-01
1.389276055420480827e-01
1.388726836594770253e-01
1.388178826701268465e-01
1.387632022515181696e-01
1.387086420813757326e-01
1.386542018376442087e-01
1.385998811985033330e-01
1.385456798423828351e-01
1.384915974479768441e-01
1.384376336942585162e-01
1.383842088778917678e-01
1.383311098012185159e-01
1.382782741795706705e-01
1.382256369353880576e-01
1.381731127184104846e-01
1.381212066664350424e-01
1.380694907894913226e-01
1.380178842337191625e-01
1.379664736666741387e-01
1.379156371358529198e-01
1.378649075524424616e-01
1.378142846528069843e-01
1.377638481531091863e-01
1.377135949601712150e-01
1.376635351620508485e-01
1.376135793412875952e-01
1.375637272478871520e-01
1.375139786317276513e-01
1.374643332425754816e-01
1.374147908301015242e-01
1.373653511438964192e-01
1.373160139334857754e-01
1.372670311003048038e-01
1.372183768204438825e-01
1.371698226071932369e-01
1.371213682111120380e-01
1.370730133828498842e-01
1.370248153547084791e-01
1.369768966116755027e-01
1.369308085350798843e-01
1.368849929344591876e-01
1.368392684010152349e-01
1.367938202027033090e-01
1.367488928927303449e-01
1.367048702618864631e-01
1.366609381725349959e-01
1.366170873157206700e-01
1.365733175275860856e-01
1.365296286439444950e-01
1.364860205002934590e-01
1.364424929318277802e-01
1.363990457734527706e-01
1.363556788597966862e-01
1.363123920252234667e-01
1.362691851038448920e-01
1.362260579295326846e-01
1.361830103359304156e-01
1.361400421564649965e-01
1.360971532243583360e-01
1.360543433726384144e-01
1.360116644086079851e-01
1.359692924553527749e-01
1.359269969323988470e-01
1.358847776888410797e-01
1.358426345734747298e-01
1.358005674348068681e-01
1.357585761210684250e-01
1.357166604802254872e-01
1.356748203599906777e-01
1.356330556078343130e-01
1.355913660709953672e-01
1.355497515964918520e-01
1.355082120311319749e-01
1.354667472215239088e-01
1.354253570140864782e-01
1.353845187223633173e-01
1.353438123850282948e-01
1.353031787102516870e-01
1.352626175462862124e-01
1.352221287412554707e-01
1.351817121431632407e-01
1.351413675999019182e-01
1.351010949592614807e-01
1.350612219384899060e-01
1.350214781924950758e-01
1.349818050551788440e-01
1.349422023767745948e-01
1.349026700074305862e-01
1.348632077972178600e-01
1.348238155961383189e-01
1.347846409068618467e-01
1.347456726888161815e-01
1.347067780110185464e-01
1.346683818285197010e-01
1.346303074759619411e-01
1.345924474682865801e-01
1.345546527108293922e-01
1.345169230664283178e-01
1.344792583978988432e-01
1.344416585680399678e-01
1.344041234396399498e-01
1.343666631841978765e-01
1.343296529440694276e-01
1.342927753685075887e-01
1.342565454819724668e-01
1.342204353230915248e-01
1.341843914047121666e-01
1.341484179039694746e-01
1.341126995595265381e-01
1.340771064079477326e-01
1.340415704826643795e-01
1.340060916773126165e-01
1.339706698854402911e-01
1.339353050005119006e-01
1.339000240368128647e-01
1.338652039621509582e-01
1.338304396657533368e-01
1.337957310414859546e-01
1.337610779831635288e-01
1.337264803845538974e-01
1.336919381393822104e-01
1.336575525209576509e-01
1.336232358746217153e-01
1.335889740235152445e-01
1.335547668627466988e-01
1.335206142873854029e-01
1.334865161924659316e-01
1.334524724729920786e-01
1.334184830239409092e-01
1.333845477402667012e-01
1.333506665169044425e-01
1.333168392487742437e-01
1.332830658307844751e-01
1.332493461578359017e-01
1.332156801248250699e-01
1.331820676266479431e-01
1.331485085582034822e-01
1.331150028143968655e-01
1.330815502901432634e-01
1.330481508803709467e-01
1.330148044800245899e-01
1.329815109840686849e-01
1.329482702874905942e-01
1.329151329188435759e-01
1.328822808296104274e-01
1.328494804196596046e-01
1.328167315874446419e-01
1.327840342314355881e-01
1.327513882501222264e-01
1.327187935420170162e-01
1.326862500056582850e-01
1.326537575396129209e-01
1.326213160424797588e-01
1.325891236569089193e-01
1.325571567557782271e-01
1.325252392665070278e-01
1.324935643727399026e-01
1.324620199795215614e-01
1.324305794227830790e-01
1.323991869687997369e-01
1.323678425249570911e-01
1.323365459986642068e-01
1.323052972973563224e-01
1.322740963284971816e-01
1.322429429995814198e-01
1.322118372181372292e-01
1.321807788917284399e-01
1.321497679279568238e-01
1.321188042344647040e-01
1.320882025888135414e-01
1.320577283972856897e-01
1.320272997076006594e-01
1.319969164351386115e-01
1.319665784952814003e-01
1.319362858034146269e-01
1.319060382749303595e-01
1.318758358252294371e-01
1.318456783697238843e-01
1.318155658238393813e-01
1.317854981030173456e-01
1.317554751227174581e-01
1.317254967984197722e-01
1.316955630456268511e-01
1.316656737798663768e-01
1.316358289166927042e-01
1.316060283716895540e-01
1.315762720604716773e-01
1.315465598986872153e-01
1.315168918020195588e-01
1.314872676861893741e-01
1.314578684677268905e-01
1.314290495835318540e-01
1.314002717652264229e-01
1.313715349402040655e-01
1.313430831295531453e-01
1.313147308324465468e-01
1.312864185013928320e-01
1.312581460656666588e-01
1.312299134545284185e-01
1.312017205972267342e-01
1.311735674230004034e-01
1.311454538610808684e-01
1.311176241299852052e-01
1.310899289130920686e-01
1.310622719654276902e-01
1.310346532197458891e-01
1.310070726087921578e-01
1.309795300653054939e-01
1.309520385243803930e-01
1.309246745643478371e-01
1.308973479435970311e-01
1.308700585979591657e-01
1.308428064632489451e-01
1.308155914752669180e-01
1.307884135698013928e-01
1.307612726826304084e-01
1.307341687495236493e-01
1.307071017062444995e-01
1.306800714885517634e-01
1.306530780322017193e-01
1.306261212729499244e-01
1.305992011465527958e-01
1.305723175887698040e-01
1.305455281549018354e-01
1.305189643394194243e-01
1.304924362006075755e-01
1.304659436763830338e-01
1.304394867046665130e-01
1.304130652233842780e-01
1.303866791704699213e-01
1.303603284838658616e-01
1.303340131015251202e-01
1.303077329614126811e-01
1.302814880015071564e-01
1.302552781598024512e-01
1.302291174375364846e-01
1.302034650400466231e-01
1.301778461821058441e-01
1.301522608058199859e-01
1.301267088533070437e-01
1.301011902666985853e-01
1.300757049881412775e-01
1.300502529597979406e-01
1.300248341238492977e-01
1.299994484224950841e-01
1.299740957979553801e-01
1.299487761924719431e-01
1.299237683477211525e-01
1.298989051397087258e-01
1.298740732285186827e-01
1.298492725625131072e-01
1.298245030900551100e-01
1.297997647595099946e-01
1.297750575192467837e-01
1.297503813176392462e-01
1.297257361030673961e-01
1.297011218239187691e-01
1.296765384285895328e-01
1.296519858654858748e-01
1.296274640830250846e-01
1.296029730296368032e-01
1.295785126537642717e-01
1.295540829038653030e-01
1.295296837284138081e-01
1.295053150759004901e-01
1.294809768948341211e-01
1.294566691337429021e-01
1.294323917411751845e-01
1.294081446657006640e-01
1.293839278559115180e-01
1.293597412604235164e-01
1.293356553091828953e-01
1.293119583016391350e-01
1.292882904592999316e-01
1.292646517338011114e-01
1.292410420767886314e-01
1.292174614399193566e-01
1.291939097748626142e-01
1.291703870333009707e-01
1.291468931669315368e-01
1.291234281274668549e-01
1.290999918666361490e-01
1.290765843361862120e-01
1.290532080640676982e-01
1.290298930337715477e-01
1.290066063968220433e-01
1.289833481064442122e-01
1.289601181158780141e-01
1.289369163783795069e-01
1.289137428472214852e-01
1.288905974756949790e-01
1.288674802171096145e-01
1.288443910247950297e-01
