1.337374862183009494e+00
8.220707616061051493e-01
7.599449165771294812e-01
7.300174606050047199e-01
7.065768232378321079e-01
7.188445362765919500e-01
6.815173128884042253e-01
6.989068333201469141e-01
6.628401720461332136e-01
6.682098319166012157e-01
6.254808619473684050e-01
6.293485162295072710e-01
6.712154303200503769e-01
6.158682987641250772e-01
6.564125338021907785e-01
5.896106734118814474e-01
6.062035701208107197e-01
5.776527662314180356e-01
5.870973815351691050e-01
5.674288794548528747e-01
6.142805620334580441e-01
5.937283652462075345e-01
5.953053643245551640e-01
5.579562743010392234e-01
5.534930992886571977e-01
5.748224876764214120e-01
5.655007250345183145e-01
5.276328371066737466e-01
5.469517745299216083e-01
5.144062337111150462e-01
5.422314486457838756e-01
5.094260057827652011e-01
5.172886541989351050e-01
5.070209944245847034e-01
5.176685328389475371e-01
5.171892221690729263e-01
5.013448885912668018e-01
4.817471244612248626e-01
4.889007276776727307e-01
4.815016504218103122e-01
4.592471803419082566e-01
4.739705539251420352e-01
4.900763838607264389e-01
4.696990001798846959e-01
4.756255407171240401e-01
4.646856803075185560e-01
4.702065915182623845e-01
4.360828929485661143e-01
4.659502601736107974e-01
4.346472056838345810e-01
4.627153339208284755e-01
4.566779546283490920e-01
4.523684395855103735e-01
4.571415910026631613e-01
4.520533984640650038e-01
4.365386269785531126e-01
4.436732133005765188e-01
4.330010957056422694e-01
4.140799185143968497e-01
4.331592624759824095e-01
4.425455692651356632e-01
4.248894338702015605e-01
4.218543097369779615e-01
4.168282119490407389e-01
4.161659610552335686e-01
3.980234769084604052e-01
4.356093398651261217e-01
4.203798845435738341e-01
4.197229541695075006e-01
4.255954057885803499e-01
4.294428648155568240e-01
4.209639043061326191e-01
3.840771170866744133e-01
3.865823821449192454e-01
4.091752056389650338e-01
4.169444876900150754e-01
4.050157119188426691e-01
4.124178946017297287e-01
3.911561700086543247e-01
3.980254028620492934e-01
3.919681110149992320e-01
3.899386168203722303e-01
3.913435834861776486e-01
4.089754604244908442e-01
3.824692892917094800e-01
4.057662640050256342e-01
3.936767010622489460e-01
3.634037259941116371e-01
3.714451977805232619e-01
3.699209535568510621e-01
3.916728117781109741e-01
3.929572687380674112e-01
3.853862681855794170e-01
3.918124699449451187e-01
3.887043758778489511e-01
4.055031985715550902e-01
3.840474760986801184e-01
3.951723233925779066e-01
3.817444015143659497e-01
3.841799762439849220e-01
3.924181242326347796e-01
3.721949196897870737e-01
3.848732483272800375e-01
3.829730503514945927e-01
3.915612542175218036e-01
3.798647422009158725e-01
3.735183884407666799e-01
3.642818897849214865e-01
3.894726367403794631e-01
3.803129545134125711e-01
3.605847288480801272e-01
3.852950433343145797e-01
3.883559349837858443e-01
3.617771719905680805e-01
3.763986165215295054e-01
3.726746686229251981e-01
3.622747009153948206e-01
3.656223935029873640e-01
3.579417199668998850e-01
3.572573768448391029e-01
3.672712281891050146e-01
3.378352030660343730e-01
3.662902066056927808e-01
3.454074987734945812e-01
3.485314877718524440e-01
3.507526028289478792e-01
3.609486169352703611e-01
3.639982313374776624e-01
3.572208137395770366e-01
3.629613824428516433e-01
3.550086163483926471e-01
3.686602557118476842e-01
3.552763717035737900e-01
3.625557227934859128e-01
3.474702175114455782e-01
3.596849498195279216e-01
3.543445927825948361e-01
3.834588200115096046e-01
3.545226705042034965e-01
3.688017452871160673e-01
3.680065429334948846e-01
3.734064678731820464e-01
3.677882059785643754e-01
3.431889536564667331e-01
3.534664824209749479e-01
3.783768079254621330e-01
3.534695239540131539e-01
3.542765020319083580e-01
3.536902416721420250e-01
3.550245528836711850e-01
3.548705542530696810e-01
3.559028157102696044e-01
3.452384530096198612e-01
3.299591787953990440e-01
3.538591785518340194e-01
3.705127148914799107e-01
3.618373256698156348e-01
3.599430848226222723e-01
3.624069636294637298e-01
3.417912715300286952e-01
3.557678146631703675e-01
3.472359834563660819e-01
3.360874295466244055e-01
3.452968602591184877e-01
3.603925281201969533e-01
3.405932335851673542e-01
3.431450306340858569e-01
3.463139401245259319e-01
3.572874747696228592e-01
3.337709664903583673e-01
3.478596719621190880e-01
3.419054375725134598e-01
3.291292976092803912e-01
3.157905690778251562e-01
3.453890135792112015e-01
3.400321461656666822e-01
3.466800932265555746e-01
3.509152431700206520e-01
3.426393010947401674e-01
3.264222484762479559e-01
3.564246991410922050e-01
3.434648213513064596e-01
3.430682458640124666e-01
3.359616192112070965e-01
3.587223415266389548e-01
3.399005169648117164e-01
3.466315436868476763e-01
3.307119594944306074e-01
3.458461009782882734e-01
3.296655472810754994e-01
3.385463481065008051e-01
3.399513669731044074e-01
3.575888504788389821e-01
3.548689682058001615e-01
3.606861106778102566e-01
3.578847975002718007e-01
3.362570628803486783e-01
3.409339881408835482e-01
3.563510709187991399e-01
3.548210234790675210e-01
3.665095784015432456e-01
3.367066034616031378e-01
3.327865017561547623e-01
3.395227692794922092e-01
3.343964569729129255e-01
3.510847515477891201e-01
3.483694733311669678e-01
3.473056442855779746e-01
3.595775742436042588e-01
3.431247085505693128e-01
3.325005249292665166e-01
3.550372264539602973e-01
3.526498591335306410e-01
3.563385016322151433e-01
3.344502093396158338e-01
3.181290203018420359e-01
3.482434483788515167e-01
3.314833547089503507e-01
3.494435364682562661e-01
3.617229344567997606e-01
3.215279430229485702e-01
3.289844063974469712e-01
3.472697935940524117e-01
3.336988715393934823e-01
3.244766310868376080e-01
3.441760118427850679e-01
3.747844545348832379e-01
3.658380860099572640e-01
3.477991228890326414e-01
3.223998351347036606e-01
3.403229753494648735e-01
3.492638034210364673e-01
3.355518586735269371e-01
3.371310890246947967e-01
3.369030566105973290e-01
3.470109907253940418e-01
3.567918006951247833e-01
3.123925935503034101e-01
3.450419103550800837e-01
3.306608290341991885e-01
3.454260130806793283e-01
3.330910370480003602e-01
3.435086094441797688e-01
3.450508854210559972e-01
3.303930413387041742e-01
3.343837611105288654e-01
3.458459545552916570e-01
3.494528115841674110e-01
3.288979233493970478e-01
3.205900500589289881e-01
3.377118050551607409e-01
3.202792229708106286e-01
3.228898501396041953e-01
3.475813794042822980e-01
3.235539011264813025e-01
3.202172766982269159e-01
3.539127179382416943e-01
3.316745235632880262e-01
3.545067168034769511e-01
3.365737307286633118e-01
3.421514259615306974e-01
3.444299716139591072e-01
3.459498054484730911e-01
3.390535065893894306e-01
3.452360659313473135e-01
3.169886692456269084e-01
3.361980961828313075e-01
3.316904886864924240e-01
3.349122067692972271e-01
3.375082325327059540e-01
3.607328798410270321e-01
3.267660506386368957e-01
3.404435715808087903e-01
3.247188776971338120e-01
3.364945557750778082e-01
3.241508524827919624e-01
3.247997976615568660e-01
3.565691010441331965e-01
3.256097769210093973e-01
3.358296638209363749e-01
3.373820532419813389e-01
3.363884392176897387e-01
3.486376030611131882e-01
3.299738865658239928e-01
3.492635697812494500e-01
3.421052163140648750e-01
3.348354398922360198e-01
3.326709738370352554e-01
3.397033925629179829e-01
3.242550778081558782e-01
3.389309510928944502e-01
3.272249078106826969e-01
3.370258470609357460e-01
3.444519905919075642e-01
3.341024426640213929e-01
3.439495796543912132e-01
3.295049858353189531e-01
3.436282412958371335e-01
3.413083129384696379e-01
3.462604256055865082e-01
3.337230582283018943e-01
3.467448643836842370e-01
3.284849080850345548e-01
3.402601605803970974e-01
3.737600405432864870e-01
3.465600032102436057e-01
3.290904084333984847e-01
3.361032246152653724e-01
3.309456948112889374e-01
3.125829138160028386e-01
3.470428456494709102e-01
3.346536812159269236e-01
3.401754743072085696e-01
3.432684633031750088e-01
3.296879655845447177e-01
3.658526442560787184e-01
3.440758371993405951e-01
3.370850975413372530e-01
3.531063016079001304e-01
3.430730919069233664e-01
3.397157774259046970e-01
3.428465189310189731e-01
3.302189053158507970e-01
3.391407882494709702e-01
3.488169952802006035e-01
3.419636845556594529e-01
3.427357799563524599e-01
3.274979935113962459e-01
3.240520069989772933e-01
3.323204661152702744e-01
3.393007625982062958e-01
3.121574380735447907e-01
3.498086692654917007e-01
3.261567237766846983e-01
3.292848471896258067e-01
3.300405120972096928e-01
3.241234412024140421e-01
3.411919081722066260e-01
3.360661693019633134e-01
3.486976228830008795e-01
3.279733104584492409e-01
3.298583261775379638e-01
3.353332742770900876e-01
3.212525902968982883e-01
3.328812950415103722e-01
3.384672065452365985e-01
3.534083857203184631e-01
3.279428661829714708e-01
3.325943518329299020e-01
3.314663282562050894e-01
3.385113353097569666e-01
3.401558675128791842e-01
3.445447516737384919e-01
3.532696446460838469e-01
3.150008787957474521e-01
3.390037665917129961e-01
3.487084151857661740e-01
3.301498929846722885e-01
3.679308386879840964e-01
3.518748863140919170e-01
3.366094119189279588e-01
3.377386653746514145e-01
3.483111489505164027e-01
3.399066010149082162e-01
3.337021661177883014e-01
3.259071027646455732e-01
3.196962931221014048e-01
3.253955404064888257e-01
3.223361611054865183e-01
3.188502411406155534e-01
3.359101880606801260e-01
3.346057023836008226e-01
3.248455938120630715e-01
3.479826717147832538e-01
3.568896480997296727e-01
3.159393245752979973e-01
3.221598191525132382e-01
3.466791915172602878e-01
3.459481404095099411e-01
3.464722920535127093e-01
3.272636945416581011e-01
3.402990893672296346e-01
3.350231724825186719e-01
3.294375727129800202e-01
3.212738877719077402e-01
3.219503268472814761e-01
3.418110720647628553e-01
3.268129431555552022e-01
3.261992529667460672e-01
3.584721969247515738e-01
3.297238073162821470e-01
3.390539976860872384e-01
3.399943102447341992e-01
3.469578041224808396e-01
3.139653023944634080e-01
3.405765724282096563e-01
3.173947697507311094e-01
3.280085987571690898e-01
3.115770904950403430e-01
3.161707395279422239e-01
3.598161645015508503e-01
3.540780328977404245e-01
3.493477471974001936e-01
3.676884425058624117e-01
3.344044338917143699e-01
3.311904318867689989e-01
3.412543841391867949e-01
3.516828211719458253e-01
3.373735167413229874e-01
3.346858471198843610e-01
3.110104337299862687e-01
3.342989791295546964e-01
3.263286917077400928e-01
3.451839624336797141e-01
3.220372269121359876e-01
3.488971250151253201e-01
3.366242572513923337e-01
3.283069228287436303e-01
3.406499184221480347e-01
3.189438370102651299e-01
3.490843141468285560e-01
3.576285390080878868e-01
3.313049971898766044e-01
3.241214831377962624e-01
3.431490086931957006e-01
3.303367182314742578e-01
3.347133764381386989e-01
3.370008256358699161e-01
3.379395319403671882e-01
3.260749550708279543e-01
3.382249541165304185e-01
3.459858955793025381e-01
3.271334854956980953e-01
3.390546469790699513e-01
3.478737789929669533e-01
3.378619838900437378e-01
3.204701111287919790e-01
3.307255022368768005e-01
3.188658564375517201e-01
3.366002510616080690e-01
3.471486656935022230e-01
3.508116852087047044e-01
3.466386290780197887e-01
3.501130276435543975e-01
3.344971469801539810e-01
3.513479431558289567e-01
3.373797704455820945e-01
3.247791025135342013e-01
3.339751572699354853e-01
3.439910745266729353e-01
3.368400927943425160e-01
3.297093281749662319e-01
3.447779918084955542e-01
3.487822470388230456e-01
3.357562350734605849e-01
3.216290016693534315e-01
3.466126114314982409e-01
3.381585115487758531e-01
3.297227449258743337e-01
3.272193363654825604e-01
3.283702248528379553e-01
3.445679365017400020e-01
3.215734217064781242e-01
3.473928664723734960e-01
3.199197887179944799e-01
3.125756911211313716e-01
3.348226007822214800e-01
3.375850489836254575e-01
3.334565882446938190e-01
3.375349094906348046e-01
3.522756835368637818e-01
3.395564555409084084e-01
3.490368574500423149e-01
3.334714179074224627e-01
3.228683576600392402e-01
3.276365340693891959e-01
3.257244680960240113e-01
3.397270501680949573e-01
3.500617065018515328e-01
3.331469119606932927e-01
3.363404945244681810e-01
3.239619590694149953e-01
3.322247979655126859e-01
3.441026804541712503e-01
3.352435973521905588e-01
3.333232205658330227e-01
3.442353822925289242e-01
3.240873003060010804e-01
3.583964696290573015e-01
3.171221627083464778e-01
3.201284505144779691e-01
3.525366241283442448e-01
3.266173297604765269e-01
3.337950284926934907e-01
3.399287014941592688e-01
3.411157660031828298e-01
3.354549137023322136e-01
3.399833001524310561e-01
3.501899929953606327e-01
3.419007476513631349e-01
3.389945643450935076e-01
3.469442718902644995e-01
3.339257865210811804e-01
3.294381692977156884e-01
3.385943742874567564e-01
3.112336114387493358e-01
3.140131743024544564e-01
3.334076540587102011e-01
3.368826999882971185e-01
3.511164819004884419e-01
3.477727632788386591e-01
3.421427550606876977e-01
3.528208473682931667e-01
3.364415252109195786e-01
3.434372794163472187e-01
3.354027502846496089e-01
3.401793161959255629e-01
3.272559938907442789e-01
3.485078120959687054e-01
3.558134714230083429e-01
3.301807038446408216e-01
3.290919775183023255e-01
3.346637725022426624e-01
3.446115069618944649e-01
3.386363919133245082e-01
3.555471906314633390e-01
3.381821735930915507e-01
3.319111079199568159e-01
3.282578766140447080e-01
3.159178636519529570e-01
3.524547317462534135e-01
3.174269439300132500e-01
3.296675141366743889e-01
3.307397937501741492e-01
3.570249976029466477e-01
3.421827413938033358e-01
3.364439098859634547e-01
3.217217030534016420e-01
3.313035193392925848e-01
3.416843537959842747e-01
3.435389398136382555e-01
3.512305429244038102e-01
3.260919569124518524e-01
3.288472231423116843e-01
3.298486420122464513e-01
3.344233854143393581e-01
3.442548957829079659e-01
3.353183659736013178e-01
3.424497302936373999e-01
3.498879508735962540e-01
3.210348361596219724e-01
3.627378239918411795e-01
3.241978594922108048e-01
3.506301729693999669e-01
3.496072742566431746e-01
3.310759957205902104e-01
3.334516202936667062e-01
3.491328021227140810e-01
3.327493355314677936e-01
3.551338894112562872e-01
3.465162092313820441e-01
3.311633301107804184e-01
3.551061583765097729e-01
3.537042488090262338e-01
3.333206576905089480e-01
3.388408278907366622e-01
3.263679916249672130e-01
3.292539785213959291e-01
3.405379077184353398e-01
3.419736455839489930e-01
3.472007592537636467e-01
3.519267610944776248e-01
3.340962170565868194e-01
3.420198634135486193e-01
3.299449850332184520e-01
3.360393398718860558e-01
3.350574072666673286e-01
3.499617054648965220e-01
3.330128835593421655e-01
3.402196049340964756e-01
3.413131815185619367e-01
3.613426772128427999e-01
3.309517565583474652e-01
3.306730055705370264e-01
3.263158858954806063e-01
3.342380326353967535e-01
3.520708531929342966e-01
3.562024476108667792e-01
3.421374812120449582e-01
3.364662665471516156e-01
3.321706985470491147e-01
3.349980837591186589e-01
3.423069231768469667e-01
3.531662355328164526e-01
3.267300217784778193e-01
3.433717411449279111e-01
3.267228957403415790e-01
3.289249174472789750e-01
3.488221539727705545e-01
3.476358650104775516e-01
