1.301869890421671894e+00
8.005694596108318128e-01
7.325812301458286546e-01
7.341850813347003957e-01
6.910685648567792549e-01
7.213294663740587032e-01
7.217023294489811613e-01
6.850587447499087990e-01
6.424157504910014138e-01
6.698134884974419334e-01
6.743206125830377706e-01
6.340084895526931774e-01
6.164892559192716170e-01
6.024793417564892062e-01
6.418981017114600007e-01
5.893654982441449697e-01
5.872257336325614752e-01
6.118554603820167692e-01
5.776947914423706809e-01
5.858213431279264416e-01
5.890195487974173583e-01
5.907299470100605410e-01
5.626241822174462559e-01
5.491385650263685969e-01
5.663677985023370942e-01
5.480920454331171809e-01
5.251505424140823219e-01
4.955087385813933820e-01
5.335457561830367901e-01
5.255211387610565499e-01
5.159999805448580723e-01
5.183237086293602802e-01
5.060430146359937709e-01
5.018507713716633400e-01
4.733763178004058991e-01
5.194415614179296314e-01
4.797767833890407840e-01
4.673891947321285878e-01
4.821118739773532225e-01
4.606981612919716640e-01
4.753574494408065454e-01
4.386186762717316778e-01
4.539632580251955485e-01
4.481968652326753233e-01
4.448043798889915745e-01
4.511988704238126813e-01
4.641326661944296106e-01
4.507148151644039813e-01
4.365932201265871337e-01
4.341928542274721137e-01
4.370792605594544522e-01
4.238634916389397711e-01
4.363277201313252585e-01
4.168464209376457896e-01
4.335628924275331531e-01
4.524888763797569324e-01
3.968902428919290348e-01
4.165256069950212803e-01
4.203027299388401583e-01
3.994883931234500252e-01
4.144500977414518617e-01
4.454281015267288479e-01
4.183638901848778513e-01
3.810891744400994874e-01
3.962046116428890041e-01
3.976127046461942482e-01
4.324816838913417283e-01
4.118123489813481641e-01
3.997365638229280482e-01
4.056409939391386055e-01
3.904772681892153541e-01
4.044614340463765778e-01
3.994156262092007914e-01
3.650243043635845730e-01
3.705704124659150445e-01
3.946797367125137734e-01
3.576519697840546130e-01
3.775163608529235604e-01
3.875424270142336924e-01
3.712219975956855267e-01
3.753591587681072705e-01
3.730922943448958251e-01
3.762846187379494944e-01
4.004339534835745784e-01
3.567659018843827856e-01
3.881588159222948975e-01
3.938578496368430604e-01
3.696035020025301709e-01
3.878999722715216203e-01
3.710541231570352316e-01
3.683195806575469411e-01
3.774431803447050870e-01
3.807469653970841916e-01
3.599905928272689182e-01
3.630723019776541660e-01
3.598423778616821056e-01
3.619693559944728301e-01
3.510394042540300741e-01
3.787313879848748788e-01
3.433787240389289952e-01
3.744621368604552081e-01
3.625324050694017086e-01
3.479054796043836717e-01
3.752499885060284757e-01
3.608775353439659939e-01
3.839741303863964395e-01
3.596621967829060629e-01
3.517403279128079596e-01
3.563146469531962568e-01
3.355790746937163949e-01
3.859909550816817969e-01
3.428400045225037940e-01
3.665806629936936289e-01
3.277601104268799692e-01
3.463980150408885184e-01
3.713108226578559212e-01
3.487609249135873446e-01
3.725392727437608631e-01
3.457501310127687466e-01
3.595863505688325912e-01
3.359622698543952568e-01
3.349968662614038473e-01
3.468362725779428057e-01
3.559132363759213158e-01
3.304593509682281494e-01
3.232059485588142378e-01
3.470661500524033216e-01
3.407225641977345565e-01
3.398505874311150698e-01
3.298056310666774849e-01
3.484256163407943863e-01
3.201399112135303593e-01
3.465362650187249205e-01
3.331456036960564471e-01
3.599497180614377179e-01
3.233811587490764139e-01
3.592725171866048006e-01
3.274937201116185914e-01
3.453347293385090611e-01
3.239778226062566269e-01
3.648655310280181641e-01
3.252792857296618600e-01
3.127479322907764092e-01
3.485068761480005772e-01
3.460300548043197533e-01
3.301828289794301319e-01
3.506757851346221089e-01
3.138739477068874240e-01
3.705206940550052619e-01
3.396988059716454789e-01
3.511223992975731067e-01
3.446656071864783732e-01
3.379123320322158786e-01
3.319539878163380586e-01
3.384997493746464969e-01
3.544513710061710787e-01
3.506076971951020416e-01
3.548790158651612403e-01
3.356067344419003673e-01
3.474450815181397978e-01
3.321748354025409466e-01
3.275639706253310468e-01
3.473568033311339454e-01
3.241710179997416286e-01
3.463256793779872500e-01
3.490121449450246938e-01
3.287721742839014305e-01
3.187083413164424894e-01
3.257207833393496177e-01
3.257708677311260126e-01
3.118163957010123277e-01
3.249514545245223429e-01
3.185806001156462064e-01
3.409234479837621734e-01
3.268763248587749914e-01
3.351862469457739246e-01
3.234157503294948777e-01
3.281792757031066765e-01
3.263735939242693451e-01
3.016049677979078525e-01
3.137442648553105395e-01
3.351432328425210105e-01
3.006889576489070182e-01
3.387989662232830934e-01
3.197815864293112598e-01
3.346531508960470247e-01
3.413416479044371621e-01
3.457530404417980541e-01
3.297628592719560880e-01
3.161082437256272359e-01
3.304806906650278875e-01
3.386178703224380082e-01
3.306553180271858405e-01
3.463650581085951363e-01
3.345576936772852172e-01
3.161319943481820105e-01
3.358257851450335285e-01
3.238370575173601384e-01
3.302294625013637575e-01
3.284239665261029506e-01
3.134105958080327103e-01
3.142624853899431137e-01
3.482255111682799331e-01
3.341240874323063714e-01
3.142799751523827068e-01
3.347637322694438922e-01
3.620236864812387823e-01
3.355166092346205664e-01
3.246969370522304055e-01
3.128282438739914961e-01
3.292734229717985683e-01
3.277152632554348743e-01
3.027343886432375952e-01
3.523990755080175785e-01
3.334874365151918596e-01
2.994827943064826137e-01
3.127612971173721057e-01
3.201983201498069254e-01
3.262731930401654989e-01
3.358189711767624597e-01
3.075823443421301651e-01
3.141220601080954578e-01
3.481456001726482286e-01
3.281070517112379958e-01
3.204201702849398536e-01
3.332029935124129483e-01
3.241030869198295861e-01
3.257697123045122378e-01
3.426958882801385275e-01
3.179628003047396123e-01
3.263603790115980341e-01
3.217081407536688253e-01
3.097545760893703481e-01
3.285533967826611002e-01
3.214440342023550112e-01
3.243582596133166018e-01
3.168296862614715104e-01
3.254577583663962326e-01
3.330193236360853293e-01
3.189256686930652673e-01
3.231648135108313724e-01
3.407788736444504196e-01
3.344699330984106100e-01
3.357555587211432102e-01
2.987526615879086966e-01
3.161805556519212135e-01
3.178227838404920624e-01
3.405648899932219309e-01
2.997436105332581535e-01
3.047194706088121041e-01
3.321989492074397532e-01
3.204874541552332756e-01
2.959417366476327915e-01
3.193763055713896293e-01
3.361758196682619326e-01
3.364346710922577754e-01
3.090003003399077186e-01
3.206887277788226243e-01
3.206569706834437872e-01
3.161514931395990602e-01
3.191797088252670278e-01
3.276367760146541852e-01
3.273673888607298021e-01
3.275736725812312122e-01
3.039197905837277003e-01
3.071612864790935760e-01
3.356838338225455187e-01
2.843173943013600491e-01
3.315132199553588177e-01
3.268208752858094979e-01
3.409468387578552528e-01
3.314390609008358024e-01
3.106379609858082591e-01
3.254929231202019491e-01
3.025508686109093515e-01
3.246831607846774048e-01
3.052858984035533019e-01
3.316188104053894858e-01
3.227619826460054742e-01
3.283382517498756870e-01
3.315429983963495419e-01
3.188964882222555253e-01
3.426146182536874418e-01
3.174466886312539704e-01
3.096084595122254868e-01
3.311556002938238485e-01
3.004139091884587831e-01
3.089876863011252195e-01
3.315307355504774067e-01
3.257156843530386037e-01
3.389300745825810646e-01
3.225166059045038169e-01
3.051725847331921426e-01
3.130731535895149298e-01
3.388844628813988402e-01
3.020267704705005274e-01
3.239150295658240197e-01
3.156602162707023429e-01
3.070646417166290609e-01
3.351136068857429318e-01
3.064021326671466094e-01
3.150806367458919843e-01
3.197486336161433629e-01
3.160360333484979467e-01
3.447281405100748874e-01
3.380849476872027637e-01
3.482756464566725274e-01
3.136766525436113229e-01
3.108691205074841091e-01
3.236327552756370074e-01
3.132810430500488352e-01
3.058680272647251175e-01
3.077262255911463185e-01
3.186995644954917495e-01
3.390714830717431738e-01
3.166092920470073846e-01
3.258013621261077741e-01
3.214069492624287427e-01
3.347323187599974270e-01
3.335067610671248461e-01
3.187167401778794873e-01
2.946072013677031309e-01
3.370986645771998913e-01
3.024411154447840810e-01
3.272245936646268061e-01
2.908215543683961846e-01
3.246008636454059126e-01
3.252457009460460458e-01
3.348395048245439987e-01
3.249721595745548863e-01
3.146428539596654028e-01
2.973581643934827268e-01
3.414330035151134646e-01
3.168486421362478045e-01
3.068145789932623657e-01
2.974226652674586413e-01
3.363487429781614746e-01
3.113862767682120669e-01
3.363233434250286202e-01
3.275200009537329038e-01
3.108490016695530933e-01
3.088392128277026583e-01
3.212537190448933044e-01
3.171945896162515766e-01
3.118737011666228853e-01
3.003271940030523002e-01
3.436029283039901960e-01
3.188180614737204932e-01
3.250063956392583164e-01
3.206810279488121473e-01
3.177004921394261383e-01
3.066902430550352832e-01
3.484392024716270742e-01
3.267104995317220983e-01
3.013225107800046043e-01
3.186070279204417655e-01
3.324984420322439349e-01
3.396542447868467485e-01
3.209531323504589140e-01
3.172474567603235651e-01
3.366151328035004164e-01
3.295127902892840410e-01
3.343702288650495236e-01
3.190053653604355000e-01
3.170763068175435628e-01
3.264305005857087716e-01
3.036520468480095047e-01
2.975085632969508009e-01
3.052078633155047571e-01
3.183948255906100533e-01
3.320862967126500531e-01
3.300159124167892366e-01
3.474894403767116446e-01
3.192979433520070631e-01
3.062388680625385828e-01
3.296794760452889661e-01
3.393789998300917321e-01
3.439049177656680611e-01
3.358491332815926600e-01
3.113433484691054409e-01
3.321055344089806072e-01
3.191914272404683950e-01
3.240695362414437453e-01
3.366507092586542571e-01
3.188550837207911326e-01
3.107712314880536897e-01
3.307217544422026423e-01
3.154057596514192596e-01
3.188350890431690954e-01
3.147098399929888490e-01
3.206957442019036653e-01
3.413407318196684526e-01
3.412048612322596819e-01
3.151208049192079086e-01
3.488698023442771690e-01
3.216711806971296328e-01
3.468468604997024807e-01
2.991834953911688411e-01
3.136462411952780638e-01
3.085787802793685808e-01
3.447586988046153489e-01
3.141787297928593792e-01
3.285758298937386801e-01
3.123860438123365890e-01
2.992468105006357293e-01
3.240269038022783876e-01
3.265845060531817334e-01
3.372673660319377431e-01
3.365345854170052053e-01
3.375432261086502295e-01
3.174690985221585438e-01
3.486341533030297146e-01
3.416157938851923648e-01
3.115634935886535950e-01
3.150156433411318568e-01
3.072190668482904785e-01
3.313290436956478069e-01
3.440665146004207031e-01
3.294827056961864287e-01
2.966325898098201574e-01
3.050598985091727000e-01
3.048702615310875386e-01
3.157194828540140219e-01
3.396652651290746894e-01
3.155349998815815682e-01
3.181598496293982503e-01
3.197434620062240551e-01
3.290634117369050093e-01
3.098622115109930797e-01
3.198518736240505977e-01
3.245123070988947811e-01
3.185361280725338418e-01
3.269657500888529800e-01
3.150756407478149113e-01
3.256730184352043533e-01
3.143016529479293331e-01
3.107879949325454416e-01
3.022842193083264961e-01
3.306737656073359677e-01
3.282398754118953099e-01
3.170030194789096867e-01
3.066341612289877894e-01
3.428869289829402645e-01
3.083460753080690675e-01
3.102377677324618666e-01
3.095348960864938159e-01
3.248227342425314412e-01
3.106827564737238978e-01
3.224227332339996144e-01
3.345060593020424133e-01
3.224093892606562650e-01
3.141035008533576978e-01
3.070217614597791078e-01
3.165611442479467907e-01
3.219268138531358736e-01
3.076800647385053988e-01
3.127192922070532455e-01
3.207411552330847737e-01
3.347916949175074874e-01
2.998217143941500074e-01
3.313646039114164221e-01
3.279761529318463431e-01
3.170743990517901900e-01
3.149441443567120857e-01
3.072581498352328078e-01
3.383300007853878300e-01
3.064414006902003718e-01
3.370524478752010000e-01
3.167554063080411653e-01
3.215830264571847841e-01
3.147536535918014078e-01
3.186725951677940039e-01
3.302543884365731763e-01
3.109220546954354902e-01
3.064630956104812953e-01
3.067431070466280496e-01
3.113345512326516906e-01
3.021689356902641510e-01
2.811866289237067162e-01
3.077848011773809955e-01
3.093578041739824536e-01
3.353909625129751770e-01
3.278363025927649721e-01
3.041391386270186903e-01
3.425841685060795339e-01
3.200607435055903838e-01
3.189627830837958311e-01
3.067782409502596841e-01
3.223537810469306875e-01
3.264750183797865968e-01
3.087364104086238736e-01
3.009965473166572036e-01
3.189999093100933103e-01
3.357113408731506321e-01
3.121677306004647101e-01
3.165923945586335275e-01
3.104138400195574632e-01
2.873426016519675663e-01
3.376781882078029873e-01
3.063046511620029499e-01
3.188655050884404152e-01
3.282127114326898187e-01
3.248341730618823919e-01
3.203058825302017576e-01
3.309789757024811374e-01
3.417444167162745350e-01
3.202425605917726403e-01
2.972247976756414167e-01
3.329792076424413771e-01
3.115265398417920717e-01
3.135772688383151041e-01
3.165571089280130868e-01
3.251616895870708679e-01
3.387274191020215874e-01
3.316906326661402393e-01
3.126351506512689560e-01
2.988579998491082690e-01
3.346934084142776933e-01
3.146720833210807089e-01
3.151443892928350587e-01
3.082881950976661400e-01
3.266350235519445144e-01
3.437672526197739220e-01
3.458156231607435460e-01
3.188438356116549133e-01
3.305131429259775544e-01
3.409011656035476068e-01
3.037051237388596614e-01
3.344308815407980306e-01
3.024978071607856145e-01
3.119884000221906373e-01
3.033921425715846443e-01
3.080930278801921607e-01
3.237409002997867491e-01
3.028042835959061096e-01
3.275296774321176940e-01
3.285109265524105981e-01
3.168645108256743503e-01
3.220537133397581853e-01
3.411173897956298884e-01
3.192735183739620619e-01
3.284905331288313080e-01
2.952847851988752437e-01
3.222348278687049428e-01
3.409264935996553780e-01
3.471798814512845333e-01
3.287530226288952750e-01
3.199646103975564149e-01
3.102565497495898827e-01
3.100181687460850655e-01
3.280111747567007185e-01
3.285766344489394752e-01
3.071462063868480308e-01
3.271567633292745692e-01
3.471274133967648945e-01
3.383899812793753625e-01
3.287238076410367582e-01
3.227739715040038870e-01
3.279390655190927428e-01
3.377934668810392282e-01
2.970452065624728522e-01
3.471087532843075141e-01
2.999450760995071574e-01
2.835610841769140023e-01
3.239080400161178375e-01
3.145707522277018109e-01
3.144690027708817448e-01
3.142462722812859877e-01
2.810309415849806536e-01
3.307636103741677380e-01
3.308999504211194154e-01
2.869074216181495829e-01
3.236621204664450469e-01
3.333917525234392776e-01
3.118677181675647003e-01
3.203139603665278168e-01
3.067988175667631379e-01
3.009527369499621074e-01
3.325584892175067475e-01
2.982857155067197841e-01
3.182297687527544938e-01
3.252760836169985015e-01
3.152188851383694868e-01
3.329191113149523873e-01
3.197864797747571597e-01
3.134374534236412102e-01
3.124776041224498480e-01
3.225130151658208710e-01
3.360549649728499233e-01
3.437420455038167066e-01
3.415345634457133128e-01
3.130586956913272711e-01
3.191482148482522874e-01
3.263084635866931871e-01
2.886973637392420411e-01
3.177298121209894965e-01
3.234706259206088785e-01
3.153681860093834888e-01
3.248537868667828454e-01
3.327640385384469934e-01
