1.109586999713644939e+00
7.501922634996244232e-01
7.154702380904948145e-01
6.881895328194744810e-01
6.638790635076582403e-01
6.420348731381395613e-01
6.223046384709481904e-01
6.042262103694384656e-01
5.874303705262596820e-01
5.718532496349192362e-01
5.573684991849873205e-01
5.440350157339974846e-01
5.315072375817331274e-01
5.198210542737961015e-01
5.090650150821657283e-01
4.989776878563556006e-01
4.896366663761426152e-01
4.808080817485923530e-01
4.725386786970318664e-01
4.646287702825991905e-01
4.571294248132250493e-01
4.500170664676156340e-01
4.432090654306188315e-01
4.367459322033619973e-01
4.307174032011298892e-01
4.249302015003429411e-01
4.194009017542149609e-01
4.141276260902015394e-01
4.090841127727122273e-01
4.042963942235893726e-01
3.997288879803150841e-01
3.953548191901410380e-01
3.911326910172098215e-01
3.870602641608602568e-01
3.831316639398759660e-01
3.793455285579815373e-01
3.756879976537116361e-01
3.721519828536505869e-01
3.687263502407882587e-01
3.653874155463186502e-01
3.621548267920362552e-01
3.590376172726438275e-01
3.560027481014618744e-01
3.530663512792024950e-01
3.502214128256948000e-01
3.474664527171937300e-01
3.448026483302746303e-01
3.422381736105362116e-01
3.397318242327713178e-01
3.372903626558302337e-01
3.349419266339888068e-01
3.326392731123128943e-01
3.303943712558464196e-01
3.282283598023090221e-01
3.261443180803064168e-01
3.241192441633258259e-01
3.221292639215546094e-01
3.201926502441439504e-01
3.183243958562969600e-01
3.164999550130167538e-01
3.147159404967533880e-01
3.129727369439448403e-01
3.112575812928453645e-01
3.095757076868453916e-01
3.079321375903192881e-01
3.063280076543688502e-01
3.047468279754987353e-01
3.031953225226703963e-01
3.016741156361028020e-01
3.001820443623054446e-01
2.987245316834425957e-01
2.972979953317830271e-01
2.959023839477453732e-01
2.945310115180720389e-01
2.931893028204902163e-01
2.918730554952758127e-01
2.905803780992547436e-01
2.893068149148517176e-01
2.880540767868500773e-01
2.868210049872202960e-01
2.856120483474131611e-01
2.844280001907035782e-01
2.832700054927272393e-01
2.821329406709182086e-01
2.810193191519156919e-01
2.799322354852389338e-01
2.788696804218667724e-01
2.778233821136423809e-01
2.767891154918825647e-01
2.757711794875511435e-01
2.747712219200268979e-01
2.737924572717205796e-01
2.728280819700034665e-01
2.718780700264690764e-01
2.709465371582557847e-01
2.700325284278862759e-01
2.691409640299280426e-01
2.682622053526899641e-01
2.673983858061529384e-01
2.665444799420932376e-01
2.657082652382738996e-01
2.648828661967533304e-01
2.640679565286972452e-01
2.632651051027450340e-01
2.624724704055771962e-01
2.616898122436006058e-01
2.609143248948939675e-01
2.601520091977884142e-01
2.594000536392880862e-01
2.586557019930105228e-01
2.579227752800196671e-01
2.572005693313802466e-01
2.564868040890527223e-01
2.557840124046378283e-01
2.550905593415844219e-01
2.544044160298444823e-01
2.537269949019818616e-01
2.530589952026737754e-01
2.524031421932559360e-01
2.517541815087973034e-01
2.511145065519062025e-01
2.504801182473075927e-01
2.498514884495006694e-01
2.492303386517271679e-01
2.486178282930441574e-01
2.480126496118312540e-01
2.474165667535915825e-01
2.468281102040668085e-01
2.462496852639355083e-01
2.456766024696893369e-01
2.451077991912189169e-01
2.445434326039184203e-01
2.439856787748914402e-01
2.434412884968817081e-01
2.429042719066030198e-01
2.423767696811405803e-01
2.418586193515849248e-01
2.413515705235229347e-01
2.408544314149254906e-01
2.403643801421016801e-01
2.398842919133943319e-01
2.394127656904112000e-01
2.389449545372945571e-01
2.384810638720459564e-01
2.380201098432323248e-01
2.375620636388567075e-01
2.371068968106389563e-01
2.366567736339276196e-01
2.362134267162111778e-01
2.357741544635050535e-01
2.353375710765391038e-01
2.349041196481085614e-01
2.344738674859048466e-01
2.340473105906389628e-01
2.336247375843688023e-01
2.332047022237295208e-01
2.327878796630227509e-01
2.323748378854635921e-01
2.319642519320317120e-01
2.315582335886486598e-01
2.311549152075582092e-01
2.307562886073766528e-01
2.303623916566449881e-01
2.299734004454575542e-01
2.295884999093294465e-01
2.292074709474699601e-01
2.288299977782635164e-01
2.284555766904655671e-01
2.280864145970925294e-01
2.277211879813957618e-01
2.273611748284045664e-01
2.270058940024748118e-01
2.266537868531107447e-01
2.263035363172400394e-01
2.259551625030790656e-01
2.256090627018484396e-01
2.252667586606109940e-01
2.249273149133990402e-01
2.245914600043855403e-01
2.242580880403580168e-01
2.239264192408652321e-01
2.235974207013314563e-01
2.232703218758579078e-01
2.229461215087815973e-01
2.226235883685716288e-01
2.223026819927445275e-01
2.219833894291816379e-01
2.216672659462259887e-01
2.213548703100260695e-01
2.210458278116097519e-01
2.207390512777478442e-01
2.204340676615646755e-01
2.201334830295322009e-01
2.198371047860110117e-01
2.195422780643339344e-01
2.192493223466555341e-01
2.189590737200762804e-01
2.186701959338515633e-01
2.183831100928856350e-01
2.180982205003769991e-01
2.178146622226834195e-01
2.175334356301133198e-01
2.172567246770184257e-01
2.169831560339528786e-01
2.167133086850588641e-01
2.164450773317114773e-01
2.161786853375619322e-01
2.159134527340037524e-01
2.156495914143415626e-01
2.153886964641738566e-01
2.151293833684456980e-01
2.148711825659861685e-01
2.146145801716155266e-01
2.143592963594799228e-01
2.141055313342233035e-01
2.138528388833309257e-01
2.136012901827041566e-01
2.133515105506856024e-01
2.131040582354281621e-01
2.128582955395145193e-01
2.126154745510045185e-01
2.123736516516268324e-01
2.121328891674110761e-01
2.118952277678653184e-01
2.116591852371398075e-01
2.114240947616878308e-01
2.111901816588987180e-01
2.109583737986841789e-01
2.107285792877565678e-01
2.105002763383623243e-01
2.102728640937656657e-01
2.100469841368425017e-01
2.098230880737361748e-01
2.096021428493543837e-01
2.093821877755192573e-01
2.091636725155614496e-01
2.089463190004059445e-01
2.087306590415505536e-01
2.085174070605681218e-01
2.083062037404685984e-01
2.080957766749370885e-01
2.078861215532747386e-01
2.076772340941960004e-01
2.074698425799478552e-01
2.072633406722082239e-01
2.070575893498271536e-01
2.068525844869479324e-01
2.066483219855947129e-01
2.064459862310036309e-01
2.062471183335473635e-01
2.060494905312202363e-01
2.058533015322146220e-01
2.056591741858251887e-01
2.054667366222674985e-01
2.052755220302616979e-01
2.050849569154873098e-01
2.048950379261604837e-01
2.047058941830541545e-01
2.045183108166336861e-01
2.043314860883168327e-01
2.041462745153605207e-01
2.039627672812336368e-01
2.037802992064187135e-01
2.035984326335258665e-01
2.034172987122916942e-01
2.032368766451961295e-01
2.030582919561005339e-01
2.028809252070664926e-01
2.027042989552214625e-01
2.025282429338699786e-01
2.023531649052943970e-01
2.021795163736047618e-01
2.020064269915400890e-01
2.018339425216447991e-01
2.016623612077603211e-01
2.014933402612616442e-01
2.013248587532467937e-01
2.011570817934693334e-01
2.009903809928779428e-01
2.008242057607083630e-01
2.006585534915660274e-01
2.004934215971627687e-01
2.003288075061829543e-01
2.001647939072948579e-01
2.000018230731683833e-01
1.998393640313887165e-01
1.996774142295645316e-01
1.995169820659684623e-01
1.993574102173869822e-01
1.991983354616311541e-01
1.990397553436022704e-01
1.988816674244069937e-01
1.987240792508142562e-01
1.985672279746179270e-01
1.984108613442557845e-01
1.982549769785625915e-01
1.980995725119498174e-01
1.979446455942817928e-01
1.977904708391464983e-01
1.976370438538744834e-01
1.974842629992981935e-01
1.973323306094564855e-01
1.971816602094880189e-01
1.970319339159417593e-01
1.968826611013158867e-01
1.967338395700506670e-01
1.965860107039683058e-01
1.964390230093905620e-01
1.962924751483807462e-01
1.961463650041287698e-01
1.960006904736351363e-01
1.958554494675982527e-01
1.957111195418716476e-01
1.955689325543245594e-01
1.954284690985832462e-01
1.952887973827135415e-01
1.951495257418178475e-01
1.950108946321039427e-01
1.948742964484858620e-01
1.947384580568184143e-01
1.946031446887033778e-01
1.944683250485974291e-01
1.943339054957409773e-01
1.942002116690620395e-01
1.940673212310549678e-01
1.939351422963822014e-01
1.938033249357311583e-01
1.936718675661523448e-01
1.935407686140662997e-01
1.934104776944050308e-01
1.932807688296695747e-01
1.931514111097736852e-01
1.930228906604205263e-01
1.928948918976235438e-01
1.927674516836432039e-01
1.926404274683651552e-01
1.925138002609701471e-01
1.923885609730612012e-01
1.922651058869607743e-01
1.921429279191522455e-01
1.920212453906237626e-01
1.918998761779384388e-01
1.917788190009536986e-01
1.916584513451206340e-01
1.915387108567874475e-01
1.914197059552577018e-01
1.913012332792140002e-01
1.911830600355966803e-01
1.910651850195364265e-01
1.909476070324575836e-01
1.908303248820431564e-01
1.907133373821994493e-01
1.905966433530211224e-01
1.904802416207560523e-01
1.903641310177703883e-01
1.902483103825140798e-01
1.901327785594860986e-01
1.900183838394027269e-01
1.899045023567624835e-01
1.897909009060395891e-01
1.896775783900133128e-01
1.895652128660283708e-01
1.894534350605417139e-01
1.893419304626519362e-01
1.892306980038115927e-01
1.891197527413738810e-01
1.890091835221671956e-01
1.888992358145321904e-01
1.887896595750155615e-01
1.886803474915645928e-01
1.885714888905114239e-01
1.884632591716264571e-01
1.883555384350002193e-01
1.882480751134740504e-01
1.881408682081015526e-01
1.880339167251418586e-01
1.879272196760284064e-01
1.878217017102666586e-01
1.877171199696130721e-01
1.876131337379711994e-01
1.875096697349039609e-01
1.874064444131797735e-01
1.873034568862442795e-01
1.872007062719079074e-01
1.870986157246523340e-01
1.869972268687725703e-01
1.868961425591753600e-01
1.867960322816555330e-01
1.866965159741738045e-01
1.865975209637740773e-01
1.864989932599298572e-01
1.864010901021820876e-01
1.863034051670476032e-01
1.862059376644035202e-01
1.861088525429425156e-01
1.860122316360471040e-01
1.859158241414511359e-01
1.858196292947230099e-01
1.857236463350395994e-01
1.856278745051685997e-01
1.855323732629920452e-01
1.854375727415105146e-01
1.853429805808586017e-01
1.852489225985178567e-01
1.851554307822461387e-01
1.850628899763873680e-01
1.849705468603408121e-01
1.848784007469324031e-01
1.847864509522025023e-01
1.846950678916020605e-01
1.846039615204961293e-01
1.845132793064557519e-01
1.844239312895139815e-01
1.843347710568418174e-01
1.842460843849921814e-01
1.841578215614316505e-01
1.840697433221268053e-01
1.839818490315560662e-01
1.838941380571915141e-01
1.838066097694835144e-01
1.837192635418449516e-01
1.836320987506356306e-01
1.835451147751470113e-01
1.834583109975863324e-01
1.833716868030616787e-01
1.832852415795661605e-01
1.831990185103205271e-01
1.831132206568053811e-01
1.830279763871802690e-01
1.829435677097292212e-01
1.828595028237920972e-01
1.827762323609477269e-01
1.826938640257651791e-01
1.826118111267474309e-01
1.825300986751521859e-01
1.824485457632471774e-01
1.823671518913676515e-01
1.822859165619132860e-01
1.822048392793391702e-01
1.821239195501476449e-01
1.820431568828792535e-01
1.819625507881041659e-01
1.818829806924361636e-01
1.818037007782566661e-01
1.817245715764011504e-01
1.816457973469502718e-01
1.815671835911516485e-01
1.814887189026257452e-01
1.814109870705901406e-01
1.813339172087886086e-01
1.812569908293485965e-01
1.811802075063298489e-01
1.811035668154187261e-01
1.810270683339222086e-01
1.809507116407627902e-01
1.808744963164728992e-01
1.807984219431890693e-01
1.807224881046466947e-01
1.806466943861741725e-01
1.805710403746874360e-01
1.804959537521614032e-01
1.804210781287564347e-01
1.803463386563135540e-01
1.802717349424964866e-01
1.801972665964080844e-01
1.801229332285863016e-01
1.800489057169365748e-01
1.799752700527136318e-01
1.799017676674149468e-01
1.798283981768978856e-01
1.797551611984424813e-01
1.796820563507461610e-01
1.796090832539195548e-01
1.795363770630994948e-01
1.794643484590383031e-01
1.793924480908687669e-01
1.793206741454469455e-01
1.792495740296457807e-01
1.791787299562105362e-01
1.791083050804958277e-01
1.790380014897992866e-01
1.789678188566130590e-01
1.788977568545470909e-01
1.788278151583261033e-01
1.787582543964894022e-01
1.786889520013918431e-01
1.786197679998587640e-01
1.785507020743472562e-01
1.784817539083939919e-01
1.784129231866119214e-01
1.783445185173081204e-01
1.782762969172763390e-01
1.782082966844590610e-01
1.781405139132957727e-01
1.780729638878922882e-01
1.780055265033789191e-01
1.779382014655445932e-01
1.778713870803654840e-01
1.778047680411876386e-01
1.777382593779846809e-01
1.776721252272605855e-01
1.776062171463508310e-01
1.775404173366117166e-01
1.774747255166141124e-01
1.774091568609322545e-01
1.773443004279564861e-01
1.772795700597774027e-01
1.772149441654117252e-01
1.771504224780459935e-01
1.770860047317515396e-01
1.770216906614819619e-01
1.769574800030703499e-01
1.768934880892954753e-01
1.768298393548558278e-01
1.767663426644342783e-01
1.767029472595727790e-01
1.766396528838805047e-01
1.765764592818145629e-01
1.765133661986771629e-01
1.764503733806131736e-01
1.763874805746074581e-01
1.763246875284816828e-01
1.762619939908918743e-01
1.761993997113256438e-01
1.761372058951152786e-01
1.760752271169555849e-01
1.760133463036316903e-01
1.759515632083356873e-01
1.758899308263656425e-01
1.758288698215866031e-01
1.757679045250645500e-01
1.757070346974174135e-01
1.756462601000520485e-01
1.755855804951612087e-01
1.755249956457215488e-01
1.754645053154905987e-01
1.754041092690043213e-01
1.753439349899072464e-01
1.752838804901188097e-01
1.752239199544136372e-01
1.751640531465615269e-01
1.751042798311245319e-01
1.750445997734541015e-01
1.749850127396883892e-01
1.749255184967492271e-01
1.748661168123396281e-01
1.748068074549405937e-01
1.747475901938088383e-01
1.746885594017669463e-01
1.746297805280770943e-01
1.745710924147534093e-01
1.745124948353051209e-01
1.744539875640045423e-01
1.743955703758839348e-01
1.743372430467328982e-01
1.742790053530957062e-01
1.742208570722682537e-01
1.741627979822955585e-01
1.741048278619686529e-01
1.740469464908220298e-01
1.739891536491308677e-01
1.739314915825233288e-01
1.738740243787293416e-01
1.738168833407396918e-01
1.737603235666811685e-01
1.737038483208165618e-01
1.736474574019709338e-01
1.735911506095929591e-01
1.735349277437531756e-01
1.734787886051419592e-01
1.734228622142335308e-01
1.733671168592616774e-01
1.733114537650052578e-01
1.732558795309818156e-01
1.732005744772678879e-01
1.731455809509053478e-01
1.730906695209772361e-01
1.730358399898035138e-01
1.729811579870657590e-01
1.729265810990044394e-01
1.728720852252009221e-01
1.728176701715215535e-01
1.727633357444523232e-01
1.727090817510966159e-01
1.726549079991732405e-01
1.726010265597631155e-01
1.725475308915572492e-01
1.724941136711489742e-01
1.724408076201590367e-01
1.723880693496700478e-01
1.723358775248298447e-01
1.722837605476358336e-01
1.722318834165245949e-01
1.721802748271044625e-01
1.721287400961305503e-01
1.720774107799784292e-01
1.720262145395975717e-01
1.719750917739695240e-01
1.719240960308776878e-01
1.718733877041036251e-01
