1.185917947819831619e+00
8.126738427244686314e-01
7.740058145226181852e-01
7.426208358509728269e-01
7.156431637283853231e-01
6.914912927941212484e-01
6.695591437225864029e-01
6.494473674859763124e-01
6.308460130618955830e-01
6.138562801071285602e-01
5.982504765875038544e-01
5.838653495229547685e-01
5.704587898211307406e-01
5.578897532993475350e-01
5.461191041690853787e-01
5.350857255588096217e-01
5.247627867000468349e-01
5.151751610086470201e-01
5.062044996809115238e-01
4.978084091187610083e-01
4.898962330995561554e-01
4.823824819759068294e-01
4.753275295040646498e-01
4.686597934520934094e-01
4.623001218856481187e-01
4.562693482654905375e-01
4.505215327952143967e-01
4.450038897123894110e-01
4.396979519142588111e-01
4.346288237508817986e-01
4.297322726466462628e-01
4.250220184938995338e-01
4.205268627543921611e-01
4.162053978156692868e-01
4.120811363673977934e-01
4.080921965312479527e-01
4.042478487836847489e-01
4.005279400726612926e-01
3.969122933011046128e-01
3.934254686497286602e-01
3.900774903116124848e-01
3.869154157892974455e-01
3.838809565773144139e-01
3.809436141146974597e-01
3.780992388497838030e-01
3.753655547976536000e-01
3.727242082458281369e-01
3.701569183984387834e-01
3.676558269995487960e-01
3.652165597737767611e-01
3.628358428384317325e-01
3.605406153228309374e-01
3.583053241366733199e-01
3.561487045192927026e-01
3.540281168189115535e-01
3.519618838222319246e-01
3.499526849227510006e-01
3.479971197479154177e-01
3.460835452187837613e-01
3.442235348758088676e-01
3.424144875482167949e-01
3.406548839862266753e-01
3.389481572749230009e-01
3.372687096424656361e-01
3.356239938409285029e-01
3.340097059894410747e-01
3.324310714152529100e-01
3.308879323400518713e-01
3.293750411409796519e-01
3.278984011896290962e-01
3.264420407007563307e-01
3.250044413914802144e-01
3.236023754762958893e-01
3.222296902193669266e-01
3.208840260488226015e-01
3.195582192339151417e-01
3.182671044030807028e-01
3.170147835424145799e-01
3.157825420750779433e-01
3.145746526001388932e-01
3.133934770859714836e-01
3.122436924651905144e-01
3.111096503340973207e-01
3.099920714369984731e-01
3.088941730822922227e-01
3.078190358437368768e-01
3.067568893297146215e-01
3.057178413860442423e-01
3.046943681836780105e-01
3.036870952791828615e-01
3.026904117345959322e-01
3.017101491309002181e-01
3.007470974238686812e-01
2.997944938955194871e-01
2.988508289603344359e-01
2.979164183768138185e-01
2.969943081300522869e-01
2.960868051131803624e-01
2.951951689340573393e-01
2.943217616261755154e-01
2.934630686956881118e-01
2.926146504701979123e-01
2.917827112895617914e-01
2.909638221944346181e-01
2.901548828289450266e-01
2.893622802218503431e-01
2.885838708974210465e-01
2.878159461540307218e-01
2.870590579921041274e-01
2.863191016384705190e-01
2.855905677244372498e-01
2.848748822446535711e-01
2.841672731228993554e-01
2.834675150822646983e-01
2.827780726647357579e-01
2.820957565492212549e-01
2.814201959777782869e-01
2.807518287993359674e-01
2.800939952502405350e-01
2.794470854037730545e-01
2.788070416885407021e-01
2.781735775507993558e-01
2.775445590986848621e-01
2.769215403898069305e-01
2.763077480003258701e-01
2.757029618279625560e-01
2.751069388275473870e-01
2.745178111620222294e-01
2.739351135116007696e-01
2.733590638049983035e-01
2.727897464609786993e-01
2.722240958266292643e-01
2.716620293349818471e-01
2.711128346936759748e-01
2.705714446102053805e-01
2.700343876167024537e-01
2.695022880311608859e-01
2.689738466901294145e-01
2.684514749145147650e-01
2.679361605177237315e-01
2.674317460971203375e-01
2.669316339712687891e-01
2.664356882382922231e-01
2.659462371572212658e-01
2.654621985029826381e-01
2.649837093594194504e-01
2.645091167886228778e-01
2.640444769713179984e-01
2.635863640859391621e-01
2.631385833065975621e-01
2.626939762722813598e-01
2.622526315202085012e-01
2.618161799201926820e-01
2.613826846668378390e-01
2.609529004517220918e-01
2.605264645494513309e-01
2.601030514742717070e-01
2.596843027074813848e-01
2.592696389289016468e-01
2.588578471000937964e-01
2.584485155988269223e-01
2.580433462367477948e-01
2.576418584746636986e-01
2.572433285948020898e-01
2.568499123938126627e-01
2.564584710966713588e-01
2.560688982913507106e-01
2.556834435265498695e-01
2.553012406425080871e-01
2.549222637365091693e-01
2.545461691211890476e-01
2.541746131617204085e-01
2.538075237271538165e-01
2.534447309220354549e-01
2.530848735337504207e-01
2.527273422510332712e-01
2.523722929436039153e-01
2.520189668139143357e-01
2.516675576524214919e-01
2.513177128212767952e-01
2.509694226221619862e-01
2.506226774205305152e-01
2.502781692182147744e-01
2.499366373581571876e-01
2.495988849512245644e-01
2.492638923602029377e-01
2.489311239540915044e-01
2.486010526464677850e-01
2.482731558941196903e-01
2.479479772021369044e-01
2.476258093087224943e-01
2.473092977972144446e-01
2.469952262124927300e-01
2.466826469882555939e-01
2.463716481896482402e-01
2.460622365469187778e-01
2.457565591526225113e-01
2.454550178222369428e-01
2.451547044524582941e-01
2.448556122184784856e-01
2.445577343313770080e-01
2.442611928378958797e-01
2.439669569951523898e-01
2.436742765440639280e-01
2.433836339773512436e-01
2.430949468718544004e-01
2.428074059299056842e-01
2.425210048142250885e-01
2.422358541727753223e-01
2.419524701220531204e-01
2.416709696295512855e-01
2.413906795231841873e-01
2.411126427000113148e-01
2.408362722641123610e-01
2.405621361910566247e-01
2.402910425385987869e-01
2.400212289736184390e-01
2.397539689205674673e-01
2.394879395023020441e-01
2.392238227785682958e-01
2.389626727176064058e-01
2.387036762394734168e-01
2.384466267553052021e-01
2.381905250954214626e-01
2.379353665053392797e-01
2.376840856981876360e-01
2.374340451338355640e-01
2.371852421406824007e-01
2.369373420159074373e-01
2.366903402686395541e-01
2.364442639280023573e-01
2.361999810030196711e-01
2.359567745940618078e-01
2.357145938198954294e-01
2.354733955692087655e-01
2.352330563687986265e-01
2.349935719703811765e-01
2.347569903561781413e-01
2.345225327183747266e-01
2.342900344236323318e-01
2.340586734543579905e-01
2.338284882142067644e-01
2.335994905265762756e-01
2.333723309162058779e-01
2.331459630544662764e-01
2.329205960894298322e-01
2.326966579849512329e-01
2.324740646574996183e-01
2.322540063950138400e-01
2.320354899102982649e-01
2.318182491749933571e-01
2.316017446872769558e-01
2.313859729076075955e-01
2.311709303138868299e-01
2.309566134014588434e-01
2.307430186831068708e-01
2.305301426890476180e-01
2.303179819669218531e-01
2.301070328460526060e-01
2.298969915005347198e-01
2.296880487443629659e-01
2.294801982681211328e-01
2.292730371778756993e-01
2.290665621756325376e-01
2.288607699806861906e-01
2.286556573295810690e-01
2.284512274790683195e-01
2.282479464131907387e-01
2.280453330759517339e-01
2.278433842895657147e-01
2.276424793707623184e-01
2.274427532022778031e-01
2.272437983132562234e-01
2.270457550794485746e-01
2.268483495823033214e-01
2.266535223341022698e-01
2.264607910627174092e-01
2.262686728471118014e-01
2.260771648720407700e-01
2.258862643363219458e-01
2.256959684528106747e-01
2.255062744483742054e-01
2.253171795638645447e-01
2.251286810540891747e-01
2.249423685285381058e-01
2.247578791562022116e-01
2.245743124870530627e-01
2.243913152357262797e-01
2.242088848291503567e-01
2.240270187070998453e-01
2.238457143221689871e-01
2.236650840271972307e-01
2.234862177159182284e-01
2.233081944872155611e-01
2.231325569576362855e-01
2.229588753443582927e-01
2.227865536291322168e-01
2.226160619821740128e-01
2.224482587435008540e-01
2.222813327224232305e-01
2.221165106579779391e-01
2.219542302676640877e-01
2.217937377770095586e-01
2.216339415290228543e-01
2.214753258062205910e-01
2.213175479913298549e-01
2.211601995346269001e-01
2.210041640271671048e-01
2.208504073562691516e-01
2.206971247915904821e-01
2.205442473449239216e-01
2.203917734823876151e-01
2.202397016758760873e-01
2.200880304030777834e-01
2.199368989627025484e-01
2.197868527674514683e-01
2.196371969066494567e-01
2.194879299248181648e-01
2.193390503720419327e-01
2.191905568039780872e-01
2.190432185650676988e-01
2.188987726289395863e-01
2.187552039481667765e-01
2.186119976268625364e-01
2.184691523496123944e-01
2.183266668059695992e-01
2.181845396904627254e-01
2.180427697026017797e-01
2.179013555468836683e-01
2.177602959327968046e-01
2.176195895748249121e-01
2.174793385244115362e-01
2.173399889805400220e-01
2.172009861422196375e-01
2.170623318976502569e-01
2.169248571570336348e-01
2.167883058239859495e-01
2.166527154495772600e-01
2.165174519318792123e-01
2.163825141324185186e-01
2.162481973280155623e-01
2.161142763046009219e-01
2.159807959514757347e-01
2.158478509853786198e-01
2.157152213890536352e-01
2.155839130469525133e-01
2.154533593978685546e-01
2.153231119437049867e-01
2.151932531950789262e-01
2.150640163892026391e-01
2.149350802187785237e-01
2.148064436846813530e-01
2.146781057913134949e-01
2.145500655466077156e-01
2.144225150114028033e-01
2.142954618371605002e-01
2.141687012059977357e-01
2.140422321575472520e-01
2.139160562072055238e-01
2.137908163356554148e-01
2.136658624715734311e-01
2.135411936873429228e-01
2.134168090584942779e-01
2.132927076637081143e-01
2.131688885848181669e-01
2.130453509068133133e-01
2.129220937178395445e-01
2.127991161092014916e-01
2.126764171753631194e-01
2.125539960139485596e-01
2.124320052008329129e-01
2.123103267670308769e-01
2.121889228388857407e-01
2.120677925302108524e-01
2.119469349579369277e-01
2.118263492421112726e-01
2.117060345058965065e-01
2.115859898755688417e-01
2.114668181520153178e-01
2.113482610556178809e-01
2.112300766949265496e-01
2.111121575758409252e-01
2.109946912822178722e-01
2.108775040341720197e-01
2.107609994777740192e-01
2.106457319038818332e-01
2.105307176849393336e-01
2.104159560235119575e-01
2.103014461249408662e-01
2.101875708113560004e-01
2.100742952440829425e-01
2.099616153182223000e-01
2.098491809551865928e-01
2.097369913871884040e-01
2.096252258311661620e-01
2.095139675193542772e-01
2.094029511043014324e-01
2.092921758260211096e-01
2.091819935360993699e-01
2.090721231940493030e-01
2.089630941908308948e-01
2.088542994652483054e-01
2.087457382785083415e-01
2.086374098946206790e-01
2.085293135803898135e-01
2.084214486054069837e-01
2.083138142420417893e-01
2.082069969199482895e-01
2.081005875982081532e-01
2.079944029054197063e-01
2.078885805813496523e-01
2.077833751873841006e-01
2.076790049472835853e-01
2.075750942326579085e-01
2.074713984548368084e-01
2.073679169606288397e-01
2.072646490992672563e-01
2.071615942224022677e-01
2.070590187298484985e-01
2.069571588438834098e-01
2.068560765951671376e-01
2.067552440946311132e-01
2.066546158414355461e-01
2.065541912258898605e-01
2.064539696405349734e-01
2.063550689081880551e-01
2.062563863419560883e-01
2.061579006708095796e-01
2.060596113169418930e-01
2.059618349720437336e-01
2.058644872883035049e-01
2.057673311987562037e-01
2.056703661515034420e-01
2.055735915965905269e-01
2.054771620837873847e-01
2.053809986840751389e-01
2.052854792910628612e-01
2.051906076070562912e-01
2.050964931581922557e-01
2.050027025603447239e-01
2.049091366286979465e-01
2.048157478697888167e-01
2.047225358021070030e-01
2.046294999456387542e-01
2.045366398218644022e-01
2.044439549537555023e-01
2.043514448657717530e-01
2.042591090838581092e-01
2.041669471354420617e-01
2.040751674674745608e-01
2.039841947642938857e-01
2.038937169445887709e-01
2.038034081103261286e-01
2.037133852332130290e-01
2.036237701916135401e-01
2.035344352658209344e-01
2.034465017595949443e-01
2.033592140254566194e-01
2.032720837959558491e-01
2.031851106613283553e-01
2.030982942130410973e-01
2.030116340437898570e-01
2.029251297474966853e-01
2.028390566100778114e-01
2.027535308322243879e-01
2.026681578748874279e-01
2.025829373460499017e-01
2.024978688548342842e-01
2.024129520115004466e-01
2.023281864274439901e-01
2.022439259846363357e-01
2.021598382623101819e-01
2.020758998815863627e-01
2.019921104568407622e-01
2.019084696036264615e-01
2.018249769386711301e-01
2.017416320798738061e-01
2.016584346463018984e-01
2.015753842581881894e-01
2.014924805369276706e-01
2.014101249247100822e-01
2.013281421112436964e-01
2.012464907672900649e-01
2.011649842673156885e-01
2.010836222300761977e-01
2.010024042755742535e-01
2.009213300250556611e-01
2.008406048250714615e-01
2.007603829143216612e-01
2.006803016624610358e-01
2.006003606992119992e-01
2.005207949785243471e-01
2.004418866246907016e-01
2.003631154699460903e-01
2.002844811550448245e-01
2.002059833219592966e-01
2.001277648020907962e-01
2.000496937571840106e-01
1.999717578240214066e-01
1.998939566517513589e-01
1.998162898906899465e-01
1.997392096029481645e-01
1.996623035607089924e-01
1.995855305592241224e-01
1.995088902494732142e-01
1.994323822836261140e-01
1.993560063150387196e-01
1.992797619982475954e-01
1.992036489889657258e-01
1.991276669440774638e-01
1.990518155216340623e-01
1.989760943808486504e-01
1.989005031820919589e-01
1.988250415868875187e-01
1.987497092579066094e-01
1.986746028850856494e-01
1.985999283973153284e-01
1.985258541366060059e-01
1.984523648631545678e-01
1.983790210366540852e-01
1.983059588021651998e-01
1.982330193439958421e-01
1.981602023523192091e-01
1.980876321150231434e-01
1.980154365811840900e-01
1.979436358955897479e-01
1.978719568189360734e-01
1.978007308238233786e-01
1.977298085040145870e-01
1.976590767581533070e-01
1.975886011316755064e-01
1.975182408824657510e-01
1.974479957274752895e-01
1.973778653845271180e-01
1.973078495723132320e-01
1.972380480678236625e-01
1.971686813140283989e-01
1.970995169956718807e-01
1.970309282087047142e-01
1.969624497949233610e-01
1.968940814894335201e-01
1.968258230281294818e-01
1.967576741476918800e-01
1.966896345855849437e-01
1.966217040800539717e-01
1.965540186219936758e-01
1.964866392337061840e-01
1.964193668861910214e-01
1.963522013241642272e-01
1.962851422931055356e-01
1.962186437775323422e-01
1.961523329416396677e-01
1.960862038589319400e-01
1.960204309604946793e-01
1.959547605979783391e-01
1.958891925327405636e-01
1.958237265268282234e-01
1.957583623429746955e-01
1.956930997445985032e-01
1.956279384958003187e-01
1.955628783613615196e-01
1.954979191067417188e-01
1.954331720639707337e-01
1.953689542129164736e-01
1.953050929802642166e-01
1.952414208428507880e-01
1.951779463770602907e-01
1.951145678908268455e-01
1.950512851695641037e-01
1.949880979992677787e-01
1.949250061665140643e-01
1.948620094584577467e-01
1.947991076628309282e-01
1.947363005679412506e-01
1.946738541866269989e-01
1.946116552194414318e-01
1.945495499216632618e-01
1.944878297867292660e-01
1.944266005056381197e-01
1.943655947784145854e-01
1.943048943205824830e-01
1.942444076667153852e-01
1.941840103978139109e-01
1.941237023161254960e-01
1.940634832244282348e-01
1.940033529260290213e-01
1.939433112247628543e-01
1.938834202617335523e-01
1.938236464647216384e-01
1.937639601649264187e-01
1.937043611712447599e-01
1.936448492930754606e-01
1.935856641907101883e-01
1.935269674655149541e-01
1.934683550246761585e-01
1.934098266882458284e-01
1.933513822767297663e-01
1.932930216110863575e-01
1.932347445127253205e-01
1.931765508035075407e-01
