1.231595571792017951e+00
7.916747752423156648e-01
7.357801896966211785e-01
7.088247498540313218e-01
6.795682815465621252e-01
7.036341304419934106e-01
6.761410348324934372e-01
6.540177169478594843e-01
6.577507142952434549e-01
6.706430042053423968e-01
6.101173563433019975e-01
6.412377983665615844e-01
6.314994571846278548e-01
6.117467984250015700e-01
5.843643353460613588e-01
5.923615003613088570e-01
5.828682913382668973e-01
5.870949434767027686e-01
5.536459100024305746e-01
5.728781612201767626e-01
5.413517769915552336e-01
5.629042608097140077e-01
5.386581461098827184e-01
5.367988686837427137e-01
5.372792458398807369e-01
5.270932053446689691e-01
5.237606370149993085e-01
5.230405126615227385e-01
5.434650621906250700e-01
4.993704396315791216e-01
5.435690273205778800e-01
5.016676482803789083e-01
5.227436115514197956e-01
4.957483144987550605e-01
5.149612111917609703e-01
4.764559347219106122e-01
4.611427881012016838e-01
4.735836176018839438e-01
4.743831501859585020e-01
4.561657872491137189e-01
4.804457224137368976e-01
4.394697753923075823e-01
4.502547494993316413e-01
4.451794226217259953e-01
4.533531597424906856e-01
4.535787324048213276e-01
4.323687845022847198e-01
4.531078463956467184e-01
4.403310172734519190e-01
4.297425771322133659e-01
4.339082023165640178e-01
4.305549110828404413e-01
4.323681583284244012e-01
3.911459763284151347e-01
4.265818892631111359e-01
4.042763286747907414e-01
4.367513499117014475e-01
4.356161429126325091e-01
4.291148643754101877e-01
4.270278460818136002e-01
4.128670624581861626e-01
4.067421989518977266e-01
4.152972580453104801e-01
4.172099517787576373e-01
3.931410549106629793e-01
3.986184715159470926e-01
3.983521490992712466e-01
3.954800006588471972e-01
4.013922320851443515e-01
3.875805494193920731e-01
3.689960088202538513e-01
4.061546273929030892e-01
3.907772500781227509e-01
3.868295004204078680e-01
3.693466957900226610e-01
3.882974851827487028e-01
3.971113921298673466e-01
3.765447881238186412e-01
4.056141083425249816e-01
3.981623640716840939e-01
3.742297786975655183e-01
3.748433408279516210e-01
3.695590717778452494e-01
3.790520565671067210e-01
3.761485689737247284e-01
3.703746797788329270e-01
3.715159095904350117e-01
3.681377831803849254e-01
3.831842510656310874e-01
3.641896559218547602e-01
3.796861710170152948e-01
3.734541742988044533e-01
3.861635140083392592e-01
3.786400372216826016e-01
3.455829137927751704e-01
3.649985585648003461e-01
3.690299579102825911e-01
3.611088967462303123e-01
3.465029586136855189e-01
3.406857439161097290e-01
3.540956521887760333e-01
3.637507513058049202e-01
3.483066433174727416e-01
3.477343777609483988e-01
3.537305459642999250e-01
3.628060409706445055e-01
3.369983048222610633e-01
3.531642213166117372e-01
3.447919340692487400e-01
3.576125673640270231e-01
3.386178396747854813e-01
3.405248644873763442e-01
3.462031670639925673e-01
3.626672453238156124e-01
3.349817523150795950e-01
3.542265111770033781e-01
3.462208951469248897e-01
3.446723614457624651e-01
3.655992251643241930e-01
3.396778973953576419e-01
3.330493346969700674e-01
3.314094929714546112e-01
3.347026045154493645e-01
3.373927029872629269e-01
3.453065782886854396e-01
3.265158097216598332e-01
3.399541174649901576e-01
3.514384304921564506e-01
3.594457784852856386e-01
3.274018794890635742e-01
3.550828710291141777e-01
3.451101018800024622e-01
3.394798304377492637e-01
3.450027302644970151e-01
3.284455405116600835e-01
3.418062889961796524e-01
3.488952129517505774e-01
3.493361688722400049e-01
3.283571338872511292e-01
3.446042102518444561e-01
3.351787553492384664e-01
3.309956037759973491e-01
3.351225052678001859e-01
3.269126252639157904e-01
3.437718111342298322e-01
3.218453124039734603e-01
3.330202126652599959e-01
3.376023973997799299e-01
3.408115918696563162e-01
3.363623352185353688e-01
3.736980579199593588e-01
3.440344913796337112e-01
3.255064639399014581e-01
3.304942162403137207e-01
3.484434232974392698e-01
3.356914937821759426e-01
3.300720792470085985e-01
3.240564420061050055e-01
3.307335383618132396e-01
3.413792323767043113e-01
3.284057109923430584e-01
3.224062629158971904e-01
3.298157206389417118e-01
3.286590831517560707e-01
3.240544688649416027e-01
3.415525732276004089e-01
3.375297386742483474e-01
3.214581843318530807e-01
3.186688621267944610e-01
3.271496452970780178e-01
3.398241109449424702e-01
3.281937439919678234e-01
3.319661773443310371e-01
3.279598207378530139e-01
3.213802754543125251e-01
3.180981585373334752e-01
3.259788864244660411e-01
3.213041421020262356e-01
3.256435967073235127e-01
3.284882375877245519e-01
3.185382204592183131e-01
3.304091517457390381e-01
3.212435737669654956e-01
3.247002559307035630e-01
3.378698858781911674e-01
3.291190707323494169e-01
3.325899252168947884e-01
3.390101962985441753e-01
3.353832573168863407e-01
3.327575026931792190e-01
3.319025552644221388e-01
3.311190900390811875e-01
3.317584273018146512e-01
3.231571565774223886e-01
3.184937417600246512e-01
3.412826254810639726e-01
3.334498783912928643e-01
3.151755002478847101e-01
3.326596286729477936e-01
3.240883559151594984e-01
3.240446059615006424e-01
3.339211847861798810e-01
3.488555300839877860e-01
3.215983871002189853e-01
3.315810561941562873e-01
3.105015493695856832e-01
3.136116758203114085e-01
3.157669582703641065e-01
3.092553828644266645e-01
3.319446507347950659e-01
3.264189146894292404e-01
3.369967355826127275e-01
3.187072536236856268e-01
3.406750482829616899e-01
3.246096995071225400e-01
3.361304739623459104e-01
3.367934189257507649e-01
3.243974284854097001e-01
3.207404810496621850e-01
3.082231652166994573e-01
3.193578707858248378e-01
3.381670493453072801e-01
3.377790629421086877e-01
3.283330965640773313e-01
3.352186091719589478e-01
3.205625314709839579e-01
3.283572972330404127e-01
3.232126091465971629e-01
3.483391404308054384e-01
3.180679501003555454e-01
3.218532393912874601e-01
3.086238378310611208e-01
3.389939718454019202e-01
3.253124419829682701e-01
3.396634115070658599e-01
3.386181516613999132e-01
3.393587806717123234e-01
3.140964456028262353e-01
3.386750686220417750e-01
3.369213758275588222e-01
3.212469998615615774e-01
3.231244119165356254e-01
3.129317863983103187e-01
3.226822557305244477e-01
3.165032712079886568e-01
3.325413240327386721e-01
3.243468291223473021e-01
3.270863910901564697e-01
3.071147467871818137e-01
3.079755659174265858e-01
3.028423786461083012e-01
3.255265893554569190e-01
3.340659183852436875e-01
3.171374501613741237e-01
3.282548461596838663e-01
3.296650178728133262e-01
3.267906238476491754e-01
3.284007218786832993e-01
3.318864770391645735e-01
3.226281492351315006e-01
3.204060830030963092e-01
3.165159502907848310e-01
3.110298335075053489e-01
3.269612427395322540e-01
3.227971404097588204e-01
3.428574049885925179e-01
3.146542804610820698e-01
3.239185193763461923e-01
3.280898373089156661e-01
3.202227856207118806e-01
3.274720712508767395e-01
3.081590064527962025e-01
3.380920228099905112e-01
3.207362873171441531e-01
3.115255136283651693e-01
3.192956746308464600e-01
3.215480779000423062e-01
3.232901882287787521e-01
3.072576568359450255e-01
3.055364239255207170e-01
3.224357215045846048e-01
3.199644937484201201e-01
3.044604175270450575e-01
3.274015357796406511e-01
3.276536360758600663e-01
3.321787240700360133e-01
3.128301633877847987e-01
3.214618681257168098e-01
3.387238938300525803e-01
3.343566243399329618e-01
3.201391139502821059e-01
3.037638945914172273e-01
3.296987740881891504e-01
3.266554724671207888e-01
3.252461334650022518e-01
3.124290717065824063e-01
3.287160391019121608e-01
2.923983408414974061e-01
3.315097589399019773e-01
3.257159863778494868e-01
3.319534157741150238e-01
3.193701716485873865e-01
3.232683148576855903e-01
3.228190007509113557e-01
3.183739576120709902e-01
3.349226815630592102e-01
3.308644965089703183e-01
3.410995489816442405e-01
3.350342108403945307e-01
3.208713150499337696e-01
3.240196714602466832e-01
3.479956808864759221e-01
3.182634298817641483e-01
3.296185399057607324e-01
3.045780909009477844e-01
3.183932642486793085e-01
3.323476036396360023e-01
3.358665650007460202e-01
3.102749036212468781e-01
3.298145435959576877e-01
3.105348554884921342e-01
3.044341233568128025e-01
3.151887010405419187e-01
3.098243156722246261e-01
3.128512831961533514e-01
3.064896969662404547e-01
3.196422758431353150e-01
3.038852780616685956e-01
3.180817875645007842e-01
3.295191842833382623e-01
3.114267190524624418e-01
3.171136654300222846e-01
3.239357761858541185e-01
3.090295081342713801e-01
3.300249703391742173e-01
3.221509189016467656e-01
3.052333546157072752e-01
3.332108618313149306e-01
3.197999202975415067e-01
3.189101469085398599e-01
3.335846975725319519e-01
3.157131666122058866e-01
3.234578429287406354e-01
3.409000998379485003e-01
3.224917947263022389e-01
3.294818247772129394e-01
3.216520334301059547e-01
3.114279362134016460e-01
3.088268386339092508e-01
3.150708179081180837e-01
3.071185363359208997e-01
3.078971912840757774e-01
3.341799235706968685e-01
3.304650298991327340e-01
3.168130077493619412e-01
3.360046293536506634e-01
3.366546630183031574e-01
3.339808032383458358e-01
3.531295056727317139e-01
3.147155454081164150e-01
3.087255464306210007e-01
3.203579074724314801e-01
3.270248955351965914e-01
3.240011926823824773e-01
3.112230759633142219e-01
3.400002720859847116e-01
3.171488629640754064e-01
3.319094846387073972e-01
3.464791572535950714e-01
3.321605547926241297e-01
3.395304770231886704e-01
3.500128491689004639e-01
3.152366844943125246e-01
3.242149125976810931e-01
3.297679535293666087e-01
3.290878649345540530e-01
3.272406594925513224e-01
3.078152529915674784e-01
3.079794986923261035e-01
3.316462169155779405e-01
3.272991935628132287e-01
3.282665449836384974e-01
3.131278234772114644e-01
3.228076880161814821e-01
3.243245170305658620e-01
3.312607226381151238e-01
3.477881575600264563e-01
3.247621023651527938e-01
3.315815187361562111e-01
3.192210084700649597e-01
3.150242190367377737e-01
3.364844721220343060e-01
3.251385604130023199e-01
3.016797080329080560e-01
3.139872788510728041e-01
3.244109578292841412e-01
3.418687160564076177e-01
3.042861583166222017e-01
3.195317413826703756e-01
3.071816080322389841e-01
3.268550877400989152e-01
3.133923519924792234e-01
3.142846678279460626e-01
3.143469323056468090e-01
3.217467239604799856e-01
3.363812533495423307e-01
3.108047647089687837e-01
3.220470836855994223e-01
3.406410271074771234e-01
3.149956843841625331e-01
3.186586836282931379e-01
3.296191684143185974e-01
3.312942833472121706e-01
3.254866184756711189e-01
3.202021840219630433e-01
3.240499661853436519e-01
3.105585856803969036e-01
3.233821443194571099e-01
3.228011390566045691e-01
3.148200515472290295e-01
3.290385079407074365e-01
3.246811641179009889e-01
3.118660265779849006e-01
3.162610227780580652e-01
3.229533751178457757e-01
3.197780388986398714e-01
3.116126531898001373e-01
2.995407357416152161e-01
3.263391273541799698e-01
3.305179743347281263e-01
3.170388997540993237e-01
3.145917018576839252e-01
3.097151190009432842e-01
3.368323786851784574e-01
3.289721777114353873e-01
3.066373201223729361e-01
3.192944570837881191e-01
3.311400803886712652e-01
3.275696917771195871e-01
3.158876774880582938e-01
3.253162983642800543e-01
3.126349280482691451e-01
3.154776661758319500e-01
3.172863622889076640e-01
3.164092096115213582e-01
3.187461028663832185e-01
3.266926433146721820e-01
3.075952861540334760e-01
3.040686100518058543e-01
3.142411217599648254e-01
3.132146454832074878e-01
3.275812460873480103e-01
3.115127491336834309e-01
3.325759471673810919e-01
3.280831649756090207e-01
3.112545973264123078e-01
3.148173091481203389e-01
3.006387444375809848e-01
3.116198316643616906e-01
3.077305347214852049e-01
3.058600704809997795e-01
3.272272888443478744e-01
3.141823768522267191e-01
3.104693029236346713e-01
3.085313124798034767e-01
3.207628998672334975e-01
3.102109500611039961e-01
3.205596471714402540e-01
3.290714777909042321e-01
3.227574640120772220e-01
3.170603766265802648e-01
3.248811237918396433e-01
3.092423412294433294e-01
3.195380678671247976e-01
3.231700472291998416e-01
3.431995565691491334e-01
3.186166351081003434e-01
3.080915210024586792e-01
3.216528771987682833e-01
3.251492501450066186e-01
3.431762470613426985e-01
3.284306221551622773e-01
2.977588256286107793e-01
3.132772107190278099e-01
3.109877047485095081e-01
3.295722851000806308e-01
3.110406447445025480e-01
3.303325033437340963e-01
3.165565225806117322e-01
3.133366539071693602e-01
3.330718108295360191e-01
3.257143357535168260e-01
3.400447497466120850e-01
3.168781696005428250e-01
3.277974121833624466e-01
3.275939964393371762e-01
3.241679250973873438e-01
3.355854870437465776e-01
3.293548538129841274e-01
3.042079996189120394e-01
3.203397842303474796e-01
3.215313743623534615e-01
3.170478518753065966e-01
3.354097911066111770e-01
3.089784150078375147e-01
3.215945496212483379e-01
3.063690353732066995e-01
3.124256775649315032e-01
3.303055634340185120e-01
3.279125414521261717e-01
3.186705286232496825e-01
3.127076989986163902e-01
3.324367226455151592e-01
3.151868280349468532e-01
3.130865814057987029e-01
3.097554571914880039e-01
3.301414845212877203e-01
3.098028729736588827e-01
3.198728324536603829e-01
3.196159928878519740e-01
3.258450033058765682e-01
3.190071138401709416e-01
3.136169785058927628e-01
3.214613951276331649e-01
3.071523136585478930e-01
3.181030346958738098e-01
3.211619799097707451e-01
3.337420725036646107e-01
3.216583499657628131e-01
3.163775135570979224e-01
3.206008713595102089e-01
3.268105648267999319e-01
3.356922815017952533e-01
3.046544754816820633e-01
3.480283350009083509e-01
3.365041815912343526e-01
3.141630645367899932e-01
3.207200007744595571e-01
3.148500477435925426e-01
3.087004985859221340e-01
3.312434758841691362e-01
3.142549342003274626e-01
3.269099755011188324e-01
3.230064359381736860e-01
3.095258249533001660e-01
3.248178377004604656e-01
3.237815392626519073e-01
3.292462453875040773e-01
3.060881973975695947e-01
3.252798198237074057e-01
3.305935782930879419e-01
3.099798317013813254e-01
3.115328999429751167e-01
3.105732421882500538e-01
3.123386845270744172e-01
3.144825152595808193e-01
2.973439522533138923e-01
3.233680532801459506e-01
3.368211523965360943e-01
3.249544719838309281e-01
3.402930844834283208e-01
3.202324413134428061e-01
2.941086930821215639e-01
3.307140733803105581e-01
3.353292519340418942e-01
3.264671698485704376e-01
3.251963396901545456e-01
3.016366430051437009e-01
3.299403514232173706e-01
3.124003575786505893e-01
3.281257820624146615e-01
3.314463901595280371e-01
3.087647797187771381e-01
3.115739671506984054e-01
2.965048205621023669e-01
3.227030460680737067e-01
3.371523441623190398e-01
3.355000163336053776e-01
3.155810522015132791e-01
3.109926684487876458e-01
3.250402439538124244e-01
3.268770365574094616e-01
3.256133389242228948e-01
3.291528525803573135e-01
3.299630022199482315e-01
3.062080533518080072e-01
3.315006432697427674e-01
3.104137360977598514e-01
3.258335146744801292e-01
3.192182396067324013e-01
3.199320425151306879e-01
3.096209852341793023e-01
3.029293272933774039e-01
3.222112848111224892e-01
3.321357853367830626e-01
3.244067726392838025e-01
3.152181145541411156e-01
3.262662287491474578e-01
3.120276880923616991e-01
3.334344314217441707e-01
