4.538721085414150758e-01
3.953992085389881339e-01
3.900611396321959079e-01
3.680997336961092103e-01
3.581502535718237290e-01
3.605632303730867405e-01
3.773792138688077391e-01
3.540004788384163992e-01
3.640018976622070856e-01
3.543727272506737025e-01
3.742182543217554835e-01
3.711738275872146220e-01
3.555648560997158314e-01
3.677657938146611238e-01
3.545976582280215839e-01
3.736320930732010548e-01
3.695507487086804321e-01
3.506418372374196513e-01
3.415791656256239039e-01
3.664605566852734420e-01
3.494796815947075475e-01
3.457725824661931346e-01
3.466727023063065349e-01
3.434218819608190754e-01
3.581025823025139054e-01
3.533475020428479829e-01
3.748523141824794958e-01
3.496497510618467586e-01
3.479342039382888330e-01
3.668378693866246043e-01
3.550987984168378353e-01
3.532780194376222149e-01
3.464670758772648851e-01
3.435212414348013943e-01
3.281613943407024614e-01
3.648954761580920358e-01
3.424278505164431996e-01
3.568290774437075652e-01
3.456651282967065919e-01
3.498832708768476740e-01
3.500388508335110505e-01
3.568147213972303056e-01
3.553585015156124349e-01
3.469140305909946820e-01
3.534958610140945257e-01
3.416784274054131543e-01
3.452193056190634435e-01
3.468165876710989637e-01
3.540456463874845916e-01
3.457239511947812760e-01
3.438278353020328693e-01
3.583419665009380251e-01
3.452552703395689870e-01
3.252029698993138540e-01
3.527170179492487012e-01
3.416278582789435969e-01
3.555804966716746285e-01
3.611232306381852442e-01
3.289234129350252500e-01
3.522114088489060046e-01
3.369739818800282505e-01
3.336524025012573835e-01
3.219064380157323213e-01
3.328816551832760595e-01
3.584788420690996347e-01
3.499735314628958927e-01
3.533003371070658760e-01
3.499829105455021794e-01
3.453353205487997846e-01
3.404345485777014457e-01
3.442526585545597206e-01
3.565347494242110948e-01
3.299027450523223659e-01
3.486465718023163407e-01
3.365428416780765208e-01
3.443969381413549136e-01
3.456101685762833498e-01
3.441156929068631132e-01
3.426605959299036663e-01
3.614964001182925379e-01
3.446915449875954662e-01
3.498142921507642056e-01
3.411254409640911978e-01
3.383506534623680340e-01
3.340320979055586004e-01
3.333313031752935807e-01
3.483367581908460853e-01
3.508879372496059301e-01
3.645774677628078608e-01
3.476591012966757099e-01
3.385010151666400513e-01
3.325621227066554719e-01
3.434871824837888998e-01
3.454291617809081005e-01
3.471930790712715598e-01
3.427506341820087399e-01
3.367487874517670066e-01
3.336510607080772628e-01
3.426320730214161281e-01
3.503962508962730205e-01
3.414942930850209946e-01
3.387570071195887267e-01
3.537719414720161271e-01
3.241374148058588922e-01
3.246928306554610622e-01
3.267655337702369822e-01
3.208198078088748129e-01
3.434888438581694126e-01
3.504518440100955479e-01
3.606916849493059241e-01
3.563541528038229877e-01
3.484341383241270629e-01
3.371099510148693468e-01
3.453583111490808322e-01
3.591056889605062641e-01
3.492979405423572437e-01
3.341188658272475354e-01
3.523926375832880931e-01
3.570855906731769669e-01
3.500387059805896151e-01
3.521247994079113042e-01
3.389796036345484875e-01
3.517381941330225414e-01
3.511965942015444764e-01
3.503612835239326984e-01
3.433170584955376747e-01
3.552103255263688864e-01
3.404007014228003225e-01
3.310935452796395784e-01
3.292701602801927363e-01
3.460795966587499328e-01
3.503496655624596112e-01
3.338287535747587187e-01
3.417419032116786326e-01
3.520125582923570029e-01
3.345655919128491251e-01
3.576413220118711545e-01
3.441456681831908115e-01
3.404578028901471543e-01
3.446248454361188207e-01
3.460053365175081441e-01
3.473230216872175147e-01
3.550076238610488932e-01
3.477886752119849767e-01
3.432583700708642382e-01
3.257742816376152928e-01
3.454901086642794827e-01
3.651426621541375428e-01
3.468475573318520189e-01
3.372569077312086439e-01
3.517060932888266267e-01
3.455547524527833869e-01
3.516694661623426810e-01
3.388669559086381344e-01
3.469729806610494238e-01
3.462356421592037714e-01
3.532104219046468541e-01
3.355823803669391592e-01
3.461112639323926654e-01
3.443323644844210052e-01
3.529483640569876512e-01
3.388120770851469898e-01
3.360724586250872781e-01
3.381124517903902338e-01
3.262784285673280826e-01
3.379153882779937224e-01
3.522105488272713747e-01
3.573656853024088087e-01
3.494421490974227718e-01
3.451899904827075427e-01
3.298690250938267621e-01
3.304419438406543952e-01
3.436073193416828708e-01
3.405651470193797881e-01
3.414829820350407941e-01
3.343037218706825242e-01
3.351142687559360289e-01
3.427807482593708266e-01
3.519858867214031850e-01
3.569514758122529496e-01
3.435498309906204750e-01
3.373927522347253682e-01
3.439932704081430925e-01
3.227838893684534805e-01
3.490916853734256642e-01
3.226352944552627333e-01
3.423081831315193946e-01
3.609717592545680920e-01
3.395019793521214524e-01
3.350328014022377343e-01
3.480992111863040472e-01
3.352527275388831329e-01
3.457459758327366961e-01
3.492903585198872118e-01
3.498730633226728171e-01
3.315428397151056195e-01
3.500863069683327611e-01
3.334938726629668726e-01
3.396001349193308316e-01
3.540172818619180539e-01
3.297589141656437906e-01
3.458664077745574605e-01
3.490484036778986887e-01
3.447463510321300273e-01
3.414751329034890204e-01
3.539531438903928962e-01
3.367734528155699181e-01
3.377107957464600685e-01
3.481186759371418526e-01
3.441631660479451682e-01
3.456005466414897032e-01
3.378145581319206281e-01
3.501174058192912941e-01
3.461157552793927561e-01
3.555154165051496729e-01
3.345878658934783867e-01
3.233483669430598506e-01
3.371522172427192099e-01
3.562137926239897223e-01
3.438452262765712697e-01
3.396999442135373859e-01
3.660848389932375158e-01
3.275397143381519882e-01
3.365845717127919356e-01
3.302082668972892154e-01
3.588305232027891312e-01
3.543717699112915454e-01
3.435396138673813549e-01
3.463213146438407497e-01
3.283119092389666926e-01
3.546046924763832098e-01
3.533332343397737052e-01
3.407271203497880263e-01
3.271444541518720994e-01
3.527180505860714188e-01
3.284864199010358310e-01
3.650955131561729461e-01
3.357584834509819705e-01
3.526857853591573444e-01
3.390218115970035084e-01
3.545826658771983886e-01
3.416402965027478533e-01
3.467244453659451553e-01
3.555164656639063225e-01
3.326209369676051408e-01
3.444893565621215958e-01
3.550852357215799615e-01
3.284989183141309721e-01
3.466198728836968890e-01
3.337939687406712985e-01
3.355800127225325724e-01
3.563987103754179264e-01
3.457335313044462843e-01
3.430256493503152648e-01
3.330227335288499235e-01
3.424906243724690769e-01
3.503460164515508901e-01
3.343360799172529485e-01
3.459520375810392623e-01
3.343552872388795838e-01
3.395239594813359019e-01
3.628080963295726158e-01
3.348944512933247353e-01
3.435800431708231351e-01
3.402839954650529464e-01
3.605693376113002779e-01
3.395006033064107420e-01
3.245561523956699834e-01
3.383386431981026399e-01
3.339434145191457204e-01
3.279753845183056571e-01
3.337228105352438301e-01
3.329021368098056266e-01
3.356623609396182095e-01
3.575977276475896249e-01
3.544287757985566945e-01
3.285223102912387949e-01
3.397047927255614219e-01
3.343053119974535581e-01
3.551296893230102558e-01
3.333573347268042886e-01
3.475177048448734873e-01
3.332094726844965771e-01
3.442629689381912494e-01
3.662367566073202463e-01
3.566329767922645222e-01
3.443588102671063522e-01
3.537353050707052193e-01
3.363540125581480633e-01
3.403749875166277583e-01
3.375123581494640645e-01
3.393258897464909718e-01
3.423229854222523127e-01
3.372055970922815948e-01
3.315134528010736936e-01
3.386143851768882440e-01
3.313617974750752149e-01
3.382061092604367603e-01
3.386110535425453927e-01
3.205143041498040857e-01
3.351266956644914363e-01
3.422441410566394171e-01
3.530675477184463396e-01
3.389104035301497841e-01
3.453734589841402913e-01
3.264203036504862987e-01
3.522760769050884422e-01
3.545702563060754708e-01
3.625217963536197519e-01
3.276928054781095834e-01
3.437673109808913052e-01
3.604277656924245732e-01
3.377903713472862890e-01
3.393086430598400982e-01
3.483004750267937322e-01
3.551543300723853380e-01
3.467537272977461726e-01
3.386549791217998706e-01
3.398832731736105006e-01
3.589942872188712220e-01
3.526132700058235980e-01
3.447340924625573177e-01
3.423626937852607410e-01
3.420242046056851670e-01
3.287381732271562607e-01
3.316663510244950985e-01
3.319102399666501446e-01
3.440886043785815196e-01
3.443936061037290441e-01
3.581127826165642070e-01
3.674077784703512206e-01
3.378515688300836595e-01
3.383069263473937327e-01
3.389856206298773045e-01
3.402871200192736367e-01
3.405856450257579437e-01
3.532285159916595529e-01
3.470167965811256638e-01
3.449001297038663538e-01
3.369253825344789566e-01
3.491318169467018673e-01
3.452481552654291797e-01
3.228675651865476337e-01
3.338534502375569701e-01
3.404644503487316287e-01
3.478863030876201967e-01
3.518206163576851897e-01
3.417864897969343785e-01
3.511805690843521899e-01
3.462606886219680713e-01
3.409255370813963348e-01
3.298045457517438384e-01
3.476481451016990021e-01
3.429799585720508803e-01
3.358192203595921077e-01
3.368051930318571863e-01
3.491526540601945228e-01
3.549008611904075905e-01
3.471957274424606332e-01
3.392432218240421515e-01
3.287401505566411863e-01
3.497846839538516495e-01
3.353584943008635078e-01
3.419542464143499050e-01
3.406678739961029323e-01
3.464785258745821661e-01
3.332055121211175419e-01
3.388619392557630228e-01
3.349887306409080057e-01
3.568171540904683248e-01
3.502898880769509948e-01
3.467956504263243200e-01
3.477624881346793595e-01
3.427081537995856908e-01
3.259051707832041345e-01
3.575180803751232261e-01
3.264051883857399527e-01
3.288727154848582468e-01
3.384719785096068634e-01
3.418633780605215278e-01
3.417697650371016582e-01
3.440782868053656740e-01
3.303502115245467441e-01
3.355410762737690011e-01
3.290020336196145534e-01
3.265506485115938218e-01
3.436293337515919921e-01
3.490033559176876632e-01
3.299210196835952735e-01
3.361346381342980583e-01
3.337652776325236159e-01
3.498326385266564698e-01
3.481523893056701624e-01
3.285652098614918470e-01
3.528097387301029064e-01
3.418595210570421483e-01
3.371532687349740320e-01
3.616936446229148672e-01
3.583281130825499150e-01
3.551373413023249381e-01
3.545123188031809036e-01
3.436239331913868433e-01
3.324630513833850554e-01
3.370526805260954384e-01
3.480228656369204754e-01
3.454777218464632482e-01
3.360815826939950735e-01
3.361653414340026180e-01
3.419584991471619206e-01
3.528947799322253998e-01
3.495107055356404535e-01
3.497388235140442281e-01
3.338063620706581691e-01
3.499637525748966471e-01
3.293136828969030483e-01
3.301062213895681885e-01
3.452776237588132680e-01
3.441227365520830861e-01
3.408823420363347179e-01
3.442838937793769594e-01
3.302836248837249800e-01
3.364073310860494770e-01
3.414652457883018966e-01
3.357134408228157896e-01
3.276789134013230465e-01
3.290307363100067883e-01
3.315074541443170930e-01
3.311978073473534345e-01
3.398188418343792705e-01
3.440446937439746167e-01
3.281807568270458386e-01
3.409288930691391495e-01
3.411164276422324892e-01
3.387815715771962388e-01
3.427234703923006109e-01
3.524697421848546619e-01
3.431145089620958322e-01
3.457187562244752876e-01
3.398155272964497597e-01
3.351526316288790941e-01
3.558220207449260264e-01
3.455730512631619566e-01
3.431680708578966343e-01
3.333873086409431807e-01
3.262536048464437788e-01
3.302079388466483967e-01
3.437055663072923761e-01
3.388414945105419074e-01
3.356129421596706908e-01
3.357687788493501913e-01
3.491576618223099504e-01
3.537336566979588648e-01
3.516190760274381377e-01
3.388743457265975256e-01
3.459079002929995594e-01
3.514232900657761616e-01
3.337154108372574757e-01
3.339253253046033931e-01
3.368668412315888316e-01
3.328945486423398048e-01
3.470034478759562169e-01
3.392732568372676116e-01
3.259310385229519658e-01
3.476787175928178764e-01
3.414101346604158094e-01
3.422925438051919178e-01
3.382696659403577333e-01
3.378888427364297176e-01
3.459317963018500031e-01
3.520742695884572782e-01
3.519615192452523744e-01
3.325713809028628676e-01
3.284256488268992857e-01
3.244086429836206542e-01
3.232622144143837972e-01
3.554755847296215965e-01
3.385152366203912910e-01
3.306766587328501816e-01
3.305028589217673396e-01
3.383983100958992685e-01
3.365458847398183351e-01
3.604815060856069731e-01
3.324902846309876203e-01
3.487320008875239297e-01
3.607845459003326538e-01
3.326190429456583608e-01
3.271015705093335835e-01
3.486522066043529766e-01
3.431750874254311245e-01
3.534617548794800057e-01
3.596920311640794954e-01
3.298466645236839412e-01
3.521801688588294121e-01
3.538127410809137063e-01
3.421022478652915866e-01
3.534068982661678349e-01
3.635029237316294570e-01
3.391054793318037386e-01
3.469050081119358642e-01
3.448395671193778544e-01
3.352145616964425923e-01
3.487162595944867660e-01
3.386608026735876131e-01
3.390773742417459991e-01
3.382978868233585401e-01
3.471880078717812235e-01
3.413679158855748019e-01
3.466862347704632308e-01
3.356548360478602833e-01
3.288632950716720016e-01
3.444968774832266045e-01
3.464383669183039305e-01
3.385569989103593969e-01
3.528557453216868978e-01
3.534020974019057570e-01
3.266975232621158187e-01
3.378774197409728508e-01
3.346765926522939361e-01
3.450993262997333888e-01
3.405875041773440692e-01
3.496957360069750664e-01
3.404935380671804679e-01
3.314713768668734462e-01
3.435886450948487103e-01
3.508576328166549407e-01
3.326611500383349074e-01
3.486016101960452973e-01
3.473596156437129268e-01
3.485123077661218538e-01
3.537635297346226060e-01
3.350602189134143649e-01
3.391832726199376369e-01
3.485326671158718304e-01
3.331795217222350836e-01
3.403729104430309182e-01
3.508647508376855351e-01
3.415092026433806938e-01
3.258965908952072832e-01
3.269439744396121506e-01
3.306606949499091286e-01
3.588563522214108237e-01
3.229901063354092550e-01
3.526044101669939534e-01
3.676725843404206606e-01
3.421260978593876900e-01
3.480296596851271684e-01
3.519403916585319148e-01
3.548587053539716263e-01
3.518629330610033579e-01
3.357288236970322748e-01
3.307007609080432342e-01
3.341346204421384303e-01
3.472079044520915425e-01
3.246234176388617110e-01
3.332555437799398224e-01
3.475559724996186151e-01
3.329303765685417416e-01
3.395131550834704637e-01
3.385768324437851140e-01
3.430311519692568756e-01
3.428898248295166873e-01
3.243001095462873518e-01
3.331213136085771076e-01
3.301206395715932107e-01
3.320098585856487983e-01
3.271189995414653384e-01
3.273078568581250236e-01
3.536610675713262597e-01
3.489106901554198670e-01
3.391173764166268700e-01
3.411219772356007263e-01
3.484225324946277347e-01
3.258207112134802741e-01
3.396691193730060343e-01
3.324438361405448461e-01
3.433479148086293065e-01
3.409576144669744791e-01
3.644873216750701972e-01
3.430156431216488389e-01
3.249675161669124956e-01
3.520711578638330841e-01
3.458285251182537934e-01
3.463538382539774196e-01
3.397068315635266011e-01
3.557127179132194561e-01
3.529169218628315230e-01
3.367569609551490095e-01
3.505247328387131600e-01
3.450248356010928164e-01
3.429372973346450082e-01
3.408269078798482621e-01
3.400382500770455230e-01
3.578089932299487463e-01
3.261976850571207676e-01
3.357449237097717698e-01
3.489462213483877084e-01
3.415368302551187729e-01
3.594537640835123726e-01
3.276325833938852350e-01
3.213104266877119253e-01
