3.102961089905915681e-01
2.703784235368292266e-01
2.528180538448449033e-01
2.400202290071645206e-01
2.304859775498885599e-01
2.235833089051927902e-01
2.181913952414948898e-01
2.138654185035784583e-01
2.105217172946193260e-01
2.077921714245705986e-01
2.053786419624858417e-01
2.032208790233047124e-01
2.012846415629015173e-01
1.994743366533025253e-01
1.977716225581204745e-01
1.961630110448099040e-01
1.946659887137289768e-01
1.932456911076969319e-01
1.918802396534151078e-01
1.905663891420742440e-01
1.893302098035058723e-01
1.881466991916638243e-01
1.870094912426400746e-01
1.859267945691088220e-01
1.849222441187892974e-01
1.839821881798572312e-01
1.830991331061902760e-01
1.822570586597451470e-01
1.814524552288090675e-01
1.806712938700388849e-01
1.799247372982812898e-01
1.791973656141880866e-01
1.784864197189011126e-01
1.777953991967767822e-01
1.771198623689919094e-01
1.764588193975549779e-01
1.758110520216265571e-01
1.751780009241776515e-01
1.745665869000951886e-01
1.739799719549467993e-01
1.734152002125478320e-01
1.728681863587586687e-01
1.723337884717598412e-01
1.718084088403075971e-01
1.712925773250596195e-01
1.707945053959313841e-01
1.703119153629676363e-01
1.698382976892001961e-01
1.693742227304080861e-01
1.689204790415460289e-01
1.684790046768629146e-01
1.680475952062671086e-01
1.676226644946553768e-01
1.672045727653289904e-01
1.667952515965910043e-01
1.663914220548786682e-01
1.659926453067793461e-01
1.655989190073101913e-01
1.652108271027856179e-01
1.648283188864369808e-01
1.644521320853500057e-01
1.640893012227495618e-01
1.637337413202460401e-01
1.633831316956176061e-01
1.630383104943458061e-01
1.627021591736508843e-01
1.623733979069965361e-01
1.620486237700466958e-01
1.617273232074331324e-01
1.614095471128908776e-01
1.610966974611322544e-01
1.607902373115974448e-01
1.604887970434786260e-01
1.601914654942108995e-01
1.598989602330505577e-01
1.596120865103153874e-01
1.593287877705492350e-01
1.590498219290580884e-01
1.587737519820816567e-01
1.585020988425285826e-01
1.582341886694045296e-01
1.579695572607249521e-01
1.577078048577367497e-01
1.574484265619500445e-01
1.571913874228115238e-01
1.569367060798067814e-01
1.566844900926421258e-01
1.564397310025589793e-01
1.561992988326299237e-01
1.559612736946328071e-01
1.557267795934383359e-01
1.554974178190806910e-01
1.552749626442626318e-01
1.550556401368732573e-01
1.548380543033485712e-01
1.546221831359702870e-01
1.544105430664757805e-01
1.542014770882590147e-01
1.539946919441663731e-01
1.537894502520776030e-01
1.535857345814469754e-01
1.533835278081873421e-01
1.531829090168130292e-01
1.529855710352294174e-01
1.527905477407747736e-01
1.525969369746379978e-01
1.524063359973958920e-01
1.522192240725286361e-01
1.520357285251058566e-01
1.518555536771841741e-01
1.516774218836522414e-01
1.515021719868019368e-01
1.513325851321951632e-01
1.511648159886443132e-01
1.509981505104339705e-01
1.508331671689936704e-01
1.506700818199651071e-01
1.505080567049029705e-01
1.503487561458594635e-01
1.501934116063345370e-01
1.500409355718196336e-01
1.498895427205013398e-01
1.497390917852518821e-01
1.495895745902586504e-01
1.494412567396843639e-01
1.492946259920826246e-01
1.491514195319904867e-01
1.490129454569764644e-01
1.488772050235336875e-01
1.487422548231848718e-01
1.486080885988073919e-01
1.484747001415191447e-01
1.483422930175150034e-01
1.482108094890775829e-01
1.480809854571296658e-01
1.479537933827194396e-01
1.478280008404073975e-01
1.477030156928887672e-01
1.475787331202878805e-01
1.474551475081569141e-01
1.473322532897634318e-01
1.472100449457465488e-01
1.470885170037774525e-01
1.469676640382236998e-01
1.468474806698165380e-01
1.467279615653218627e-01
1.466091014372133683e-01
1.464908950433487789e-01
1.463733371866480781e-01
1.462564227147737372e-01
1.461401465198130523e-01
1.460245035379622580e-01
1.459105143706016239e-01
1.457977681068506337e-01
1.456856259204300230e-01
1.455740831340067987e-01
1.454631351079071766e-01
1.453527772399443863e-01
1.452430049652433941e-01
1.451338137560622688e-01
1.450252017181875297e-01
1.449185531955805017e-01
1.448125017065478026e-01
1.447070054176066989e-01
1.446020601200803946e-01
1.444976616372255218e-01
1.443942381207684034e-01
1.442919117706206178e-01
1.441901155795580758e-01
1.440888454611492786e-01
1.439880973627132021e-01
1.438878672651540125e-01
1.437881511827917014e-01
1.436893729714494305e-01
1.435917027298687088e-01
1.434958943266731457e-01
1.434007508506977280e-01
1.433070047212775533e-01
1.432137231813395972e-01
1.431209026905182480e-01
1.430285397386354407e-01
1.429366308455247980e-01
1.428451725608526901e-01
1.427541614639364909e-01
1.426635941635601978e-01
1.425734672977881090e-01
1.424837775337753631e-01
1.423945215675774256e-01
1.423056961239569651e-01
1.422172979561891204e-01
1.421297321686089965e-01
1.420426573347205734e-01
1.419559991918673270e-01
1.418697545863043807e-01
1.417839203923850211e-01
1.416984935123460909e-01
1.416134847011907838e-01
1.415289005143435808e-01
1.414447142357298515e-01
1.413611762160772445e-01
1.412794416526508001e-01
1.411983952145205445e-01
1.411177157735176435e-01
1.410377168442910056e-01
1.409581251825226811e-01
1.408788939503179127e-01
1.408000205153815965e-01
1.407220222229808859e-01
1.406450396014526372e-01
1.405683980687857659e-01
1.404920951663765072e-01
1.404161284570275281e-01
1.403404955247799235e-01
1.402653545279078373e-01
1.401911982296515924e-01
1.401175436847728606e-01
1.400442991100441792e-01
1.399714591421042653e-01
1.398989280205014951e-01
1.398267035576171990e-01
1.397547835852435139e-01
1.396831659544114368e-01
1.396118485352201288e-01
1.395408292166663844e-01
1.394701059064751558e-01
1.393996765309309660e-01
1.393307704341155973e-01
1.392626038138214950e-01
1.391949426003791512e-01
1.391275807190068825e-01
1.390611477642495208e-01
1.389956987228821161e-01
1.389306885477791520e-01
1.388659327309178515e-01
1.388014295243721885e-01
1.387372278647528989e-01
1.386735796292404566e-01
1.386101757068810281e-01
1.385470144504513113e-01
1.384840942274947195e-01
1.384214134201761925e-01
1.383589704251390884e-01
1.382967636533623812e-01
1.382351402010109365e-01
1.381741123735409082e-01
1.381136191110219624e-01
1.380538422213117844e-01
1.379946694814258579e-01
1.379358869951364808e-01
1.378773121595858187e-01
1.378191616997018754e-01
1.377617176604601090e-01
1.377044743822470607e-01
1.376475313915276610e-01
1.375912979387017288e-01
1.375352576303276175e-01
1.374794092854266514e-01
1.374237517328125713e-01
1.373686909527346012e-01
1.373138415620806796e-01
1.372591800413714425e-01
1.372047489325503022e-01
1.371506365939158811e-01
1.370967549989188239e-01
1.370436141365422578e-01
1.369907912846033693e-01
1.369381426378638855e-01
1.368856671519823320e-01
1.368333637913390077e-01
1.367813607572951617e-01
1.367300265219516531e-01
1.366794555047377013e-01
1.366290483796655242e-01
1.365788041795649166e-01
1.365287219452421819e-01
1.364788007254025826e-01
1.364290395765736519e-01
1.363794375630288658e-01
1.363301709490735425e-01
1.362820736914469033e-01
1.362341246119280480e-01
1.361867504273149287e-01
1.361401162114266317e-01
1.360936414177526532e-01
1.360478926623811258e-01
1.360022778943905108e-01
1.359568019935360195e-01
1.359115622563152881e-01
1.358664539325787068e-01
1.358214763095121902e-01
1.357766286798467725e-01
1.357326909393666015e-01
1.356888853791140548e-01
1.356455985474382397e-01
1.356029686183705951e-01
1.355604572094709359e-01
1.355180636949994688e-01
1.354757874540036822e-01
1.354336278702752416e-01
1.353915843323071633e-01
1.353496562332516528e-01
1.353078429708780006e-01
1.352661439475310590e-01
1.352245585700900254e-01
1.351833506632228732e-01
1.351427669955814204e-01
1.351028850496107936e-01
1.350631379180469438e-01
1.350235506955043407e-01
1.349841486503872146e-01
1.349450419792032896e-01
1.349060330122344442e-01
1.348671212789676888e-01
1.348283063123718872e-01
1.347895876488661715e-01
1.347509648282889660e-01
1.347124373938669850e-01
1.346740048921844790e-01
1.346356668731529815e-01
1.345974228899812219e-01
1.345592724991451772e-01
1.345212152603585953e-01
1.344836653772016055e-01
1.344462986232166091e-01
1.344090230484185911e-01
1.343718382257114430e-01
1.343347437310525028e-01
1.342977391434260481e-01
1.342608240448166790e-01
1.342240271888490155e-01
1.341876688281978258e-01
1.341513966463792062e-01
1.341152102506136257e-01
1.340791092508736015e-01
1.340430932598600522e-01
1.340071618929783159e-01
1.339716366872023279e-01
1.339369211754223854e-01
1.339022857986141013e-01
1.338677301883060833e-01
1.338332539787206177e-01
1.337988952441471480e-01
1.337648139524996171e-01
1.337308094835320260e-01
1.336968814954358209e-01
1.336630773034061526e-01
1.336299374172651711e-01
1.335969058528821696e-01
1.335647504389798346e-01
1.335326651856146574e-01
1.335006497872111286e-01
1.334687039403600062e-01
1.334368273437988306e-01
1.334050196983920522e-01
1.333732807071121573e-01
1.333416100750202116e-01
1.333102316188935210e-01
1.332789298587956084e-01
1.332476953036160483e-01
1.332165276634087736e-01
1.331854266502786877e-01
1.331543919783631513e-01
1.331234233638130537e-01
1.330925460158094709e-01
1.330618694853214490e-01
1.330312576357736698e-01
1.330007101935658242e-01
1.329702268870107118e-01
1.329399939032697431e-01
1.329098356756040211e-01
1.328797405313925095e-01
1.328497082063015144e-01
1.328198540697023422e-01
1.327905641151040650e-01
1.327613342483027759e-01
1.327321642203858065e-01
1.327030537841799585e-01
1.326740026942350992e-01
1.326450922277698230e-01
1.326162531538686851e-01
1.325874735068501564e-01
1.325587530391434121e-01
1.325300915049089368e-01
1.325014886600215380e-01
1.324729442620545816e-01
1.324444580702640595e-01
1.324160298455725748e-01
1.323876593505537158e-01
1.323596654625872615e-01
1.323318195746779335e-01
1.323040295574547665e-01
1.322762951820557198e-01
1.322486337792560251e-01
1.322211404817764391e-01
1.321937021098450460e-01
1.321663247531843777e-01
1.321390135738315375e-01
1.321117565403195915e-01
1.320845534306995528e-01
1.320574040245755532e-01
1.320303081030897718e-01
1.320032654489083357e-01
1.319762758462063867e-01
1.319493390806542044e-01
1.319224549394029666e-01
1.318961363198638825e-01
1.318699614627878991e-01
1.318439078388919106e-01
1.318184138399829675e-01
1.317929667423636542e-01
1.317675663677854436e-01
1.317422125391956855e-01
1.317169050807260600e-01
1.316916438176820858e-01
1.316664285765315190e-01
1.316412591848941382e-01
1.316161354715305598e-01
1.315910572663318012e-01
1.315660244003088730e-01
1.315410367055822871e-01
1.315160940153717040e-01
1.314911961639859961e-01
1.314663429868130062e-01
1.314415343203097220e-01
1.314167700019923390e-01
1.313920498704266304e-01
1.313673737652182871e-01
1.313427415270032594e-01
1.313181529974386252e-01
1.312936080191928478e-01
1.312691064359371163e-01
1.312446480923355752e-01
1.312202328340369151e-01
1.311958605076649353e-01
1.311715309608099955e-01
1.311472440420202723e-01
1.311229996007929610e-01
1.310987974875658379e-01
1.310746375537087116e-01
1.310505196515151516e-01
1.310265354687602801e-01
1.310026836415370544e-01
1.309788739447912687e-01
1.309551062281183453e-01
1.309313803420518174e-01
1.309076961380552517e-01
1.308840534685138945e-01
1.308604678981432068e-01
1.308369717868944349e-01
1.308135166128037985e-01
1.307901022325456131e-01
1.307667285036708260e-01
1.307433952845992453e-01
1.307201024346116847e-01
1.306968498138426082e-01
1.306736372832726645e-01
1.306504647047212198e-01
1.306273319408392530e-01
1.306044318904238943e-01
1.305815789032376550e-01
1.305587652875391524e-01
1.305359909067677904e-01
1.305132556251880627e-01
1.304905675244383279e-01
1.304680067713025471e-01
1.304454847154567498e-01
1.304230401891256497e-01
1.304006481906866688e-01
1.303782945877045019e-01
1.303559792477616275e-01
1.303337020392250079e-01
1.303114628312393164e-01
1.302892614937206650e-01
1.302670978973498594e-01
1.302449719135659878e-01
1.302228834145602865e-01
1.302008322732696455e-01
1.301788183633703355e-01
1.301568415592721240e-01
1.301349017361117244e-01
1.301129987697472179e-01
1.300911325367518356e-01
1.300693029144077695e-01
1.300475097807008429e-01
1.300258070609945082e-01
1.300042914123139548e-01
1.299828116822778212e-01
1.299613930708263809e-01
1.299402742968532309e-01
1.299192755587900150e-01
1.298983109368807842e-01
1.298773803193245535e-01
1.298567492068369578e-01
1.298362615705470069e-01
1.298158063391493811e-01
1.297953834091958580e-01
1.297749926778010154e-01
1.297546340426377898e-01
1.297344312460027016e-01
1.297145647086647147e-01
1.296951785676137003e-01
1.296758214473847370e-01
1.296564932580877294e-01
1.296371939103212190e-01
1.296179233151683874e-01
1.295986813841930596e-01
1.295794680294361512e-01
1.295602831634117269e-01
1.295411266991032262e-01
1.295219985499599658e-01
1.295028986298931706e-01
1.294838268532725045e-01
1.294647831349225453e-01
1.294457673901190931e-01
1.294267795345856453e-01
1.294078194844900109e-01
1.293888985249472268e-01
1.293700068400155945e-01
1.293511426670241882e-01
1.293323059240488182e-01
1.293134965295916483e-01
1.292947144025783923e-01
1.292759594623545949e-01
1.292572316286827172e-01
1.292385308217388062e-01
1.292198569621093029e-01
1.292012099707879336e-01
1.291825897691727121e-01
1.291639962790626650e-01
1.291454294226549171e-01
1.291268891225416104e-01
1.291083753017069347e-01
1.290898878835242125e-01
1.290714267917528468e-01
1.290529919505355727e-01
1.290345860258591271e-01
1.290162129287749926e-01
1.289978658306891734e-01
1.289795446573148707e-01
1.289612493347343236e-01
1.289429797893960894e-01
1.289247359481122956e-01
1.289065285770449321e-01
1.288884754967020430e-01
1.288704476534402177e-01
1.288524449755402146e-01
1.288344673916377581e-01
1.288165148307210961e-01
1.287985872221282246e-01
1.287806844955443897e-01
1.287628065809993949e-01
1.287449534088653258e-01
1.287271249098537740e-01
1.287093210150135336e-01
1.286915416557280478e-01
1.286737867637130217e-01
1.286560562710139244e-01
1.286383501100036575e-01
1.286206682133803070e-01
1.286033318649277835e-01
1.285863947119076089e-01
1.285695567828688268e-01
1.285527410181944719e-01
1.285359473579628375e-01
1.285191757425379888e-01
1.285024261125675693e-01
1.284856984089808862e-01
1.284694073522588131e-01
1.284531995803353810e-01
1.284370119666467525e-01
1.284208444606354804e-01
1.284046970119736841e-01
1.283885695705615504e-01
1.283724620865256127e-01
1.283563745102171139e-01
1.283403067922102847e-01
1.283242588833009568e-01
1.283082307345047857e-01
1.282922222970556136e-01
1.282762335224041372e-01
1.282602643622162697e-01
1.282443147683713924e-01
1.282283846929611615e-01
1.282124740882878144e-01
1.281965829068628104e-01
1.281807111014050815e-01
1.281649062124494143e-01
1.281493746767632669e-01
1.281339046184987451e-01
1.281184527324427114e-01
1.281030189765212102e-01
1.280876033088365895e-01
1.280722056876666681e-01
1.280568412602579031e-01
1.280415689921928502e-01
1.280263147717758121e-01
1.280110785565920506e-01
1.279958603044056287e-01
1.279806599731578287e-01
1.279654775209660700e-01
