2.798837019830069384e-01
2.621033367598993857e-01
2.543336006776195646e-01
2.486002075519126164e-01
2.439233943615540245e-01
2.398164271961488181e-01
2.361991101947180094e-01
2.330570577859837067e-01
2.302680615137164544e-01
2.277759651164122379e-01
2.254500743695438125e-01
2.232869119620209120e-01
2.212614827546759699e-01
2.193979461850869561e-01
2.176832824543395717e-01
2.160788671825335516e-01
2.145695758588138102e-01
2.131463812038213168e-01
2.117885355618330800e-01
2.104859873392462277e-01
2.092557600795781347e-01
2.080740229706833644e-01
2.069521601245484788e-01
2.058617362682134411e-01
2.048097782005777190e-01
2.037904871884037850e-01
2.028007840530708650e-01
2.018488998955580982e-01
2.009409582009065443e-01
2.000654417023021159e-01
1.992150309947902376e-01
1.983909994915816766e-01
1.975879549213225006e-01
1.968036228507482610e-01
1.960442075301200293e-01
1.953157827657644174e-01
1.946039988840717883e-01
1.939139353066051119e-01
1.932417195398066223e-01
1.925843260891373920e-01
1.919412371290777908e-01
1.913175699100918281e-01
1.907097641908556684e-01
1.901156007908069712e-01
1.895325863087957141e-01
1.889708465118298542e-01
1.884205183517939641e-01
1.878773100015035113e-01
1.873456645468969395e-01
1.868227788166001990e-01
1.863070979603749233e-01
1.858001256391278999e-01
1.853064589784522431e-01
1.848239683757519347e-01
1.843557661211688292e-01
1.838953396155874331e-01
1.834412656192622171e-01
1.830011683247161069e-01
1.825696169371510968e-01
1.821506406531440692e-01
1.817365326467349773e-01
1.813314154608857975e-01
1.809343215364855040e-01
1.805450403178702201e-01
1.801597885080063743e-01
1.797796230334119116e-01
1.794056512801794345e-01
1.790375958598946771e-01
1.786728799114112032e-01
1.783158651859979293e-01
1.779668155999089285e-01
1.776214530554222071e-01
1.772789937323856202e-01
1.769393945354233999e-01
1.766053166919730466e-01
1.762745163778572377e-01
1.759464362924087755e-01
1.756210375065439255e-01
1.752982821364223454e-01
1.749796364529244974e-01
1.746648232918034116e-01
1.743550749999983329e-01
1.740505228768364498e-01
1.737505454435947227e-01
1.734568872265035699e-01
1.731669376866129539e-01
1.728809339486777064e-01
1.725975371668533043e-01
1.723161956425082741e-01
1.720377238260315245e-01
1.717630574235493313e-01
1.714928218700589868e-01
1.712244682589671441e-01
1.709599574637575281e-01
1.706981475747291477e-01
1.704384840972586190e-01
1.701846981758335098e-01
1.699331790873962744e-01
1.696842074937530975e-01
1.694389277140067318e-01
1.691970564266193355e-01
1.689579521873498247e-01
1.687204127023077538e-01
1.684862448702541537e-01
1.682618983887606834e-01
1.680398983682567238e-01
1.678192770290996561e-01
1.676000216319949998e-01
1.673821196151650814e-01
1.671655604101512371e-01
1.669520173361885851e-01
1.667406130444100965e-01
1.665313957296588598e-01
1.663235416626513141e-01
1.661169135399831465e-01
1.659115007124399577e-01
1.657081567353765050e-01
1.655083127661239883e-01
1.653121825221129659e-01
1.651187620858868277e-01
1.649264137635432503e-01
1.647351586372681753e-01
1.645463129651038026e-01
1.643586668734016432e-01
1.641740121054401091e-01
1.639922942045042020e-01
1.638120899814339282e-01
1.636328351922075042e-01
1.634553110967578993e-01
1.632790415554585817e-01
1.631036899623554970e-01
1.629292496966701920e-01
1.627584848236687254e-01
1.625904785363070648e-01
1.624238303314990972e-01
1.622580301701824768e-01
1.620930718420166006e-01
1.619289491961932448e-01
1.617656739950918687e-01
1.616040255041239215e-01
1.614431830111152655e-01
1.612831407854997678e-01
1.611238931473155667e-01
1.609654344664698256e-01
1.608077591620304947e-01
1.606533088497636708e-01
1.605001569274288609e-01
1.603477513092524953e-01
1.601960867396613197e-01
1.600458752977480248e-01
1.598990983673980459e-01
1.597560164635774826e-01
1.596138120475682209e-01
1.594724261015847966e-01
1.593323588131438373e-01
1.591935058009925075e-01
1.590554954778560237e-01
1.589185955926957494e-01
1.587832434542268134e-01
1.586497683696171390e-01
1.585168794487985811e-01
1.583845729667925639e-01
1.582528452270383912e-01
1.581241022867122814e-01
1.579960352484999497e-01
1.578694287860317180e-01
1.577461234173394566e-01
1.576239726230666549e-01
1.575023214423416362e-01
1.573811670546940988e-01
1.572605114686182748e-01
1.571404947315724332e-01
1.570209696464386073e-01
1.569019333773164215e-01
1.567833831037488135e-01
1.566653160207307771e-01
1.565477293387168012e-01
1.564311792998813455e-01
1.563156975842162344e-01
1.562006799462202777e-01
1.560861237088530806e-01
1.559720262103528599e-01
1.558583848042283393e-01
1.557451968592493130e-01
1.556324597594339054e-01
1.555201709040350266e-01
1.554083277075237191e-01
1.552969275995704501e-01
1.551860536834439863e-01
1.550756625143587253e-01
1.549659843882512655e-01
1.548573315149284202e-01
1.547512557454706061e-01
1.546457121826524672e-01
1.545405654355020142e-01
1.544358133306431291e-01
1.543317831449041722e-01
1.542283848427626058e-01
1.541259959939748347e-01
1.540258648635987881e-01
1.539260933555474387e-01
1.538266796395167946e-01
1.537287969985912106e-01
1.536344681198070772e-01
1.535416056572716237e-01
1.534490649674091212e-01
1.533568444659343388e-01
1.532649425754560313e-01
1.531733577255107726e-01
1.530820883525939868e-01
1.529911329001892029e-01
1.529004898187953376e-01
1.528103012003524941e-01
1.527204758252275751e-01
1.526309571241482588e-01
1.525417435876930683e-01
1.524528337132776967e-01
1.523642260051792374e-01
1.522762953910966888e-01
1.521897101107031192e-01
1.521038207417083898e-01
1.520182184692073502e-01
1.519329018776194862e-01
1.518478825291720291e-01
1.517631463489595989e-01
1.516786916998862089e-01
1.515945171934996449e-01
1.515106214484740199e-01
1.514270030906035569e-01
1.513436607527953448e-01
1.512605930750609007e-01
1.511777987045067884e-01
1.510954448279936690e-01
1.510133768157674028e-01
1.509315770637351395e-01
1.508501065146109488e-01
1.507689613121573069e-01
1.506880799911602953e-01
1.506074612779738642e-01
1.505271039053336923e-01
1.504470066123496930e-01
1.503671681444980479e-01
1.502875872536118262e-01
1.502082626978716029e-01
1.501291932417949671e-01
1.500503776562256975e-01
1.499719622893552484e-01
1.498942724208269794e-01
1.498168310560180905e-01
1.497397544356505739e-01
1.496630025185431700e-01
1.495864943543962211e-01
1.495102287594611834e-01
1.494342045563816501e-01
1.493584205741736448e-01
1.492828756482061370e-01
1.492075897460463929e-01
1.491326137900056970e-01
1.490581233555759444e-01
1.489839445105508031e-01
1.489108111122639799e-01
1.488390416668739502e-01
1.487678386172168188e-01
1.486968505395095119e-01
1.486260764260516343e-01
1.485555152744127416e-01
1.484851660874180190e-01
1.484150278731347083e-01
1.483450996448567039e-01
1.482753804210897586e-01
1.482058692255358856e-01
1.481365932601662883e-01
1.480682913613783069e-01
1.480006725335251683e-01
1.479337161972969494e-01
1.478673909610561110e-01
1.478015286315907117e-01
1.477358801920225506e-01
1.476718241006129417e-01
1.476079500169225900e-01
1.475442571317636398e-01
1.474814528264483393e-01
1.474191795924829351e-01
1.473582509347423353e-01
1.472974865594789962e-01
1.472368857954515498e-01
1.471764479740735043e-01
1.471167303051294228e-01
1.470576282188811590e-01
1.469991105253387054e-01
1.469407482751389771e-01
1.468825408164640134e-01
1.468245386988416834e-01
1.467668530287524753e-01
1.467093187199221826e-01
1.466519351431600504e-01
1.465947016721373952e-01
1.465376176833829702e-01
1.464806825562777748e-01
1.464238956730504471e-01
1.463672564187715464e-01
1.463107641813482518e-01
1.462547714787093556e-01
1.461990478808341543e-01
1.461434675370479885e-01
1.460880298501990582e-01
1.460327342260535066e-01
1.459778563257768391e-01
1.459233683381453706e-01
1.458693608747395343e-01
1.458155370939030748e-01
1.457618505400482545e-01
1.457083006511528667e-01
1.456548868677714770e-01
1.456016086330292614e-01
1.455486582072443857e-01
1.454961422099608492e-01
1.454437567574809465e-01
1.453917056226450011e-01
1.453407463246230713e-01
1.452901085464970432e-01
1.452403407286091130e-01
1.451908188894028562e-01
1.451414146407314643e-01
1.450921275364185081e-01
1.450429571321235345e-01
1.449939029853407890e-01
1.449449646553964965e-01
1.448961417034475840e-01
1.448474336924787109e-01
1.447988401873003816e-01
1.447509032085296521e-01
1.447030978521557376e-01
1.446554028581813200e-01
1.446078178153141491e-01
1.445603423139959209e-01
1.445129759463985031e-01
1.444657183064198824e-01
1.444185689896806124e-01
1.443715275935198439e-01
1.443246443947537871e-01
1.442782257562932047e-01
1.442319118503703756e-01
1.441857022941603061e-01
1.441395967064548478e-01
1.440935947076584234e-01
1.440476959197840301e-01
1.440018999664490484e-01
1.439562064728710788e-01
1.439106150658634176e-01
1.438651253738311431e-01
1.438197370267664532e-01
1.437744496562441410e-01
1.437292628954171814e-01
1.436841763790123183e-01
1.436391897433252907e-01
1.435943026262162248e-01
1.435497704741816871e-01
1.435053436864411613e-01
1.434610149988771732e-01
1.434167840528566273e-01
1.433726504913462874e-01
1.433286139589068364e-01
1.432846741016871595e-01
1.432408305674183202e-01
1.431970830054076493e-01
1.431534310665328602e-01
1.431098744032362480e-01
1.430664126695183613e-01
1.430230455209322848e-01
1.429797726145775882e-01
1.429365936090942479e-01
1.428935081646567906e-01
1.428505159429678817e-01
1.428076166072526354e-01
1.427648098222523143e-01
1.427220952542183896e-01
1.426795857942229351e-01
1.426375668674308705e-01
1.425956375570105183e-01
1.425537975420629322e-01
1.425121843072541250e-01
1.424706747382472327e-01
1.424292528975112659e-01
1.423879433567650510e-01
1.423469556825099902e-01
1.423061858871129126e-01
1.422656835813814746e-01
1.422252648286109478e-01
1.421849293383714019e-01
1.421446768215205991e-01
1.421045069901985813e-01
1.420644195578225077e-01
1.420244471962244515e-01
1.419847544333122380e-01
1.419459707467977116e-01
1.419072667445351321e-01
1.418686421403581865e-01
1.418300966494630277e-01
1.417916299884020292e-01
1.417532418750770684e-01
1.417149320287327818e-01
1.416767001699499873e-01
1.416385460206391333e-01
1.416005144882077627e-01
1.415626092290820093e-01
1.415247803551313854e-01
1.414870275967027025e-01
1.414493506854154203e-01
1.414117493541553749e-01
1.413743411171022035e-01
1.413375074313595881e-01
1.413007468090111407e-01
1.412640589967180949e-01
1.412274437423014228e-01
1.411909007947363681e-01
1.411544299041473105e-01
1.411182644598968638e-01
1.410822232888288008e-01
1.410462533656574036e-01
1.410103544421331956e-01
1.409745262711580571e-01
1.409387686067795908e-01
1.409030812041860148e-01
1.408675090600271518e-01
1.408323241853697561e-01
1.407972074971352849e-01
1.407621587602984614e-01
1.407271777409330737e-01
1.406922642062062301e-01
1.406574179243730294e-01
1.406226386647709270e-01
1.405879261978143502e-01
1.405532802949890914e-01
1.405190365018758603e-01
1.404848768722203600e-01
1.404508572724564586e-01
1.404169946852438788e-01
1.403831958397384061e-01
1.403494605228607639e-01
1.403158141253188773e-01
1.402824704261536048e-01
1.402491897071271865e-01
1.402159717559543217e-01
1.401828163613187961e-01
1.401497233128684017e-01
1.401166924012104686e-01
1.400837234179069246e-01
1.400509985898722165e-01
1.400184201848423959e-01
1.399859020049279978e-01
1.399534438537265724e-01
1.399210455356969252e-01
1.398887068561552038e-01
1.398564276212709567e-01
1.398242076380631083e-01
1.397920467143957679e-01
1.397599446589745942e-01
1.397279012813426036e-01
1.396959163918763680e-01
1.396639898017818515e-01
1.396323645634946209e-01
1.396008155065864009e-01
1.395693226777368345e-01
1.395378859023304607e-01
1.395065050064656087e-01
1.394751798169512891e-01
1.394439101613046406e-01
1.394126958677476824e-01
1.393815367652044834e-01
1.393504326832984697e-01
1.393193834523492325e-01
1.392883889033698086e-01
1.392574488680637657e-01
1.392265631788223157e-01
1.391957316687214563e-01
1.391652609915909611e-01
1.391348996223294443e-01
1.391047637669931281e-01
1.390749576586235992e-01
1.390452019728529165e-01
1.390154965582740543e-01
1.389858412640891661e-01
1.389562359401071701e-01
1.389266804367410846e-01
1.388971746050056411e-01
1.388677182965148138e-01
1.388383113634793498e-01
1.388090168892976706e-01
1.387798455217217897e-01
1.387507226681363171e-01
1.387217234660168552e-01
1.386929658592142567e-01
1.386642561399908935e-01
1.386355941638917344e-01
1.386069797870625175e-01
1.385784128662469472e-01
1.385498932587839460e-01
1.385214208226053789e-01
1.384931011071840190e-01
1.384650085454327273e-01
1.384371060994618596e-01
1.384092483868431256e-01
1.383814352752819610e-01
1.383538296728240302e-01
1.383264079981109951e-01
1.382991049743524103e-01
1.382719169350432875e-01
1.382447713983958326e-01
1.382176682418917724e-01
1.381906073435129612e-01
1.381635885817387166e-01
1.381366118355440986e-01
1.381096769843973004e-01
1.380830045108890625e-01
1.380563948891474491e-01
1.380298264219787796e-01
1.380032989926999742e-01
1.379768124850844491e-01
1.379503667833602565e-01
1.379239617722081424e-01
1.378975973367599084e-01
1.378712733625963305e-01
1.378449897357454934e-01
1.378187463426807646e-01
1.377925430703191567e-01
1.377663798060193567e-01
1.377402564375798943e-01
1.377143130008981198e-01
1.376887124360275383e-01
1.376632082154164161e-01
1.376378533589330544e-01
1.376125367208290151e-01
1.375872581945506712e-01
1.375620176739668632e-01
1.375368150533672063e-01
1.375117863252016404e-01
1.374873982708483822e-01
1.374630662193357111e-01
1.374387699812887331e-01
1.374145094590917549e-01
1.373902845555093621e-01
1.373660951736842273e-01
1.373419412171358600e-01
1.373178225897586924e-01
1.372937391958201914e-01
1.372698461401716252e-01
1.372460012369591253e-01
1.372221904201525733e-01
1.371984136009030131e-01
1.371748426443623881e-01
1.371513997957028441e-01
1.371286466395575387e-01
1.371059367491231640e-01
1.370832571683938961e-01
1.370606078231963731e-01
1.370379886396209668e-01
1.370153995440210604e-01
1.369928404630116336e-01
1.369703113234683745e-01
1.369478120525265408e-01
1.369253425775798227e-01
1.369029028262794545e-01
1.368804927265327986e-01
1.368581122065026245e-01
1.368358271729899489e-01
1.368138424271943543e-01
1.367919030828933791e-01
1.367699925212945700e-01
1.367481106726621265e-01
1.367262574675092712e-01
1.367044328365973338e-01
1.366826367109345020e-01
1.366608690217750166e-01
1.366391297006177841e-01
1.366174186792055434e-01
1.365957358895238116e-01
1.365740951903859357e-01
1.365525582460085097e-01
1.365310492073293913e-01
1.365095680075999185e-01
1.364881145803073237e-01
1.364666888591738736e-01
1.364452907781555369e-01
1.364239202714413457e-01
1.364025772734520914e-01
1.363812617188393250e-01
1.363599735424846915e-01
1.363387126794985138e-01
1.363174860891150364e-01
1.362964758830755019e-01
1.362754925132708961e-01
1.362545359161278224e-01
1.362336448652450016e-01
1.362129498095843716e-01
1.361922809534070744e-01
1.361719668957934171e-01
1.361516917019983119e-01
1.361314414871283573e-01
1.361112161930701780e-01
