2.592067919506970686e-01
2.420093575004739206e-01
2.347661360392507834e-01
2.289627892424732636e-01
2.241016428947571193e-01
2.200074249922311653e-01
2.164013296613673254e-01
2.132038737103302273e-01
2.104229375707073468e-01
2.080244945163312320e-01
2.058278703365582774e-01
2.038439873731856811e-01
2.020660116297934294e-01
2.004315444592081330e-01
1.989346664579276780e-01
1.975332076583559415e-01
1.961988501137866270e-01
1.949170466636452881e-01
1.936887493627157397e-01
1.925123141475278132e-01
1.914186433865091297e-01
1.903673971196568337e-01
1.893459182932884510e-01
1.883796740435096095e-01
1.874598597233558817e-01
1.865745650136257927e-01
1.857313401243116668e-01
1.849289072936292078e-01
1.841528461647777559e-01
1.833978488808168661e-01
1.826627667515520748e-01
1.819451728548210634e-01
1.812499370070099758e-01
1.805837615281724040e-01
1.799443603782933110e-01
1.793306971945749229e-01
1.787352108431262687e-01
1.781591556132865739e-01
1.775913540688499048e-01
1.770316216064199977e-01
1.764824696275038018e-01
1.759555139173131777e-01
1.754415890240565434e-01
1.749351754727319352e-01
1.744396391947584390e-01
1.739569747991987492e-01
1.734804903876623894e-01
1.730153237432286162e-01
1.725641687075211705e-01
1.721238714327269770e-01
1.716961583919003886e-01
1.712753257760383230e-01
1.708606117681276404e-01
1.704521145122537829e-01
1.700497426866963979e-01
1.696533450260102605e-01
1.692639730742734883e-01
1.688850719114275423e-01
1.685149544462734295e-01
1.681558049801082366e-01
1.678026236829019413e-01
1.674531295107281603e-01
1.671076460283377196e-01
1.667655038669297596e-01
1.664294412329611617e-01
1.661006958518380927e-01
1.657766826477174993e-01
1.654568009649508564e-01
1.651401626198740757e-01
1.648275797055963610e-01
1.645189471866542463e-01
1.642142643955142034e-01
1.639131542350371062e-01
1.636180903979765344e-01
1.633264313273459223e-01
1.630385219369225591e-01
1.627536864417935270e-01
1.624711944208608316e-01
1.621910155074394455e-01
1.619156725641383021e-01
1.616445308154537686e-01
1.613755031772422521e-01
1.611085639402689007e-01
1.608444594742493849e-01
1.605841633560480819e-01
1.603261889173501764e-01
1.600702423879057090e-01
1.598199279254610417e-01
1.595735675588681735e-01
1.593292018552769918e-01
1.590872600990059782e-01
1.588476690562916904e-01
1.586098226831224867e-01
1.583745396084633994e-01
1.581424939297118026e-01
1.579139453080080635e-01
1.576870794191333469e-01
1.574630812590057105e-01
1.572407634337581739e-01
1.570219599328417370e-01
1.568061285966612373e-01
1.565923064151174826e-01
1.563799612437396791e-01
1.561720137568319011e-01
1.559678090508735959e-01
1.557649510749797017e-01
1.555669081600989101e-01
1.553754006120553754e-01
1.551892268513835604e-01
1.550053626356315550e-01
1.548228203986695972e-01
1.546414060987493233e-01
1.544611084531183620e-01
1.542819163450769027e-01
1.541038390160443805e-01
1.539268664019037558e-01
1.537509666430760535e-01
1.535761292497664354e-01
1.534035452824723811e-01
1.532336655921105462e-01
1.530666747174857512e-01
1.529007812007552869e-01
1.527358472830507297e-01
1.525726129822890520e-01
1.524121554735684836e-01
1.522530522120790486e-01
1.520953937589282767e-01
1.519403387454413279e-01
1.517866434632389738e-01
1.516352551899546874e-01
1.514868358035491580e-01
1.513393850663620477e-01
1.511927210295583579e-01
1.510491433700349440e-01
1.509078286235410737e-01
1.507675871951945357e-01
1.506282637402558966e-01
1.504916425218053855e-01
1.503561479107689558e-01
1.502217051805021242e-01
1.500879298670171336e-01
1.499548170019348869e-01
1.498223616654976165e-01
1.496906672059423737e-01
1.495598897169031216e-01
1.494297323552108703e-01
1.493001910443036984e-01
1.491723574002145336e-01
1.490459570695439884e-01
1.489201794058479245e-01
1.487965230971041997e-01
1.486737419637390034e-01
1.485525408469186015e-01
1.484336134153778353e-01
1.483156601092966431e-01
1.481983062242090421e-01
1.480841592801666884e-01
1.479714746682217197e-01
1.478592475077132873e-01
1.477474755187352662e-01
1.476366368610079471e-01
1.475268429853537899e-01
1.474180284087130421e-01
1.473101403235327622e-01
1.472026858402837313e-01
1.470956627764672398e-01
1.469890689565709341e-01
1.468829022122015993e-01
1.467771603822133342e-01
1.466729901043260786e-01
1.465695655895010996e-01
1.464665476109422715e-01
1.463639900615469891e-01
1.462618685185602674e-01
1.461602108334270622e-01
1.460605847696694604e-01
1.459628397670270916e-01
1.458658558680346329e-01
1.457692366318830146e-01
1.456729803611654384e-01
1.455770853624247518e-01
1.454815499462961681e-01
1.453865369400536567e-01
1.452919425827071120e-01
1.451977093601984625e-01
1.451038658914159118e-01
1.450104989752641627e-01
1.449177306879074201e-01
1.448255590382672431e-01
1.447337372052392157e-01
1.446422633082667386e-01
1.445511354789942027e-01
1.444603518611808635e-01
1.443712310682082889e-01
1.442837283220987643e-01
1.441965480599217697e-01
1.441096885384475779e-01
1.440237112828020583e-01
1.439381546995583960e-01
1.438537249172719967e-01
1.437695899772372665e-01
1.436857484159844434e-01
1.436021987792129584e-01
1.435189396217159130e-01
1.434359695073063601e-01
1.433532870087444455e-01
1.432708907076656879e-01
1.431887791945108956e-01
1.431082102134839940e-01
1.430297470242338498e-01
1.429515449911856195e-01
1.428736028909630140e-01
1.427959195072598941e-01
1.427190668944606500e-01
1.426426593725847181e-01
1.425665026420933068e-01
1.424913592681526231e-01
1.424184787463897151e-01
1.423461601316631520e-01
1.422740627779989220e-01
1.422021858221322321e-01
1.421305284036312455e-01
1.420590896649141510e-01
1.419878687512651783e-01
1.419168648108499187e-01
1.418460769947302025e-01
1.417755044568777267e-01
1.417051463541870726e-01
1.416350018464882787e-01
1.415655659786943521e-01
1.414968246245676964e-01
1.414291073259235088e-01
1.413616728449286764e-01
1.412944407687879156e-01
1.412274102996043390e-01
1.411606757843836824e-01
1.410943503973944579e-01
1.410286667478154732e-01
1.409632081467279141e-01
1.408979455936758829e-01
1.408328783143408813e-01
1.407680055374376515e-01
1.407033264947133155e-01
1.406388404209464871e-01
1.405745465539459671e-01
1.405112405760823302e-01
1.404483373030831206e-01
1.403856179502550316e-01
1.403231825385446163e-01
1.402612693259195631e-01
1.401995322383674247e-01
1.401379706300704409e-01
1.400765838575333544e-01
1.400153712795813299e-01
1.399543322573571780e-01
1.398934661543190794e-01
1.398327723362373931e-01
1.397722501711921028e-01
1.397118990295697638e-01
1.396517182840600890e-01
1.395917073096531180e-01
1.395318654836355809e-01
1.394721921855874569e-01
1.394126867973784767e-01
1.393533487031642926e-01
1.392941772893827590e-01
1.392351719447499636e-01
1.391763320602563414e-01
1.391176570291622894e-01
1.390591462469941975e-01
1.390007991115402852e-01
1.389426150228455503e-01
1.388848069956598319e-01
1.388275749903460365e-01
1.387709715832487756e-01
1.387145226981153778e-01
1.386582277844321809e-01
1.386020862937653308e-01
1.385460976797543708e-01
1.384902613981048580e-01
1.384345769065816190e-01
1.383790718853519230e-01
1.383237362254233216e-01
1.382685500512363386e-01
1.382135128333567553e-01
1.381586240443685165e-01
1.381038831588655147e-01
1.380492896534437908e-01
1.379948430066936238e-01
1.379405426991916761e-01
1.378865472042835327e-01
1.378329917835049989e-01
1.377796540800325931e-01
1.377266528013653124e-01
1.376739342947143618e-01
1.376213534712815434e-01
1.375693328344228250e-01
1.375179683569597855e-01
1.374676355923340754e-01
1.374174325065173619e-01
1.373674009665405704e-01
1.373177826615349650e-01
1.372685444267344179e-01
1.372199033433755821e-01
1.371713863792174415e-01
1.371229931164496818e-01
1.370747231387364762e-01
1.370271422172430476e-01
1.369802032749592446e-01
1.369347466442957240e-01
1.368899886966803703e-01
1.368453367219612526e-01
1.368007904127910845e-01
1.367563494624759457e-01
1.367120135649779189e-01
1.366681293263493913e-01
1.366244660904566699e-01
1.365812329391480617e-01
1.365381007355033482e-01
1.364950691823181017e-01
1.364521379830846703e-01
1.364093068419943711e-01
1.363665754639396821e-01
1.363242563348638081e-01
1.362828338532437178e-01
1.362415046547213737e-01
1.362002684773498118e-01
1.361591250597544989e-01
1.361180741411350259e-01
1.360771154612661626e-01
1.360362487604993287e-01
1.359955898934445684e-01
1.359550659426580210e-01
1.359146321976368588e-01
1.358742884100401227e-01
1.358340343320264543e-01
1.357938697162557884e-01
1.357537943158907967e-01
1.357138078845987195e-01
1.356739101765530309e-01
1.356341009464347713e-01
1.355943799494343238e-01
1.355549202026148370e-01
1.355157728182566912e-01
1.354767112441717936e-01
1.354377558612113175e-01
1.353988841686932509e-01
1.353600955560239627e-01
1.353213898142131000e-01
1.352827667345092022e-01
1.352442261084027542e-01
1.352057677276299053e-01
1.351673913841753560e-01
1.351290968702761608e-01
1.350908839784244198e-01
1.350527525013708596e-01
1.350147022321276646e-01
1.349767329639718905e-01
1.349388703485468743e-01
1.349011924591884404e-01
1.348636050008311937e-01
1.348260972330584950e-01
1.347886689508742408e-01
1.347513199495685987e-01
1.347140500247207551e-01
1.346768589722020792e-01
1.346398133387210205e-01
1.346030917099494961e-01
1.345665414088597633e-01
1.345300822513190719e-01
1.344937000776686986e-01
1.344573946787444019e-01
1.344211658458068226e-01
1.343850133705427607e-01
1.343489370450668408e-01
1.343129366619228715e-01
1.342770120140852619e-01
1.342411628949604641e-01
1.342053890983882225e-01
1.341696904186430450e-01
1.341340666504353962e-01
1.340985175889128911e-01
1.340630430296617381e-01
1.340276427687077110e-01
1.339923166025173973e-01
1.339571392725901200e-01
1.339224551349886272e-01
1.338878423527952721e-01
1.338533007349172188e-01
1.338188300906353323e-01
1.337844302296058996e-01
1.337504856430913047e-01
1.337169512723468401e-01
1.336834838473207610e-01
1.336500831984646365e-01
1.336167491564711485e-01
1.335834815522765895e-01
1.335502802170641656e-01
1.335173784405764008e-01
1.334846604805355885e-01
1.334520054339412287e-01
1.334194131527323968e-01
1.333868834889536115e-01
1.333544183417290918e-01
1.333220327789582660e-01
1.332897103766234326e-01
1.332574509815795949e-01
1.332252544408351613e-01
1.331931389926845621e-01
1.331610979557003027e-01
1.331291694950673121e-01
1.330976109831822629e-01
1.330661137325457599e-01
1.330346775918911373e-01
1.330033122913263643e-01
1.329720760054759199e-01
1.329408998832760092e-01
1.329097837777976909e-01
1.328787275422889103e-01
1.328477310301774406e-01
1.328167940950733261e-01
1.327859165907715189e-01
1.327550983712544042e-01
1.327247837608898084e-01
1.326946113082010659e-01
1.326644965453776526e-01
1.326344393294806023e-01
1.326048941336054887e-01
1.325757770390578461e-01
1.325467760197456546e-01
1.325178293775500504e-01
1.324889369845586029e-01
1.324600987129601615e-01
1.324313144350485749e-01
1.324025840232252449e-01
1.323739073500025121e-01
1.323452842880064872e-01
1.323167147099800489e-01
1.322881984887857576e-01
1.322597354974087980e-01
1.322313256089595324e-01
1.322029686966765816e-01
1.321746646339294895e-01
1.321464132942210823e-01
1.321182145511906880e-01
1.320900682786161628e-01
1.320619743504168053e-01
1.320339326406558822e-01
1.320059430235427378e-01
1.319780053734357084e-01
1.319501195648441760e-01
1.319222854724311500e-01
1.318945176956855814e-01
1.318668542478195205e-01
1.318394562252782898e-01
1.318121083041352004e-01
1.317848103670367643e-01
1.317575622967356586e-01
1.317303972407390944e-01
1.317033006680387031e-01
1.316762531212021248e-01
1.316492544883908766e-01
1.316223046578427758e-01
1.315954035178747428e-01
1.315685509568855494e-01
1.315418667695254784e-01
1.315152372722729890e-01
1.314886550568918067e-01
1.314621200170932591e-01
1.314356320466649741e-01
1.314091910394733775e-01
1.313827968894661913e-01
1.313564494906750146e-01
1.313301487372176557e-01
1.313039677080611312e-01
1.312780145504142959e-01
1.312521068855983242e-01
1.312263254117651545e-01
1.312007639502080769e-01
1.311752467706392145e-01
1.311497737755437654e-01
1.311243448674751788e-01
1.310989599490575697e-01
1.310736189229880500e-01
1.310483216920385330e-01
1.310230681590583701e-01
1.309978582269761549e-01
1.309726917988020822e-01
1.309475687776297248e-01
1.309224890666383367e-01
1.308974525690947688e-01
1.308724591883554389e-01
1.308475088278683029e-01
1.308226013911747143e-01
1.307977367819113390e-01
1.307729222855651685e-01
1.307481725727742405e-01
1.307234655669300138e-01
1.306988289331105224e-01
1.306743792459929832e-01
1.306499718410523980e-01
1.306256066218675904e-01
1.306012834921293775e-01
1.305770023556424853e-01
1.305527631163269642e-01
1.305285656782196602e-01
1.305044099454759909e-01
1.304802958223713616e-01
1.304562232133025246e-01
1.304321920227893838e-01
1.304082021554762716e-01
1.303842535161332805e-01
1.303603460096578459e-01
1.303364795410759114e-01
1.303126540155436497e-01
1.302888693383483787e-01
1.302651254149101157e-01
1.302414221507828818e-01
1.302177594516558123e-01
1.301941372233545169e-01
1.301705553718422725e-01
1.301470138032211898e-01
1.301235124237335172e-01
1.301000511397626125e-01
1.300766298578343305e-01
1.300532484846176895e-01
1.300299069269265917e-01
1.300066050917203508e-01
1.299833428861050799e-01
1.299601202173345793e-01
1.299369369928113638e-01
1.299137931200878004e-01
1.298906885068668582e-01
1.298676230610031623e-01
1.298445966905041049e-01
1.298216093035304552e-01
1.297986608083976368e-01
1.297757511135761987e-01
1.297528801276930377e-01
1.297300477595320356e-01
1.297072539180351147e-01
1.296844985123026539e-01
1.296617814515947653e-01
1.296391026453318496e-01
1.296164620030952896e-01
1.295938594346282835e-01
1.295712948498366768e-01
1.295487681587895734e-01
1.295262792717200850e-01
1.295040574413143797e-01
1.294820067398973207e-01
1.294599919108660457e-01
1.294380128732232349e-01
1.294160695460977173e-01
1.293945185156376854e-01
1.293730267631056641e-01
1.293515700621763465e-01
1.293301483330273061e-01
1.293087614959623488e-01
1.292874094714122069e-01
1.292660921799353435e-01
1.292448295130395608e-01
1.292237487700717558e-01
1.292027012625251992e-01
1.291816869178872007e-01
1.291607056637439355e-01
1.291397574277810822e-01
1.291188462447244722e-01
1.290979813068732496e-01
1.290771491307354524e-01
1.290563496444939451e-01
1.290355827764353425e-01
1.290148484549509256e-01
1.289941466085373356e-01
1.289734771657972123e-01
1.289528400554403875e-01
1.289322352062841903e-01
1.289116625472544464e-01
1.288911220073858943e-01
1.288706135158232680e-01
1.288501370018217962e-01
1.288296923947478412e-01
1.288092796240795368e-01
1.287888986194075658e-01
1.287685493104358536e-01
1.287482316269819571e-01
1.287279454989777860e-01
1.287076908564703248e-01
1.286874883065711184e-01
1.286675006433088408e-01
1.286476212249055839e-01
1.286277717901689321e-01
1.286079522770127714e-01
1.285881626234224306e-01
1.285684345695322361e-01
1.285489303313330778e-01
1.285294551162873833e-01
1.285100088644148819e-01
1.284905915158087442e-01
1.284712030106362202e-01
