5.429577975754215080e-01
5.141142912581033730e-01
4.928007294634870750e-01
4.763457168632053151e-01
4.629525497108265553e-01
4.515681018338783548e-01
4.415390107517008222e-01
4.324899783079075855e-01
4.243256594522054614e-01
4.169385674785638929e-01
4.101719632466327425e-01
4.038755101546714354e-01
3.980358530152156571e-01
3.925757658294990460e-01
3.874395293100268423e-01
3.825976927938982697e-01
3.780928988326829887e-01
3.738772127913125298e-01
3.699205577699867797e-01
3.662329207993904601e-01
3.627667766013895068e-01
3.594645936991279767e-01
3.563158256313356809e-01
3.532979594590753836e-01
3.504090344439931282e-01
3.476600271256592989e-01
3.450044263443697856e-01
3.424516299390842899e-01
3.399827809627469777e-01
3.376078006209782267e-01
3.353620826531940602e-01
3.332204909626436673e-01
3.311720233645601419e-01
3.292171190243409207e-01
3.273754588378372521e-01
3.256034396696887989e-01
3.238772712445551205e-01
3.222145613409296838e-01
3.206196856150085317e-01
3.190892908048481025e-01
3.176231287067592945e-01
3.162162896244764543e-01
3.148567355698174142e-01
3.135497428718438395e-01
3.122860739763244631e-01
3.110639884155277923e-01
3.098858422486378550e-01
3.087350057559855587e-01
3.076271330601981768e-01
3.065780220714527937e-01
3.055581276320759598e-01
3.045580607278969287e-01
3.035807830811166341e-01
3.026433655780836340e-01
3.017325071969060857e-01
3.008530511635765792e-01
2.999873866507666853e-01
2.991478697435258627e-01
2.983407697933896929e-01
2.975586626646630761e-01
2.968006606025329619e-01
2.960684460930099737e-01
2.953486505279816488e-01
2.946455374328645904e-01
2.939575258333656516e-01
2.932810885738642570e-01
2.926238059125919611e-01
2.919843811663589972e-01
2.913661935380978951e-01
2.907699516044090493e-01
2.901836658098056465e-01
2.896048015622207927e-01
2.890412219294483664e-01
2.884997693653717499e-01
2.879718808567436894e-01
2.874541594363128616e-01
2.869456118304863357e-01
2.864463314709909669e-01
2.859541128099117313e-01
2.854733900431042914e-01
2.850017513454130569e-01
2.845418108659628631e-01
2.840922435507625687e-01
2.836522809287622682e-01
2.832201763003159289e-01
2.827973931332354307e-01
2.823832036496022324e-01
2.819746171941868162e-01
2.815757576340063850e-01
2.811865815099098276e-01
2.808037841111127308e-01
2.804278048841640225e-01
2.800614934728206662e-01
2.797056249844479536e-01
2.793612438046670365e-01
2.790213007634362308e-01
2.786895352803404058e-01
2.783642922688904786e-01
2.780446426765249557e-01
2.777319920991093150e-01
2.774260938712673763e-01
2.771279530789249046e-01
2.768333243779352304e-01
2.765415289627328743e-01
2.762537138465753772e-01
2.759688046773137171e-01
2.756937924398786821e-01
2.754240862226720599e-01
2.751611689342372546e-01
2.749055894270429623e-01
2.746533516450688217e-01
2.744064625610996289e-01
2.741617761511798701e-01
2.739192892763697706e-01
2.736787175818545803e-01
2.734400408127256599e-01
2.732036497351958970e-01
2.729691898597399469e-01
2.727372443432377613e-01
2.725078568832189352e-01
2.722813186727077728e-01
2.720565035214445038e-01
2.718334601910346593e-01
2.716131125844950533e-01
2.713968437292746394e-01
2.711842583947635665e-01
2.709732225791207094e-01
2.707671636274616711e-01
2.705629677337594297e-01
2.703614273011573643e-01
2.701632681038498851e-01
2.699692829872848421e-01
2.697774153406160558e-01
2.695868906216408734e-01
2.693981281679491691e-01
2.692112422374679515e-01
2.690302511432516863e-01
2.688504960846043179e-01
2.686719660152141476e-01
2.684954074501279542e-01
2.683208424651002955e-01
2.681474428920296860e-01
2.679751985738315634e-01
2.678040994442848488e-01
2.676348741327668757e-01
2.674669561830430031e-01
2.673001465335182458e-01
2.671348129471791677e-01
2.669723839990348346e-01
2.668120253384301810e-01
2.666541416774005357e-01
2.664972671818430783e-01
2.663413934158423424e-01
2.661865120191735379e-01
2.660338271865108073e-01
2.658827806670989724e-01
2.657326915624047547e-01
2.655835518808405404e-01
2.654353537040118893e-01
2.652890897023579275e-01
2.651445497863977874e-01
2.650028172848968855e-01
2.648619660165296708e-01
2.647219885621299729e-01
2.645828775762749108e-01
2.644451015404771232e-01
2.643102097248785642e-01
2.641761438589428357e-01
2.640428890693100605e-01
2.639104426241474233e-01
2.637798129343688625e-01
2.636499668659617046e-01
2.635208981219340774e-01
2.633926004631787499e-01
2.632650677080240476e-01
2.631382937317817694e-01
2.630122724662924960e-01
2.628869978994685108e-01
2.627624640748346119e-01
2.626386650910677578e-01
2.625155951015344935e-01
2.623932483138288196e-01
2.622716189893075645e-01
2.621508117283989359e-01
2.620333651303769495e-01
2.619181567169759361e-01
2.618051999483368975e-01
2.616931514530731473e-01
2.615817499715251127e-01
2.614709903814240177e-01
2.613608676092338823e-01
2.612513766296879480e-01
2.611425124653266594e-01
2.610342701860365322e-01
2.609266449085916872e-01
2.608196317961970490e-01
2.607132260580334315e-01
2.606074229488050120e-01
2.605022177682897455e-01
2.603976058608913902e-01
2.602935826151945298e-01
2.601901434635229271e-01
2.600872838814997645e-01
2.599851688484206003e-01
2.598844974398714647e-01
2.597843829233392188e-01
2.596851753327090173e-01
2.595884644314506717e-01
2.594928208978477535e-01
2.593977022000205079e-01
2.593031043478845610e-01
2.592091759906525184e-01
2.591157864263321509e-01
2.590229032286059385e-01
2.589305225988215997e-01
2.588386407734626915e-01
2.587472540237874541e-01
2.586571751508184303e-01
2.585683062100475604e-01
2.584799146071499742e-01
2.583919967709491505e-01
2.583045491634118895e-01
2.582175880092479892e-01
2.581318194402267285e-01
2.580465600158831085e-01
2.579627130983082051e-01
2.578800265493015886e-01
2.577977726389259483e-01
2.577160565252097357e-01
2.576348158326317583e-01
2.575539947957445341e-01
2.574735904618802862e-01
2.573935999028836852e-01
2.573140202149074018e-01
2.572355187619544958e-01
2.571582097861432326e-01
2.570829740306934119e-01
2.570083227885783250e-01
2.569345599892586263e-01
2.568613880964412122e-01
2.567885818459602065e-01
2.567161387648191351e-01
2.566440563994684121e-01
2.565725421821737906e-01
2.565021398127390051e-01
2.564326905219324049e-01
2.563635872472621036e-01
2.562950302032247496e-01
2.562272374736437874e-01
2.561605511003592350e-01
2.560944556818046114e-01
2.560286838562809142e-01
2.559632334369567608e-01
2.558981022545422923e-01
2.558332881571469541e-01
2.557687890101386641e-01
2.557046026960030916e-01
2.556407271142039361e-01
2.555771601810435945e-01
2.555138998295251596e-01
2.554510831982707009e-01
2.553886280258049757e-01
2.553264704504482063e-01
2.552652788944493323e-01
2.552058278071427377e-01
2.551474199206964499e-01
2.550896127904330735e-01
2.550320697537505898e-01
2.549747891255481624e-01
2.549177692338230328e-01
2.548610084195617742e-01
2.548045050366333220e-01
2.547493069015350220e-01
2.546950010498701400e-01
2.546413260296320757e-01
2.545880149417985572e-01
2.545349392272640010e-01
2.544820974357721033e-01
2.544296878746277746e-01
2.543778865360415420e-01
2.543263129641253895e-01
2.542749657535364194e-01
2.542238435094317239e-01
2.541729448473875053e-01
2.541225489159958384e-01
2.540724831097047054e-01
2.540231412410198231e-01
2.539740986520476196e-01
2.539253792457382697e-01
2.538768700404054890e-01
2.538285697492060899e-01
2.537804770951192501e-01
2.537325908108629124e-01
2.536849096388104075e-01
2.536374323309078527e-01
2.535901576485926623e-01
2.535430843627126118e-01
2.534964621209129798e-01
2.534511720032670001e-01
2.534061669203899747e-01
2.533617855719123013e-01
2.533181180043383995e-01
2.532746354443592973e-01
2.532313367763600609e-01
2.531882208931444667e-01
2.531452866958637804e-01
2.531028286696438423e-01
2.530609287627042514e-01
2.530193556046074210e-01
2.529780025836392832e-01
2.529376092194525194e-01
2.528974958214270652e-01
2.528575457138414473e-01
2.528178718162756300e-01
2.527784210086251870e-01
2.527391302457108191e-01
2.526999986120658237e-01
2.526615119390707709e-01
2.526231975947325625e-01
2.525850358294566833e-01
2.525470257779943162e-01
2.525091665812748132e-01
2.524721886894744083e-01
2.524353761606704660e-01
2.523990687744781525e-01
2.523630593176206527e-01
2.523271910049527667e-01
2.522914630469650366e-01
2.522558746597131085e-01
2.522204250647733792e-01
2.521851863908148861e-01
2.521504037863218084e-01
2.521157537351133571e-01
2.520812355186845544e-01
2.520468484234377748e-01
2.520125917406453309e-01
2.519784647664121136e-01
2.519444668016387889e-01
2.519105971519849385e-01
2.518768551278331991e-01
2.518432400442525698e-01
2.518099489226000021e-01
2.517770257774939457e-01
2.517445334057338835e-01
2.517121628261823063e-01
2.516799742025498943e-01
2.516482106965262644e-01
2.516165652794107865e-01
2.515850523686463669e-01
2.515543326067764540e-01
2.515238939182394273e-01
2.514935672123355670e-01
2.514633518981970739e-01
2.514332473889574482e-01
2.514035223945539355e-01
2.513739425888985579e-01
2.513444698499248675e-01
2.513151036241796366e-01
2.512858433618701537e-01
2.512566885168361908e-01
2.512276385465223583e-01
2.511986929119511824e-01
2.511701852871033314e-01
2.511419776955077787e-01
2.511138866298139871e-01
2.510864411133568730e-01
2.510591767852355938e-01
2.510320108431578490e-01
2.510049427767137575e-01
2.509779720788908319e-01
2.509510982460475548e-01
2.509243207778881768e-01
2.508976391774371262e-01
2.508710529510140286e-01
2.508445616082083385e-01
2.508181646618550809e-01
2.507930068027806603e-01
2.507680700252001849e-01
2.507432213695016121e-01
2.507184603892808061e-01
2.506937866410314242e-01
2.506691996841233783e-01
2.506447990623240085e-01
2.506207598504421874e-01
2.505972070454487999e-01
2.505737362895861797e-01
2.505503471659728532e-01
2.505270392605003504e-01
2.505039119506863310e-01
2.504808870688257083e-01
2.504579414434124351e-01
2.504350746771618064e-01
2.504122863754128514e-01
2.503895761461085168e-01
2.503669435997750159e-01
2.503443883495017896e-01
2.503219100109217443e-01
2.502995082021913786e-01
2.502771825439712994e-01
2.502549326594065704e-01
2.502327772938544581e-01
2.502111585772657243e-01
2.501896128892577287e-01
2.501681398685291491e-01
2.501467732551198586e-01
2.501257984599220552e-01
2.501048939406811944e-01
2.500840593503353415e-01
2.500632943441027378e-01
2.500425985794642036e-01
2.500220083902039425e-01
2.500018297967872005e-01
2.499817178520027383e-01
2.499616722306678140e-01
2.499416926097176583e-01
2.499217786681883213e-01
2.499019300872007687e-01
2.498821465499445338e-01
2.498624277416618134e-01
2.498427733496315084e-01
2.498231830631535422e-01
2.498036565735332337e-01
2.497841959422712477e-01
2.497652802767924285e-01
2.497464264872982509e-01
2.497280201368517472e-01
2.497099027000692362e-01
2.496920532514921298e-01
2.496742614341096178e-01
2.496565738124504330e-01
2.496390996427715614e-01
2.496216816267695648e-01
2.496043195013628035e-01
2.495873723253596577e-01
2.495708455034199580e-01
2.495543716054396954e-01
2.495381397900288678e-01
2.495221769776680976e-01
2.495062641756699007e-01
2.494904011523675913e-01
2.494745876775424365e-01
2.494588235224128314e-01
2.494433027949495563e-01
2.494281557668469318e-01
2.494132768329879180e-01
2.493984441558081133e-01
2.493836575177736659e-01
2.493689167027449416e-01
2.493542214959655889e-01
2.493395716840518250e-01
2.493249670549822217e-01
2.493104073980870472e-01
2.492958925040378582e-01
2.492814221648375350e-01
2.492669961738097906e-01
2.492526143255895110e-01
2.492382764161120701e-01
2.492239822426042528e-01
2.492097316035738197e-01
2.491955242988000419e-01
2.491813601293238201e-01
2.491672388974384422e-01
2.491531604066797856e-01
2.491391308347689071e-01
2.491252460746009034e-01
2.491114032331818162e-01
2.490976021193145040e-01
2.490838425430013936e-01
2.490701243154357369e-01
2.490564472489919523e-01
2.490428111572173808e-01
2.490292158548227663e-01
2.490156611576738732e-01
2.490021468827825213e-01
2.489886728482982314e-01
2.489752388734993438e-01
2.489618775404287276e-01
2.489485672101973690e-01
2.489352964590699213e-01
2.489220651099283699e-01
2.489090200325196345e-01
2.488960840258283569e-01
2.488831861079397745e-01
2.488703261089648955e-01
2.488575067753697190e-01
2.488447739904400546e-01
2.488320777797405070e-01
2.488194620979595206e-01
2.488069440316113268e-01
2.487947140363349352e-01
2.487826750494058492e-01
2.487706702296754724e-01
2.487587899468934882e-01
2.487470174199490347e-01
2.487352779698048799e-01
2.487235714568395983e-01
2.487118977422588528e-01
2.487002566880893717e-01
2.486886481571731200e-01
2.486770720131613044e-01
2.486655281205081280e-01
2.486540163444652396e-01
2.486425365510759322e-01
2.486310886071689541e-01
2.486196723803532349e-01
2.486082877390119739e-01
2.485969345522969776e-01
2.485856126901230811e-01
2.485743220231628470e-01
2.485630624228407082e-01
2.485519168208698559e-01
2.485408540026042834e-01
2.485298216486178657e-01
2.485188196333949495e-01
2.485078478321411932e-01
2.484969061207780716e-01
2.484859943759382683e-01
2.484751124749600970e-01
2.484642602958829771e-01
2.484534377174423825e-01
2.484426446190646787e-01
2.484318808808625711e-01
2.484211463836302203e-01
2.484104410088383286e-01
2.483997646386294778e-01
2.483891171558132993e-01
2.483784984438620058e-01
2.483679083869055060e-01
2.483574190773521206e-01
2.483471004282113981e-01
2.483368231730459785e-01
2.483265738982477211e-01
2.483163524896879193e-01
2.483061588338861814e-01
2.482960306482982216e-01
2.482861522178508862e-01
2.482763004628859849e-01
2.482664752742485270e-01
2.482566765434098544e-01
2.482469041624635608e-01
2.482371580241208020e-01
2.482275599835865876e-01
2.482182809522657518e-01
2.482090268816078971e-01
2.481997976701747766e-01
2.481905932171065976e-01
2.481814134221176082e-01
2.481722581854923781e-01
2.481631274080817462e-01
2.481540209912984352e-01
2.481449388371136378e-01
2.481358808480529365e-01
2.481268469271921961e-01
2.481178369781540938e-01
2.481088509051039281e-01
2.480998886127460945e-01
2.480909500063202822e-01
2.480820349915975886e-01
2.480731434748770781e-01
2.480642753629817010e-01
2.480554305632551859e-01
2.480466386155808500e-01
2.480380096052233752e-01
2.480294336551778778e-01
2.480209780576598522e-01
2.480125440719836705e-01
2.480041316158554665e-01
2.479957406074206061e-01
2.479873709652604397e-01
2.479790226083897209e-01
2.479706954562535537e-01
2.479623894287247277e-01
2.479541044461008592e-01
2.479458404291016993e-01
2.479375972988660526e-01
2.479293749769493072e-01
2.479211733853207422e-01
2.479129924463606971e-01
2.479048320828578789e-01
2.478966922180067534e-01
2.478886198877502112e-01
2.478806116760732259e-01
2.478726235934162747e-01
2.478646555645483140e-01
2.478567075146331233e-01
2.478487793692264740e-01
2.478408710542736315e-01
2.478329824961071071e-01
2.478251136214437433e-01
2.478172643573824108e-01
2.478094346314015928e-01
2.478016243713567490e-01
2.477938335054782060e-01
2.477860619623682148e-01
2.477783096709989530e-01
2.477705765607102206e-01
2.477628625612065816e-01
2.477551676025554761e-01
2.477474916151846673e-01
2.477399305731115275e-01
