4.231942470711317905e-01
3.448745824692848183e-01
3.536075980276254804e-01
3.413817678239777220e-01
3.286394050268360845e-01
3.402289937502519512e-01
3.430960407171318449e-01
3.317086111045340902e-01
3.247133961845415917e-01
3.351419908298450268e-01
3.423552726972886040e-01
3.209724981259649557e-01
3.249565372079839531e-01
3.197978911651584988e-01
3.217445213676072835e-01
3.168012182010653821e-01
3.037233047374802153e-01
3.160261519523281937e-01
3.136762872198708418e-01
3.241073199866954524e-01
3.160730831481000647e-01
3.012982686591134662e-01
3.002472085511472821e-01
3.128816964741049089e-01
3.243238449159088210e-01
3.095463928938067544e-01
3.088613657270011803e-01
3.304451639438193977e-01
3.125640255838747494e-01
3.212880613475282976e-01
3.179959452920100849e-01
3.060667209422063273e-01
3.107571062221234914e-01
3.193967581407868295e-01
3.106601521104102037e-01
3.130376356524524062e-01
3.062329736063681418e-01
3.115411261525926068e-01
3.064668544799497574e-01
3.062464545448885800e-01
3.020305518685406088e-01
3.093956958383513034e-01
3.137737542284476100e-01
3.135726197394659298e-01
3.097005209288697936e-01
3.045837392474946559e-01
3.073527827069382767e-01
2.941682248591278026e-01
3.143235638967649126e-01
2.977639801895438643e-01
3.072233152218567520e-01
3.102443617922950314e-01
3.173785391984497162e-01
3.047974800504161808e-01
3.124374276878237877e-01
3.228090363123556905e-01
3.130556349653486059e-01
3.042323470196155455e-01
3.069567768577154410e-01
3.020508426116015888e-01
3.050911936325284568e-01
2.979070827254409748e-01
3.103587662607495967e-01
3.106220911013725106e-01
3.218891991459831292e-01
3.234612836593044882e-01
3.100503101908942405e-01
3.005727099643312195e-01
3.048371136009190296e-01
3.079085793901082946e-01
3.138311724977682071e-01
3.077345272717162405e-01
3.035479454606703209e-01
3.041011741439964555e-01
3.105379508154225143e-01
3.101884893901555307e-01
3.073893175587807391e-01
3.019013720041182625e-01
3.263258780518755731e-01
3.070766291058106279e-01
2.994725764911433386e-01
3.030978634479276623e-01
3.090748756185452972e-01
3.130969887873658597e-01
3.067461776382830463e-01
3.023802616675210775e-01
3.163770824605165455e-01
3.022524066561719236e-01
2.994199927851602383e-01
3.019922427770284079e-01
3.015909999763773941e-01
3.000879604554398949e-01
3.021484168954876592e-01
2.992003648043891073e-01
3.024062290490915350e-01
2.926839291561702527e-01
3.020677728167923126e-01
3.127748544641095196e-01
3.106657896678336472e-01
2.984245839043545567e-01
3.046189934562618107e-01
3.124586873399226583e-01
2.929259057092406526e-01
3.099350622305015457e-01
3.211834080656429391e-01
3.124709138438842015e-01
3.233424828010664775e-01
3.020416585897938710e-01
3.047312089191028806e-01
3.052853820164699306e-01
3.026121178408358037e-01
2.966831278125361959e-01
3.010174782503904911e-01
2.985128314771777758e-01
3.029056106377313040e-01
3.063470276116646018e-01
3.051053833034564344e-01
3.016671940178796141e-01
3.146065578721534139e-01
3.093240559158004221e-01
2.950927160881520739e-01
3.078512245527507130e-01
2.972398282635545508e-01
3.111106421853596649e-01
3.249843274761014533e-01
3.101646202267190344e-01
3.071738734173426466e-01
3.077086155487092078e-01
3.153187605882561417e-01
3.181729181565466358e-01
3.115485913401584983e-01
3.042346262349487351e-01
2.911940885168538551e-01
3.136420347145863485e-01
3.065886239153907122e-01
3.052683738277951475e-01
3.065557624898033184e-01
3.016617361531495622e-01
3.109392871123717872e-01
3.187271207263013828e-01
2.996234210522916719e-01
2.987923714334495551e-01
3.194330077515143973e-01
2.958151566482606909e-01
3.035116127681821152e-01
3.182600289025611096e-01
3.001045872266036585e-01
3.277629308526421870e-01
3.242603504384300450e-01
3.143308239046057051e-01
2.933523201056305041e-01
3.088084137828501219e-01
3.144758806388548433e-01
3.244018390764850657e-01
2.992459859951372425e-01
2.985290833938381572e-01
2.946159472445341598e-01
3.069544058582928669e-01
3.079803008990596447e-01
3.140621874854704343e-01
3.127100055512105903e-01
3.199154555112787013e-01
3.052758751725804243e-01
2.999310927312890396e-01
3.190480643203990607e-01
3.010277104355979505e-01
2.978017043326901536e-01
2.990502118661955699e-01
3.031010291928226685e-01
2.980758363520201182e-01
2.994087338656164499e-01
3.089077371552184648e-01
2.955576474281675914e-01
3.075351333881335969e-01
3.050750712117152874e-01
3.137773991673695195e-01
3.008242392536217835e-01
3.061104148705102723e-01
3.156503840115769122e-01
3.058569388211345719e-01
3.097058190885089712e-01
3.042225459712996627e-01
3.005004560938565050e-01
2.986389562563221967e-01
2.940211632262711983e-01
3.029574156162427312e-01
3.153734895060614773e-01
3.207792015279410935e-01
3.112598686916273061e-01
3.084547396542507980e-01
3.054811632318466530e-01
2.984295621019867895e-01
3.021741358376148767e-01
3.266241934429804372e-01
3.109325366963475723e-01
3.046746898699018713e-01
3.119056173168952006e-01
3.063619744040768089e-01
3.043722875569473407e-01
3.065709388521536405e-01
3.176417542835597296e-01
3.032004372851491159e-01
2.891140536348007495e-01
2.960151699250029300e-01
3.104708866615772944e-01
3.071949314335686299e-01
3.126941512055004257e-01
3.092358517546340835e-01
3.123719546170402594e-01
3.221159105748720997e-01
3.110546768295903153e-01
3.226201462694672784e-01
3.052332616507562046e-01
3.068356045761971296e-01
3.005041917545602237e-01
3.002877150496791603e-01
3.118418095234149479e-01
3.130294987074406787e-01
3.028174468658295093e-01
3.149993888592485525e-01
2.924209175787164661e-01
3.126792419793805733e-01
3.104057085686546813e-01
2.982229407703059221e-01
3.085129521886487702e-01
3.072430148630712066e-01
3.117622673641469722e-01
3.054903067525563398e-01
3.250169656953839636e-01
3.000900625672948685e-01
3.028727783652521155e-01
3.012886596396082695e-01
3.068479683871078167e-01
3.106976341236240557e-01
3.115272123356424006e-01
2.990704930281701257e-01
3.037794723699575039e-01
3.039799239973753342e-01
3.166385757879728313e-01
3.114525389128370292e-01
3.071508973155169797e-01
3.093503334589639553e-01
3.119240170843500803e-01
2.958870561904066165e-01
3.045457861646538311e-01
3.017481098640200088e-01
3.029041764191489627e-01
3.094502586538605549e-01
3.000372247701827977e-01
2.967990589913815369e-01
3.074762160824003887e-01
3.124575345620483335e-01
3.115180344587077932e-01
3.020915690330772119e-01
2.940765735326910657e-01
3.068901095804951185e-01
3.109434877122726482e-01
3.244975136374082525e-01
3.064793789848807570e-01
2.998242688893606456e-01
3.181050318823464562e-01
2.933946810614039835e-01
3.021737772287907964e-01
3.051661879810176892e-01
3.022370484107731459e-01
3.029471933914811843e-01
3.178145144416694157e-01
3.027610252612068509e-01
3.071138384808519417e-01
2.965752027800831470e-01
3.074276848786269833e-01
3.007002222850007067e-01
3.125233576440127892e-01
3.079481519557719094e-01
3.080937696696445238e-01
3.179256328070058091e-01
3.047286093002959384e-01
3.061175768322282886e-01
3.060771155395237697e-01
3.146448681241500456e-01
3.101409368243246423e-01
3.110734155770626397e-01
3.041156155985570431e-01
3.091443048597239951e-01
3.102406416597137118e-01
3.094501243711849647e-01
3.157366639046197965e-01
2.976463379243411422e-01
2.982345518327895184e-01
3.033614310333236364e-01
3.204023873046182302e-01
3.167123936723221234e-01
3.171228951849552891e-01
3.003021001407235047e-01
3.048942321878405637e-01
3.030230718495979247e-01
3.091173235546132436e-01
2.908811815837299974e-01
2.986959474212922960e-01
3.078865165841069840e-01
3.089170944107259564e-01
3.074919949823173848e-01
3.048122852056789345e-01
3.087879715613865428e-01
3.013846649345143236e-01
2.947605213874515129e-01
3.019478939401286088e-01
3.110106556606299089e-01
3.117804403536303948e-01
3.151928234590303246e-01
2.888179247663223426e-01
3.041042429511547351e-01
3.136322711948804076e-01
3.140768101729704553e-01
3.107709396646838873e-01
3.011912568695171988e-01
3.039163390754651140e-01
3.077144066299047909e-01
3.098475480690002781e-01
3.027638033681672169e-01
2.970139652226088667e-01
3.032827121657449831e-01
3.003334278825044446e-01
2.982913522970785936e-01
2.853241001760334350e-01
2.960909883124369091e-01
2.998659373788902793e-01
3.106693964466148983e-01
3.030582259730871253e-01
2.895260816975176454e-01
3.092080263561007847e-01
3.074329855617739526e-01
3.086262289855849494e-01
3.052415655495678837e-01
3.088129081252243280e-01
2.850683837431559065e-01
3.181896922428449348e-01
3.124817298389244158e-01
3.150744460490284560e-01
2.915489024614286717e-01
3.048224751219066886e-01
3.005244290961179288e-01
3.010196607824496828e-01
3.001281171193600494e-01
3.075045770494616582e-01
3.038133214339937549e-01
3.136116415442226635e-01
3.055909916668061443e-01
2.805799379751814371e-01
3.026269158054082919e-01
3.118763901853122689e-01
3.073847469806927912e-01
3.061704119501041377e-01
3.104164322727619441e-01
2.963331592540530690e-01
3.139926716943707286e-01
3.058956124101411822e-01
3.108116440819385096e-01
3.058225293880232898e-01
3.173920559937498664e-01
2.955589510596380309e-01
3.014209073926898963e-01
3.104278207721324345e-01
2.983985726538681549e-01
3.181142791679078541e-01
2.930953915963888101e-01
3.064936628471462421e-01
3.033091763688977593e-01
3.122029048674770380e-01
3.010418800674175555e-01
3.134153405268159109e-01
3.034984645813394444e-01
3.030409398342326921e-01
3.119432830252691358e-01
3.166523902363515552e-01
2.997085563451926671e-01
3.197122394724795647e-01
3.080415396811808093e-01
3.023611365581719834e-01
3.116513937470179463e-01
3.114409838718961154e-01
3.160398572727184940e-01
2.971846524920516153e-01
2.966715167385310936e-01
2.990679828024261355e-01
2.930520047471718570e-01
3.145634693116685643e-01
3.021609266138747252e-01
3.115736782587100184e-01
3.079902121051694697e-01
3.137776717165423057e-01
3.029526914950890770e-01
3.017326873591885672e-01
3.137776039881101653e-01
3.024543436122595907e-01
3.015638364031703600e-01
3.072066617625827667e-01
3.049532562520654855e-01
3.102228534179243269e-01
3.061032715309353058e-01
3.069409738936349497e-01
3.046194757588105428e-01
3.268888100689331666e-01
3.063884392520810351e-01
3.151304482805049600e-01
3.203693136003153974e-01
3.046148082735937734e-01
3.013596411426067712e-01
3.102001049642776898e-01
3.135005677594347451e-01
3.110538402828863513e-01
3.223140762601703346e-01
3.104047466293418100e-01
3.110177992492663135e-01
3.060135060245194882e-01
2.970281445209100313e-01
3.065251295632488437e-01
3.051896393161655507e-01
3.072808285548284113e-01
3.131200645711435526e-01
3.132628935149968652e-01
2.965429564553614394e-01
3.030862868002510147e-01
3.083759212367570002e-01
3.133892019056054301e-01
2.950156013348484985e-01
3.063281015093350379e-01
3.222073619647027320e-01
3.107625638504683541e-01
2.964893101229220673e-01
2.929867991826041740e-01
2.969231724324937760e-01
2.845222118805728617e-01
3.103549862302863449e-01
3.055457704587160594e-01
2.964793642454931488e-01
2.983260137687512303e-01
3.109980691907064942e-01
3.016572328027580241e-01
2.996928002912139788e-01
3.157366771747890377e-01
3.080675170999904733e-01
2.995774883483721673e-01
3.072962005304534228e-01
3.045052734456107912e-01
3.152248134586432826e-01
3.084409808184381818e-01
3.056671189465533511e-01
3.145502003919332656e-01
3.067748182657833445e-01
3.115444238570702074e-01
2.959126412574012988e-01
3.090400814461326529e-01
3.008264116236500363e-01
3.072483715279205607e-01
3.137918674175741440e-01
3.292494121171264387e-01
3.081028570186195581e-01
3.177828590003506370e-01
3.024470696062920849e-01
2.992122135428112450e-01
3.109878528040294632e-01
2.867500811708868502e-01
3.127063233908244921e-01
3.060670211865996748e-01
2.988039399666083673e-01
3.119556244691092384e-01
3.133649056909767472e-01
3.170042316666358273e-01
3.029810616860977301e-01
3.141207310206297065e-01
3.026046444980383665e-01
3.065985842318036947e-01
3.032233379967831377e-01
3.103127694849330265e-01
3.085131329793158739e-01
2.998168498547086336e-01
3.030827658116582723e-01
3.086753619925338143e-01
3.103711542010667568e-01
3.041199899700020581e-01
3.123122240833711705e-01
2.977048348499729546e-01
3.096297559612263828e-01
3.091993300307547266e-01
3.089046321151610042e-01
3.158552299404383534e-01
3.052078549356121995e-01
3.029584539111817021e-01
3.113926267789352553e-01
3.214526135880370061e-01
3.109719390573064679e-01
2.952089248007309097e-01
3.000698674509783004e-01
3.042121551492176224e-01
3.073020545445632190e-01
2.971504345821379678e-01
3.003663390375695963e-01
3.171623794692937648e-01
3.103428122402404621e-01
3.095939222945423008e-01
3.064338441945674285e-01
3.231927063911305686e-01
3.137287253856476110e-01
3.061022499599698743e-01
3.088764831301020197e-01
2.957549983128113236e-01
3.193397827232216657e-01
3.050015777973273390e-01
3.001394821561690351e-01
3.083146252113064256e-01
3.042581927342707937e-01
3.055575082031595224e-01
3.048730379835265514e-01
3.147849739877942588e-01
3.078099224327816574e-01
2.980196574547649413e-01
2.996478972924934148e-01
3.111820229835088325e-01
2.877081934371950034e-01
2.937794614176867936e-01
3.037585862247523250e-01
3.035610237391545008e-01
3.032392103092181324e-01
2.977236848820407067e-01
3.149728709106947022e-01
2.967974268763181600e-01
3.063258598783573650e-01
2.963203357309314723e-01
3.130286262222452542e-01
3.017091891839889239e-01
3.195109445168926032e-01
3.023135394697316070e-01
2.994366692845406575e-01
3.088328032249166299e-01
3.031865065734941078e-01
2.924783667902565720e-01
3.184524318030549916e-01
3.098836942574256792e-01
2.930530538150982189e-01
2.942070503515871183e-01
2.896661056651068655e-01
3.020448033476314520e-01
2.980075632539523900e-01
3.134638853972501193e-01
3.054203309579311965e-01
3.029455548841891166e-01
3.189271088016834010e-01
3.051019170230767075e-01
3.009135538845524871e-01
3.133294989387189200e-01
3.196956068445514498e-01
3.109602573040418094e-01
3.109212913852415494e-01
3.093617299134037713e-01
3.046339457842658915e-01
3.089325232928845089e-01
3.127428541305813936e-01
3.032385209200312848e-01
2.983608939143465588e-01
3.008182793743909289e-01
3.044036244148416448e-01
3.027111575254984865e-01
3.038052061693895523e-01
3.160578656530701469e-01
3.095881644787931708e-01
3.093052643544563218e-01
3.019684210778758593e-01
3.012599364091259058e-01
3.066853469875908123e-01
3.148251347902664143e-01
3.058700250621698702e-01
3.044983889292488533e-01
3.009129232569294210e-01
3.074694982055625747e-01
3.007137074559966261e-01
3.067673035923045854e-01
3.120104566079611730e-01
3.064059316979300673e-01
3.090488299059447330e-01
3.047361483159344853e-01
3.169673711768711266e-01
2.999419904991301733e-01
3.205326710293194825e-01
2.989818546412567613e-01
2.986171558099645074e-01
3.053535937152156432e-01
3.118036501793403636e-01
3.045802616861522094e-01
2.965855741973213999e-01
3.007045297339875356e-01
2.994683900062342086e-01
3.031656636639475932e-01
3.054331250078180515e-01
3.092692745834527690e-01
3.074506759153524116e-01
3.188816285290883568e-01
3.016819656223759805e-01
3.077717521694731673e-01
3.001695966596891196e-01
