5.600169649753065082e-01
5.297372637168044074e-01
5.074196243247292015e-01
4.900507042908643918e-01
4.757701660274016864e-01
4.636628628535002794e-01
4.531768470259761594e-01
4.437546800014830484e-01
4.352178095665987789e-01
4.274067685444375986e-01
4.202706093887465522e-01
4.136511991597855431e-01
4.074516728325239256e-01
4.016260745252983044e-01
3.961465495561944383e-01
3.909865929671880735e-01
3.861217985449981183e-01
3.815236095201258726e-01
3.772085975353708376e-01
3.730993448002802304e-01
3.692055436684672509e-01
3.655420901744578788e-01
3.620806158111976591e-01
3.587666120524116709e-01
3.556073561509788816e-01
3.525904947929875410e-01
3.496927174489682932e-01
3.469423415054279647e-01
3.443467111520616131e-01
3.418625124376809543e-01
3.394622669070279097e-01
3.371706600835517875e-01
3.349956612190536642e-01
3.329048007808207421e-01
3.308738702628427064e-01
3.289029478343645230e-01
3.270020022856428565e-01
3.251623888167403109e-01
3.233988543619987222e-01
3.216979697823967310e-01
3.200442271407641370e-01
3.184442647585047359e-01
3.169003855122454749e-01
3.154215541561106173e-01
3.140056707651306955e-01
3.126335835461286350e-01
3.112988175324687412e-01
3.100090681893339362e-01
3.087481039000558036e-01
3.075253052033644074e-01
3.063322821300881182e-01
3.051757999438820534e-01
3.040701233166232531e-01
3.029926831379258778e-01
3.019519061504848390e-01
3.009307071874677830e-01
2.999357176452698837e-01
2.989716622056072803e-01
2.980487708662459267e-01
2.971547667192609432e-01
2.962969238564055474e-01
2.954611970959856171e-01
2.946520898361891239e-01
2.938615075797307297e-01
2.930969234454496308e-01
2.923581976549569084e-01
2.916416592374047045e-01
2.909557365803806528e-01
2.902915806037028590e-01
2.896441555593274875e-01
2.890096343758620789e-01
2.883977846584362958e-01
2.878061514643918128e-01
2.872338128259442347e-01
2.866874002123885323e-01
2.861581254577027500e-01
2.856405951237261376e-01
2.851379912850492415e-01
2.846495690238375897e-01
2.841674177488424102e-01
2.836963359609600555e-01
2.832311037252594477e-01
2.827740793685110665e-01
2.823302343844619755e-01
2.818952695521803609e-01
2.814682156342141472e-01
2.810499252578927409e-01
2.806444659801013986e-01
2.802442533098601363e-01
2.798484631599392758e-01
2.794637459479596964e-01
2.790899799978977525e-01
2.787207581383410737e-01
2.783564943164810734e-01
2.780003246818043006e-01
2.776490357885646465e-01
2.773026700220721508e-01
2.769613849221121971e-01
2.766268839925672962e-01
2.762977090338885611e-01
2.759792241444568583e-01
2.756690817947253791e-01
2.753628704689087270e-01
2.750613515044307844e-01
2.747657541777303036e-01
2.744802806014288166e-01
2.741991193142358507e-01
2.739208255493436051e-01
2.736473328942318206e-01
2.733780554580279576e-01
2.731119202409351687e-01
2.728522724047994785e-01
2.725948692153312147e-01
2.723418366651111366e-01
2.720963205229258164e-01
2.718580263773994199e-01
2.716230293061872025e-01
2.713912063056937440e-01
2.711618233428895741e-01
2.709360040389610647e-01
2.707122658954973504e-01
2.704903709234798281e-01
2.702713227086718795e-01
2.700556540719271092e-01
2.698417101874621693e-01
2.696294708279901031e-01
2.694189161108936359e-01
2.692108291530399544e-01
2.690051338954932425e-01
2.688010361430578365e-01
2.685985179975855508e-01
2.683975618475200609e-01
2.681984826128500643e-01
2.680048813011732811e-01
2.678164457978514656e-01
2.676330034733513386e-01
2.674509129051764744e-01
2.672719205571921774e-01
2.670956646548072189e-01
2.669209344077924095e-01
2.667486640930723518e-01
2.665791464159276147e-01
2.664133773357438839e-01
2.662488775675168617e-01
2.660855223718379126e-01
2.659239079704948105e-01
2.657655353100993323e-01
2.656082446933609731e-01
2.654540462787912114e-01
2.653009530735396804e-01
2.651497020985604247e-01
2.650001395250660696e-01
2.648518724120432211e-01
2.647057272940777639e-01
2.645605432317095773e-01
2.644199248473902419e-01
2.642829631166474513e-01
2.641478584695358123e-01
2.640143193921710707e-01
2.638817992467911711e-01
2.637505766200171076e-01
2.636201904572605947e-01
2.634932609036971796e-01
2.633736594845300094e-01
2.632567269074708727e-01
2.631428629005888031e-01
2.630307812675728441e-01
2.629193516190694857e-01
2.628088501026197843e-01
2.626993682616750037e-01
2.625905217310308126e-01
2.624823057648329461e-01
2.623747156577834194e-01
2.622680920374443336e-01
2.621622239277675015e-01
2.620569644823413369e-01
2.619523091903986356e-01
2.618482535800877864e-01
2.617447932180617665e-01
2.616419237090749639e-01
2.615404904143272535e-01
2.614397214865251118e-01
2.613397404445452765e-01
2.612407704212357795e-01
2.611441593827805718e-01
2.610493972725806411e-01
2.609551643363724471e-01
2.608635102048413867e-01
2.607724163563645559e-01
2.606818205332511185e-01
2.605920406220021412e-01
2.605031362544064089e-01
2.604148002325301636e-01
2.603276423014468932e-01
2.602409497899049740e-01
2.601547195647045951e-01
2.600702348575233969e-01
2.599875730357500414e-01
2.599055197918605509e-01
2.598255190076441679e-01
2.597469818164164224e-01
2.596693233011904134e-01
2.595921778773299660e-01
2.595155546176534656e-01
2.594402630199829640e-01
2.593660706906740221e-01
2.592926475337977155e-01
2.592207010557986413e-01
2.591491456381672109e-01
2.590788322357524542e-01
2.590088661787762203e-01
2.589392453198692823e-01
2.588701463593685026e-01
2.588016994508098301e-01
2.587335883508661838e-01
2.586658109801381333e-01
2.585983652708221392e-01
2.585312491667570711e-01
2.584644606234647313e-01
2.583981456730907733e-01
2.583326537471980489e-01
2.582674818967065078e-01
2.582026280738845547e-01
2.581380902443344283e-01
2.580738663869764360e-01
2.580103547038341549e-01
2.579472494496660717e-01
2.578844484103580692e-01
2.578219496666668276e-01
2.577597513116007266e-01
2.576978514504109641e-01
2.576362482005791765e-01
2.575749396918031175e-01
2.575139240659788387e-01
2.574531994771808718e-01
2.573927640916394144e-01
2.573326160877158486e-01
2.572727536558746531e-01
2.572131749986549254e-01
2.571539043094434596e-01
2.570955527662222018e-01
2.570374762314395212e-01
2.569796729823893289e-01
2.569225537687006011e-01
2.568659186910934866e-01
2.568095486433039087e-01
2.567535504859997930e-01
2.566984872526034134e-01
2.566438884509242291e-01
2.565895426965735249e-01
2.565354484167452487e-01
2.564818213745300168e-01
2.564284886978799305e-01
2.563754008719830724e-01
2.563234438412244631e-01
2.562723400038520172e-01
2.562214668879742030e-01
2.561710224420173376e-01
2.561210684965718465e-01
2.560713372678288802e-01
2.560219676030625058e-01
2.559730985009434634e-01
2.559244457843989351e-01
2.558760081633704719e-01
2.558277843565250342e-01
2.557797730912153567e-01
2.557319731034393695e-01
2.556847250677188321e-01
2.556383607554882920e-01
2.555927107464474046e-01
2.555472587084512415e-01
2.555020034922103056e-01
2.554574447982762564e-01
2.554131971572649595e-01
2.553692100688737532e-01
2.553259023000157280e-01
2.552827815501099162e-01
2.552398467340193378e-01
2.551970967737056672e-01
2.551548842384219196e-01
2.551129108066151341e-01
2.550711191482725182e-01
2.550295081923747986e-01
2.549880768753009508e-01
2.549468241407858438e-01
2.549057489398763865e-01
2.548648502308884511e-01
2.548241269793636299e-01
2.547835781580246595e-01
2.547436442912727750e-01
2.547040739939676612e-01
2.546646706562871176e-01
2.546254333333762276e-01
2.545863610865649607e-01
2.545474529833358091e-01
2.545087080972913696e-01
2.544701997135794813e-01
2.544320641977927955e-01
2.543940874680925002e-01
2.543563532406771244e-01
2.543189860557744653e-01
2.542825095742707875e-01
2.542462779165782782e-01
2.542105543214187580e-01
2.541754637425487351e-01
2.541405135802674020e-01
2.541057030927535432e-01
2.540710315426337740e-01
2.540364981969626124e-01
2.540021023272033274e-01
2.539678432092074001e-01
2.539339640544415744e-01
2.539005506896586661e-01
2.538672681377559526e-01
2.538341157126983161e-01
2.538010927326799226e-01
2.537683202762365808e-01
2.537362922699391565e-01
2.537043899471140285e-01
2.536726126394514003e-01
2.536409596829024560e-01
2.536094304176539360e-01
2.535780241881027131e-01
2.535467403428298683e-01
2.535155782345756004e-01
2.534845372202133573e-01
2.534536166607243013e-01
2.534228159211721620e-01
2.533921343706772578e-01
2.533615713823913485e-01
2.533316584888047895e-01
2.533019929966286443e-01
2.532729792236043109e-01
2.532441892272391248e-01
2.532155087469293298e-01
2.531869372226687731e-01
2.531584740978340409e-01
2.531301188191653062e-01
2.531018708367481218e-01
2.530738505098083513e-01
2.530460534413058737e-01
2.530185565905535006e-01
2.529911639924852795e-01
2.529638751113957862e-01
2.529366894148994405e-01
2.529096063739105227e-01
2.528826254626223013e-01
2.528557461584872712e-01
2.528289679421966696e-01
2.528022902976606590e-01
2.527757745921518917e-01
2.527493964298599960e-01
2.527231957512499627e-01
2.526975641348547241e-01
2.526727743778196533e-01
2.526480760674542081e-01
2.526234687449279148e-01
2.525992704740591677e-01
2.525753178725647641e-01
2.525518994623783264e-01
2.525285657312592580e-01
2.525053162548199226e-01
2.524821506113144598e-01
2.524590683816217984e-01
2.524360691492287256e-01
2.524131525002132892e-01
2.523905344080253355e-01
2.523680247478879979e-01
2.523457775961281957e-01
2.523236912642011220e-01
2.523016826442611160e-01
2.522797513537626823e-01
2.522578970125315956e-01
2.522361192427493570e-01
2.522144176689377071e-01
2.521927919179431932e-01
2.521712416189217931e-01
2.521497664033234831e-01
2.521283659048770831e-01
2.521070397595751578e-01
2.520857876056587510e-01
2.520646090836022868e-01
2.520437921375109358e-01
2.520230558050238212e-01
2.520023904382520108e-01
2.519822106662766292e-01
2.519623957390360602e-01
2.519426480531464230e-01
2.519229672856859725e-01
2.519033531157159889e-01
2.518838052242678427e-01
2.518643232943297838e-01
2.518449070108338961e-01
2.518255560606433852e-01
2.518064315375803108e-01
2.517877429016290303e-01
2.517691162545694916e-01
2.517505513072914036e-01
2.517320477724064309e-01
2.517136053642376470e-01
2.516952237988083763e-01
2.516769027938308700e-01
2.516586420686956482e-01
2.516404413444603971e-01
2.516223003438389227e-01
2.516043755413919225e-01
2.515867735846294417e-01
2.515692273833557424e-01
2.515517366905987151e-01
2.515343012607985096e-01
2.515169208497990416e-01
2.514997094149412638e-01
2.514825657560106342e-01
2.514654756113761103e-01
2.514486336382196208e-01
2.514318635023152226e-01
2.514151449959852180e-01
2.513984778998774039e-01
2.513818619958347877e-01
2.513652970668885378e-01
2.513487828972507665e-01
2.513323192723076471e-01
2.513159059786124194e-01
2.512998221793444342e-01
2.512838768835963243e-01
2.512679793821611662e-01
2.512523433406778084e-01
2.512368853728802476e-01
2.512214740443904359e-01
2.512061091574983585e-01
2.511907905156207654e-01
2.511755179232935120e-01
2.511602911861635645e-01
2.511451101109818951e-01
2.511299745055953769e-01
2.511148841789399011e-01
2.510998389410321052e-01
2.510848386029627677e-01
2.510698829768888696e-01
2.510549718760265447e-01
2.510401051146439189e-01
2.510252825080535599e-01
2.510105038726054838e-01
2.509957690256803264e-01
2.509810777856816832e-01
2.509664299720296698e-01
2.509518254051536501e-01
2.509372639064851862e-01
2.509227452984517659e-01
2.509082694044693085e-01
2.508938360489358366e-01
2.508794450572243151e-01
2.508650962556766006e-01
2.508507894715963915e-01
2.508365245332425664e-01
2.508223012698230225e-01
2.508081195114878481e-01
2.507940814479623914e-01
2.507806476747701518e-01
2.507672519247800547e-01
2.507538940500939062e-01
2.507405739035893921e-01
2.507272913389151925e-01
2.507140462104859302e-01
2.507008383734769530e-01
2.506876676838193374e-01
2.506745339981951703e-01
2.506614371740323310e-01
2.506483770694998836e-01
2.506353535435029145e-01
2.506224302564340478e-01
2.506098686978109336e-01
2.505973421295773496e-01
2.505848504173573965e-01
2.505723934274807219e-01
2.505599710269778568e-01
2.505475830835755535e-01
2.505352294656922330e-01
2.505229100424330446e-01
2.505106246835855366e-01
2.504983732596148260e-01
2.504861556416594914e-01
2.504739717015265765e-01
2.504618213116875380e-01
2.504497124586654300e-01
2.504376697463048251e-01
2.504256601711726260e-01
2.504136836099498664e-01
2.504018073804510913e-01
2.503902156653374789e-01
2.503786559205508633e-01
2.503671280262350085e-01
2.503557571554467232e-01
2.503444215845712084e-01
2.503331171988522619e-01
2.503218438816597891e-01
2.503106015169559995e-01
2.502993899892906882e-01
2.502882091837981271e-01
2.502770589861930128e-01
2.502659392827662477e-01
2.502548499603818866e-01
2.502437909064730293e-01
2.502327620090378790e-01
2.502217631566364675e-01
2.502107942383868799e-01
2.501998551439615359e-01
2.501889457635837477e-01
2.501780659880237789e-01
2.501672157085958470e-01
2.501563948171544594e-01
2.501456032060904167e-01
2.501348407683280373e-01
2.501241073973213269e-01
2.501134029870507036e-01
2.501027274320197225e-01
2.500920806272513564e-01
2.500814624682849430e-01
2.500708728511730206e-01
2.500603116724777197e-01
2.500497788292676549e-01
2.500392742191148154e-01
2.500287977400910688e-01
2.500183492907653848e-01
2.500080319127467310e-01
2.499979493932285302e-01
2.499881554305543319e-01
2.499784442467530288e-01
2.499687583426151993e-01
2.499590976306571288e-01
2.499494841837702486e-01
2.499399531509693406e-01
2.499304469102180404e-01
2.499209653763540262e-01
2.499115084646062190e-01
2.499020760905923122e-01
2.498926681703164399e-01
2.498832846201668179e-01
2.498739253569135232e-01
2.498645902977061073e-01
2.498552793600715694e-01
2.498459924619117478e-01
2.498367295215015160e-01
2.498274904574862287e-01
2.498182751888795572e-01
2.498090836350615185e-01
2.497999157157761718e-01
2.497907713511293981e-01
2.497816504615870403e-01
2.497725529679723500e-01
2.497634787914642940e-01
2.497544278535953066e-01
2.497454000762490967e-01
2.497363953816588433e-01
2.497274136924049204e-01
2.497184549314131197e-01
2.497095190219522087e-01
2.497009015755252970e-01
2.496923223428740013e-01
2.496837646992309256e-01
2.496752285732288246e-01
2.496667138938192532e-01
2.496582205902702079e-01
2.496497485921644055e-01
2.496412978293972573e-01
2.496328682321753700e-01
2.496244597310140756e-01
2.496160722567363488e-01
2.496077057404704203e-01
2.495993601136482776e-01
2.495910353080036392e-01
2.495827312555703725e-01
2.495744478886807449e-01
2.495661851399634534e-01
2.495579429423420703e-01
2.495497212290333500e-01
2.495415199335453971e-01
2.495333389896758070e-01
2.495251783315105276e-01
2.495170378934216393e-01
2.495089176100658002e-01
2.495008384615476082e-01
2.494928396072343124e-01
2.494848604788779955e-01
2.494769010132081577e-01
2.494689611472272750e-01
2.494610408182094397e-01
2.494531399636986391e-01
2.494452585215071461e-01
2.494373964297139368e-01
2.494295536266634139e-01
2.494217300509634916e-01
2.494139408192595775e-01
2.494062287178570037e-01
2.493985354225469742e-01
2.493908608745395716e-01
2.493832050152885726e-01
2.493755677864903930e-01
2.493679491300825057e-01
2.493604065705624928e-01
