8.824986390629282473e-01
3.670024364315277454e-01
3.531972995205704402e-01
3.426587710952481158e-01
3.340383892565818025e-01
3.266323577711603976e-01
3.201694543039668717e-01
3.144159579953675898e-01
3.090950909700965754e-01
3.041883292799637539e-01
2.995343921292536460e-01
2.951363774004535090e-01
2.909486136349312413e-01
2.870015321339979830e-01
2.832351144951637534e-01
2.796027879302622754e-01
2.761200859713427436e-01
2.727800482421877670e-01
2.695573402761061166e-01
2.664597315566540336e-01
2.634765250858069896e-01
2.605998693088052431e-01
2.578444981856901075e-01
2.551836028255233257e-01
2.526012463760486937e-01
2.500961793914145415e-01
2.476845367824172806e-01
2.453779269126307450e-01
2.431568602994901018e-01
2.410113609477144148e-01
2.389197987645065024e-01
2.368915421583771275e-01
2.349228051648719062e-01
2.330192002059657541e-01
2.311869980470039332e-01
2.293906095634599129e-01
2.276457174505472636e-01
2.259375773206333815e-01
2.242668965049500474e-01
2.226358391743748777e-01
2.210482208618321509e-01
2.194950958835258092e-01
2.179834746257085509e-01
2.165078896501961281e-01
2.150741065042505451e-01
2.136725681320205961e-01
2.123066198862856302e-01
2.109671724527623082e-01
2.096579226392589757e-01
2.083777063384158745e-01
2.071224986072076057e-01
2.058972839783423381e-01
2.046976746656622714e-01
2.035190683499075726e-01
2.023791602565052361e-01
2.012674739841360527e-01
2.001790677832530341e-01
1.991110108592602235e-01
1.980613922074068445e-01
1.970329594884543123e-01
1.960305237063651174e-01
1.950477174632465893e-01
1.940870063175201832e-01
1.931505092679696167e-01
1.922384786211575325e-01
1.913383678670795285e-01
1.904535174608198156e-01
1.895827124848855072e-01
1.887227337909633262e-01
1.878766689695875458e-01
1.870447707782458835e-01
1.862333803000880417e-01
1.854441710609947835e-01
1.846668629626359581e-01
1.839037262023959507e-01
1.831523444163744574e-01
1.824098280583645593e-01
1.816757363278212745e-01
1.809565180723713140e-01
1.802469419164810516e-01
1.795477522460305064e-01
1.788644221573077453e-01
1.781944260851906769e-01
1.775345466077628831e-01
1.768838831170230497e-01
1.762418615582773684e-01
1.756078379188457939e-01
1.749849166109766763e-01
1.743733520314907359e-01
1.737721081590992422e-01
1.731802065491902798e-01
1.725940930148299191e-01
1.720136853127132437e-01
1.714393001084015544e-01
1.708763173577990124e-01
1.703252305655332255e-01
1.697792924058990904e-01
1.692414166064903636e-01
1.687111074843746783e-01
1.681900477552788487e-01
1.676737178857126975e-01
1.671664332606913328e-01
1.666636412124982425e-01
1.661652828809882798e-01
1.656714733058851918e-01
1.651836553280314202e-01
1.647015456564594194e-01
1.642262570386592846e-01
1.637570405938475193e-01
1.632918143285268520e-01
1.628305270630335255e-01
1.623732571121261070e-01
1.619217017212281895e-01
1.614738839042426932e-01
1.610297569763655123e-01
1.605892750185514140e-01
1.601523928627513194e-01
1.597203543976796480e-01
1.592920128387755596e-01
1.588684645020751462e-01
1.584514690752384380e-01
1.580398754794493377e-01
1.576317364612263849e-01
1.572267444935031289e-01
1.568249432017067846e-01
1.564279547363763567e-01
1.560343632580923345e-01
1.556437197764268532e-01
1.552559909537554184e-01
1.548711439577131754e-01
1.544891464518433899e-01
1.541099665864353319e-01
1.537342170511983852e-01
1.533615091723509183e-01
1.529915120657638072e-01
1.526241959447728613e-01
1.522609671759143357e-01
1.519008864796188019e-01
1.515438504092494476e-01
1.511911325449566967e-01
1.508420055286772699e-01
1.504953252028176924e-01
1.501510657680954763e-01
1.498110782445993827e-01
1.494739256743843614e-01
1.491392554821742711e-01
1.488097821759435946e-01
1.484857728861432025e-01
1.481640813256585032e-01
1.478446239872730494e-01
1.475307294891376186e-01
1.472197503889215164e-01
1.469109018885412787e-01
1.466055428186524567e-01
1.463023250367074812e-01
1.460010630288703093e-01
1.457017841338805186e-01
1.454046166184045641e-01
1.451100534628420313e-01
1.448176526020273081e-01
1.445293143283633841e-01
1.442428073131268584e-01
1.439580812316232639e-01
1.436779155404762087e-01
1.434001134221795648e-01
1.431245904040815975e-01
1.428507305522814796e-01
1.425785185487122297e-01
1.423079392704681423e-01
1.420390729085261872e-01
1.417721169174594176e-01
1.415067496829587879e-01
1.412430326291789218e-01
1.409829404760847282e-01
1.407244539958918683e-01
1.404686230879350628e-01
1.402157650725516236e-01
1.399655524951091135e-01
1.397167594848596206e-01
1.394693737237657771e-01
1.392233830415793572e-01
1.389788043548681740e-01
1.387360472100963027e-01
1.384952992852616083e-01
1.382558800214083450e-01
1.380177782591066049e-01
1.377828449455794635e-01
1.375515920905506784e-01
1.373215611051919749e-01
1.370930529228432393e-01
1.368658129161945125e-01
1.366397589842967553e-01
1.364152124404694189e-01
1.361920778267044219e-01
1.359708847224017081e-01
1.357513760503777922e-01
1.355335573167897878e-01
1.353173117181399598e-01
1.351021649735593688e-01
1.348882481307153991e-01
1.346757953570200395e-01
1.344661520161656854e-01
1.342595743799997188e-01
1.340540108891331572e-01
1.338494540605972838e-01
1.336460252346566291e-01
1.334444109200218220e-01
1.332439825258248667e-01
1.330445252985063831e-01
1.328460321623994578e-01
1.326486127304867257e-01
1.324530505025054705e-01
1.322584640433717151e-01
1.320653869802748126e-01
1.318746372911216158e-01
1.316858119088300250e-01
1.314985336936869142e-01
1.313128308438334391e-01
1.311282586045508236e-01
1.309445283125896253e-01
1.307623945976082724e-01
1.305823875116956523e-01
1.304049338607552733e-01
1.302282600667954982e-01
1.300523609944274628e-01
1.298772315529056476e-01
1.297042501866990660e-01
1.295320462885912738e-01
1.293605839468356111e-01
1.291902092893406073e-01
1.290222332051328413e-01
1.288549687487011430e-01
1.286884730170058388e-01
1.285233512417115198e-01
1.283591522694718656e-01
1.281956365691711286e-01
1.280327998419760194e-01
1.278706378253116338e-01
1.277091462924634102e-01
1.275502734595489740e-01
1.273935639205927561e-01
1.272378021905155865e-01
1.270832001494402452e-01
1.269303285301083828e-01
1.267780745248518748e-01
1.266264193033131980e-01
1.264768611036702350e-01
1.263298337403071792e-01
1.261833663764472258e-01
1.260374557542401353e-01
1.258920986416064147e-01
1.257472918319682553e-01
1.256030321439836894e-01
1.254593350420784570e-01
1.253163055478051791e-01
1.251740640788510384e-01
1.250335382157407305e-01
1.248940338233238412e-01
1.247550485499775846e-01
1.246165794066516758e-01
1.244786234279593312e-01
1.243412303589518098e-01
1.242055705457170700e-01
1.240710244648326049e-01
1.239373484897609984e-01
1.238049876715422992e-01
1.236730989696766675e-01
1.235416798026158641e-01
1.234107276078626331e-01
1.232808112925957572e-01
1.231523385457650999e-01
1.230245967676082408e-01
1.228983161443714250e-01
1.227724769767181007e-01
1.226474506915290752e-01
1.225233488470525156e-01
1.223997618709554702e-01
1.222766060375474750e-01
1.221538675599355139e-01
1.220315442326709438e-01
1.219096338663620133e-01
1.217881342875183487e-01
1.216670433383972988e-01
1.215463588768526809e-01
1.214264409580071008e-01
1.213075653659892311e-01
1.211891011170884436e-01
1.210720210576316097e-01
1.209553609146706010e-01
1.208394336360915783e-01
1.207238786352119592e-01
1.206086940602923013e-01
1.204940106816833612e-01
1.203815545770534484e-01
1.202696200572339752e-01
1.201580327049367458e-01
1.200468908435230603e-01
1.199361091375042015e-01
1.198256681395803852e-01
1.197155662452476788e-01
1.196058018602071810e-01
1.194965929258061804e-01
1.193879753961490930e-01
1.192796886627519592e-01
1.191717311831086284e-01
1.190641014243682266e-01
1.189567978632583428e-01
1.188498189860092563e-01
1.187431632882785248e-01
1.186371511127269907e-01
1.185317932184114242e-01
1.184267521166980919e-01
1.183225112112799710e-01
1.182187988168212495e-01
1.181155678477490145e-01
1.180126435015867586e-01
1.179100243813817894e-01
1.178077090987954961e-01
1.177058907287095724e-01
1.176044396526341324e-01
1.175032849578174360e-01
1.174024253265397721e-01
1.173018604912331453e-01
1.172017006916804688e-01
1.171018314059673743e-01
1.170022513519091562e-01
1.169029592548551377e-01
1.168039538476331601e-01
1.167052338704949316e-01
1.166067980710610852e-01
1.165086452042674303e-01
1.164107740323114676e-01
1.163135778688031280e-01
1.162174939648350919e-01
1.161216814737845715e-01
1.160261958690105150e-01
1.159309819094175575e-01
1.158360365493815852e-01
1.157413586145331630e-01
1.156469469375376036e-01
1.155528003580412882e-01
1.154589177226173907e-01
1.153652978847128641e-01
1.152720697724540638e-01
1.151797534069854134e-01
1.150877595619651250e-01
1.149960184935050894e-01
1.149045291376702554e-01
1.148132904365021800e-01
1.147223013379780610e-01
1.146315607959697003e-01
1.145410677702029950e-01
1.144508212262179969e-01
1.143608201353288334e-01
1.142712628068700137e-01
1.141820010045541817e-01
1.140931335130765389e-01
1.140045240470547311e-01
1.139164270093052933e-01
1.138285922593353788e-01
1.137409896764306483e-01
1.136539066457388086e-01
1.135672888010347270e-01
1.134809208162909366e-01
1.133949585544262034e-01
1.133093974634323542e-01
1.132240999624692379e-01
1.131390371987809756e-01
1.130541954895102480e-01
1.129695739545452937e-01
1.128851717185437031e-01
1.128009879108989311e-01
1.127170216657077811e-01
1.126332721217375571e-01
1.125497384223936026e-01
1.124666590426863788e-01
1.123839769477510131e-01
1.123015067817269147e-01
1.122192477097403301e-01
1.121371989013991988e-01
1.120555192274651640e-01
1.119744525234656063e-01
1.118935916638484074e-01
1.118129358364845921e-01
1.117324842336363672e-01
1.116522360519263957e-01
1.115721904923079877e-01
1.114923467600354434e-01
1.114127858443210439e-01
1.113337816731987256e-01
1.112549988922178490e-01
1.111764114987015134e-01
1.110983560063386472e-01
1.110205208083594325e-01
1.109428778376823077e-01
1.108654263495864323e-01
1.107881656033222334e-01
1.107110948620851354e-01
1.106342133929887894e-01
1.105575204670394412e-01
1.104810153591096328e-01
1.104047899647092323e-01
1.103289027024925983e-01
1.102532009636120330e-01
1.101776840276739861e-01
1.101024939184803153e-01
1.100277707219791817e-01
1.099533682659923767e-01
1.098791450691351118e-01
1.098051004433670819e-01
1.097312337043425817e-01
1.096575441713851795e-01
1.095841055652005402e-01
1.095110713730616109e-01
1.094382623701555535e-01
1.093657790152649800e-01
1.092934667982704694e-01
1.092215831329228226e-01
1.091502956243608907e-01
1.090791726443540582e-01
1.090082135903402971e-01
1.089374178628779166e-01
1.088667848656241222e-01
1.087963140053148092e-01
1.087260046917438161e-01
1.086559165901495871e-01
1.085861172021992394e-01
1.085164759547238844e-01
1.084470572620045148e-01
1.083778954134618083e-01
1.083088884839450983e-01
1.082400359280350777e-01
1.081713372030173037e-01
1.081027917688649337e-01
1.080343990882215721e-01
1.079661586263838541e-01
1.078980698512848196e-01
1.078301322334769136e-01
1.077624867612517467e-01
1.076951082784225883e-01
1.076278777773298501e-01
1.075608050183137210e-01
1.074939041053185884e-01
1.074271502544295459e-01
1.073605429551212354e-01
1.072940816993705193e-01
1.072277659816407713e-01
1.071615952988661108e-01
1.070955691504359431e-01
1.070296870381792637e-01
1.069639484663495455e-01
1.068984582017239032e-01
1.068331093990632641e-01
1.067679013702137886e-01
1.067030138288185409e-01
1.066385771956729067e-01
1.065746734152621666e-01
1.065111824582269384e-01
1.064480126260718973e-01
1.063849758725554512e-01
1.063225036059884387e-01
1.062604025459885776e-01
1.061984299088928052e-01
1.061365852753978767e-01
1.060749035611759788e-01
1.060135611767492186e-01
1.059523448498755488e-01
1.058912541679248309e-01
1.058302887202463155e-01
1.057694480981558049e-01
1.057088325166749693e-01
1.056486806593208982e-01
1.055887235102512672e-01
1.055289355220283692e-01
1.054694984328044399e-01
1.054102464409655410e-01
1.053511139126840912e-01
1.052921004602142968e-01
1.052332056976883756e-01
1.051744292411038451e-01
1.051157707083111570e-01
1.050572297190011106e-01
1.049990738794554235e-01
1.049410410434834379e-01
1.048832466739308966e-01
1.048256207363384290e-01
1.047681081605567055e-01
1.047108444581767855e-01
1.046537690914118579e-01
1.045968153890883545e-01
1.045399723228557787e-01
1.044834541430729596e-01
1.044271405307340000e-01
1.043709350967043092e-01
1.043148375098793407e-01
1.042588474406753729e-01
1.042029645610196287e-01
1.041471885443403800e-01
1.040916405436859427e-01
1.040365166716749612e-01
1.039814973827317968e-01
1.039265823594940630e-01
1.038717712860480757e-01
1.038170638479194441e-01
1.037625632447922580e-01
1.037082312815982843e-01
1.036540021206890233e-01
1.035998754504023622e-01
1.035459955506892460e-01
1.034924434693064443e-01
1.034389917812560955e-01
1.033856401838039868e-01
1.033323995871076872e-01
1.032796424387981971e-01
1.032269819108678210e-01
1.031744177219625219e-01
1.031223362245711067e-01
1.030707095474185653e-01
1.030192058616195283e-01
1.029677947481571348e-01
1.029166346032930335e-01
1.028655678192136880e-01
1.028146591499309870e-01
1.027638729137290985e-01
1.027131757864916672e-01
1.026625675228496348e-01
1.026121595549401438e-01
1.025618618806134336e-01
1.025117685200913481e-01
1.024618851913778328e-01
1.024121298619981024e-01
1.023624610024516657e-01
1.023128783763204430e-01
1.022635366105317245e-01
1.022145578582209086e-01
1.021656633653446472e-01
1.021168529032388389e-01
1.020681262441796577e-01
1.020194831613777803e-01
1.019709234289729316e-01
1.019224468220282231e-01
1.018740531165247681e-01
1.018257420893559917e-01
1.017775135183223018e-01
1.017293671821257878e-01
1.016813028603645863e-01
1.016333203335278296e-01
1.015854193829903440e-01
1.015375997910073352e-01
1.014898613407091837e-01
1.014422038160964490e-01
1.013946270020344154e-01
1.013471351536047588e-01
1.012999686441316965e-01
1.012528816578021629e-01
1.012058739831501325e-01
1.011589454095598584e-01
1.011120957272612503e-01
1.010653247273245459e-01
1.010186322016552868e-01
1.009720179429896697e-01
1.009254817448895641e-01
1.008790234017375997e-01
1.008326427087323923e-01
1.007863394618838532e-01
1.007401134580083041e-01
1.006939644947238838e-01
1.006478923704459821e-01
1.006018968843824385e-01
1.005561761464371234e-01
1.005108404387864279e-01
1.004656590561041896e-01
1.004205522187626015e-01
1.003755197330128829e-01
1.003305614058600526e-01
1.002856770450591545e-01
1.002408664591106502e-01
1.001961294572562694e-01
1.001514658494748744e-01
1.001068754464781996e-01
1.000623580597066326e-01
1.000179135013252035e-01
9.997354158421947745e-02
9.992924212199148781e-02
9.988501492895569822e-02
9.984085982013496396e-02
9.979677661125685439e-02
9.975276511874918428e-02
9.970882515973654436e-02
9.966495655203637394e-02
9.962115911415489466e-02
9.957743266528357173e-02
9.953377702529501991e-02
9.949019201473952023e-02
9.944667745484112031e-02
9.940323316749413718e-02
9.935985897525911881e-02
9.931655470135945796e-02
9.927332016967774231e-02
9.923015520475210460e-02
