5.627036412110524299e-01
5.212043445070241310e-01
5.025863358432837158e-01
4.887038131880817593e-01
4.768549042717886710e-01
4.664938424646939419e-01
4.573459165362869783e-01
4.490741058156292875e-01
4.414987248534489872e-01
4.344400655495763708e-01
4.278717396925312833e-01
4.217563250852867096e-01
4.161178716384200671e-01
4.109213372273176068e-01
4.061427838065249096e-01
4.017112777780312283e-01
3.976007933523448834e-01
3.937830285612885506e-01
3.901402480821267726e-01
3.866403090133181952e-01
3.833065863298859566e-01
3.801375475396095438e-01
3.770934595721882610e-01
3.741843606008596335e-01
3.714143608487974757e-01
3.687669253229630129e-01
3.662647948545806886e-01
3.638764682913943616e-01
3.616262255924426738e-01
3.594674893329899978e-01
3.573933775894731490e-01
3.553759712739167353e-01
3.534390946483230156e-01
3.515749279932261495e-01
3.497830368382670030e-01
3.480585514259085245e-01
3.463916356206363512e-01
3.447837003404570777e-01
3.432127741230465712e-01
3.416876490117488063e-01
3.402083904598584008e-01
3.387871503809964380e-01
3.374117510180515422e-01
3.360852727355163050e-01
3.347893745019204226e-01
3.335394395276859991e-01
3.323642709400362882e-01
3.312186327808743780e-01
3.300985197889815814e-01
3.290010537352002773e-01
3.279327884140905147e-01
3.269012983140578421e-01
3.258962041529976927e-01
3.249125397865485487e-01
3.239489893188145508e-01
3.230141315136697000e-01
3.221054017983775997e-01
3.212212694051379547e-01
3.203584550891138139e-01
3.195226211533548355e-01
3.187168498883716783e-01
3.179264397330220926e-01
3.171526855771793496e-01
3.164011179786403449e-01
3.156667849116994717e-01
3.149428230776844528e-01
3.142311875634946072e-01
3.135452335705256055e-01
3.128919911240515828e-01
3.122502224582439645e-01
3.116294278439231125e-01
3.110279058661208351e-01
3.104339027653217897e-01
3.098476576440859498e-01
3.092728849298352345e-01
3.087106062477428248e-01
3.081618617716488928e-01
3.076280364142707224e-01
3.071113540848916523e-01
3.066006657685780845e-01
3.060953029052619900e-01
3.055957773039613135e-01
3.051139004648174002e-01
3.046399791060915851e-01
3.041730200640169191e-01
3.037129718331395556e-01
3.032585513389425835e-01
3.028099250107444407e-01
3.023657490923442048e-01
3.019279500037804764e-01
3.015029429270635886e-01
3.010858212296246839e-01
3.006753988324819549e-01
3.002741818134916918e-01
2.998796098387790376e-01
2.994947871406768436e-01
2.991196487730811704e-01
2.987564074522481850e-01
2.984034455754753234e-01
2.980549993197481040e-01
2.977124236704701277e-01
2.973734477135185350e-01
2.970373887905280452e-01
2.967064112774214779e-01
2.963806511852322134e-01
2.960595115123457188e-01
2.957419107544315695e-01
2.954285713593708396e-01
2.951182456674341092e-01
2.948115092833764050e-01
2.945073443714822936e-01
2.942120688827614683e-01
2.939262116265574099e-01
2.936470314453232255e-01
2.933758700522942076e-01
2.931114269752215784e-01
2.928545938656122449e-01
2.925996932989816113e-01
2.923481425663458921e-01
2.921005046852155895e-01
2.918561699177840141e-01
2.916147851290643578e-01
2.913779371324201062e-01
2.911478008750702506e-01
2.909206118995005252e-01
2.906958761717111095e-01
2.904726818357098450e-01
2.902510159295932923e-01
2.900308655835714955e-01
2.898140046641007883e-01
2.895988353689555872e-01
2.893859837619388586e-01
2.891755612579480772e-01
2.889672278173235909e-01
2.887603104593363113e-01
2.885547969611330088e-01
2.883514098396752212e-01
2.881507465196982976e-01
2.879519957998033508e-01
2.877572942835094905e-01
2.875642026564042553e-01
2.873723897812903716e-01
2.871830571175746361e-01
2.869962927035114020e-01
2.868118073084431896e-01
2.866301855180894420e-01
2.864497413503824252e-01
2.862704649280716218e-01
2.860923464591130783e-01
2.859203837114366320e-01
2.857543518093875190e-01
2.855898941873067920e-01
2.854264771948028523e-01
2.852649531423772089e-01
2.851056371084177976e-01
2.849499050341253725e-01
2.847970488074129114e-01
2.846452988285398389e-01
2.844947370527287633e-01
2.843455514738844614e-01
2.841976330302582454e-01
2.840521857103742720e-01
2.839076784129239139e-01
2.837640475872034718e-01
2.836229271373699179e-01
2.834830976975390993e-01
2.833449469944617216e-01
2.832087838573909555e-01
2.830744726183770377e-01
2.829417076402249709e-01
2.828097108589176512e-01
2.826800234686697166e-01
2.825511598613310027e-01
2.824242384437731790e-01
2.822985372128989923e-01
2.821735453929249959e-01
2.820503587456130723e-01
2.819285969734554587e-01
2.818075224095228926e-01
2.816875049061132175e-01
2.815681430545243225e-01
2.814499049507642181e-01
2.813325973121378887e-01
2.812159250970344138e-01
2.810998834386184142e-01
2.809844675163192806e-01
2.808696725554107876e-01
2.807554938265899303e-01
2.806419266455565942e-01
2.805292088827593955e-01
2.804178642758042850e-01
2.803071130369467201e-01
2.801969919490852612e-01
2.800880141361138942e-01
2.799798494626856149e-01
2.798735926842524924e-01
2.797695810989187515e-01
2.796666614654448324e-01
2.795657574372525378e-01
2.794670269557894549e-01
2.793694929800418225e-01
2.792732046758170661e-01
2.791774090025238575e-01
2.790821022396042794e-01
2.789879551928844403e-01
2.788946468482755292e-01
2.788018080785065189e-01
2.787094354021946718e-01
2.786175253725135526e-01
2.785260745768043389e-01
2.784350796361917957e-01
2.783445372052021916e-01
2.782544439713868778e-01
2.781647966549481987e-01
2.780759006338735517e-01
2.779883936350048268e-01
2.779013156751789504e-01
2.778146636513234013e-01
2.777284344907515190e-01
2.776426251508199439e-01
2.775580234813093128e-01
2.774744288343736209e-01
2.773912348853057042e-01
2.773084387905326298e-01
2.772260377340635684e-01
2.771446568067190142e-01
2.770640506111788914e-01
2.769838263272442758e-01
2.769039813012720286e-01
2.768246845893639341e-01
2.767464948854059248e-01
2.766696218980040367e-01
2.765931057048223729e-01
2.765169438891424414e-01
2.764415757389970807e-01
2.763665615696732636e-01
2.762918946699172151e-01
2.762175726774738771e-01
2.761435932522361969e-01
2.760699540759941062e-01
2.759970223417132495e-01
2.759247779857285088e-01
2.758531799557280006e-01
2.757825480058272993e-01
2.757122360763222813e-01
2.756422420560366016e-01
2.755725638530454047e-01
2.755031993944586644e-01
2.754341466262066329e-01
2.753654035128283994e-01
2.752969680372626127e-01
2.752289035883993540e-01
2.751613463381559210e-01
2.750940898513847821e-01
2.750271321866583074e-01
2.749604714199776478e-01
2.748941056445758924e-01
2.748284415863448404e-01
2.747637416858191295e-01
2.746993281882058047e-01
2.746355105689151088e-01
2.745724271145962292e-01
2.745100795652224979e-01
2.744481428359114017e-01
2.743864774257719352e-01
2.743250815838246814e-01
2.742639535750083235e-01
2.742030916799945151e-01
2.741426999731698122e-01
2.740829098507520656e-01
2.740237675379711968e-01
2.739655551288783797e-01
2.739076345291107661e-01
2.738503863968368979e-01
2.737933852801449630e-01
2.737366296028532209e-01
2.736801178029187320e-01
2.736238483322767090e-01
2.735678196566815878e-01
2.735122831921282249e-01
2.734573079814372476e-01
2.734025656174167707e-01
2.733481080388764917e-01
2.732941080279617241e-01
2.732408397187009452e-01
2.731877930724058157e-01
2.731349667432654837e-01
2.730823593969574636e-01
2.730299697105205148e-01
2.729777963722307965e-01
2.729258380814779117e-01
2.728740935486438923e-01
2.728225614949825184e-01
2.727712406525010791e-01
2.727201297638431887e-01
2.726692275821726019e-01
2.726185328710591382e-01
2.725680444043662720e-01
2.725177609661388334e-01
2.724676813504934847e-01
2.724179121930301872e-01
2.723687665293521576e-01
2.723198194585382814e-01
2.722710698256626261e-01
2.722225164851161949e-01
2.721741583005092280e-01
2.721260088448744230e-01
2.720784284614113924e-01
2.720311195563450135e-01
2.719843632375195108e-01
2.719379621764750343e-01
2.718918518065607248e-01
2.718459716223028955e-01
2.718002739628749276e-01
2.717547577752614796e-01
2.717094220148951744e-01
2.716642656455682814e-01
2.716192876393453970e-01
2.715744869764772917e-01
2.715298626453159780e-01
2.714854136422306663e-01
2.714413089042131966e-01
2.713973886087596710e-01
2.713541557838266560e-01
2.713113434481030373e-01
2.712686981224409766e-01
2.712262188521654127e-01
2.711839046902065897e-01
2.711417546970212866e-01
2.710997679405156568e-01
2.710579434959680678e-01
2.710162804459538832e-01
2.709747778802705231e-01
2.709334348958634120e-01
2.708922505967533145e-01
2.708512240939642268e-01
2.708103545054517669e-01
2.707699609314577205e-01
2.707300668630267526e-01
2.706903245941211789e-01
2.706507332825552892e-01
2.706112920926219689e-01
2.705720001950276399e-01
2.705328567668289219e-01
2.704938609913685732e-01
2.704555714709262482e-01
2.704181365387450797e-01
2.703810393773093401e-01
2.703440811561938495e-01
2.703076716189499185e-01
2.702715301445161034e-01
2.702356084379480272e-01
2.701998188930509470e-01
2.701641607941185352e-01
2.701286334309004888e-01
2.700932360985470182e-01
2.700581927660969939e-01
2.700233582548157152e-01
2.699886500258675270e-01
2.699540858174417357e-01
2.699199703474985390e-01
2.698859785401828137e-01
2.698521233298331046e-01
2.698190040615945362e-01
2.697860031392413926e-01
2.697531199394040402e-01
2.697203538433644576e-01
2.696877042370095512e-01
2.696551705107854136e-01
2.696228486113490530e-01
2.695913010284323175e-01
2.695601570924410217e-01
2.695295144893279926e-01
2.694990526861272828e-01
2.694686952865669727e-01
2.694384417666489395e-01
2.694082916060984156e-01
2.693782442883277950e-01
2.693482993004013282e-01
2.693184561330003168e-01
2.692887142803880307e-01
2.692590732403761233e-01
2.692295325142902152e-01
2.692000916069371419e-01
2.691707500265714814e-01
2.691415072848633017e-01
2.691123628968657977e-01
2.690833739879590070e-01
2.690547237238316014e-01
2.690261681333752097e-01
2.689982505276882208e-01
2.689704958426037962e-01
2.689428316238313688e-01
2.689152574417622010e-01
2.688877728696949521e-01
2.688603774838083105e-01
2.688330708631346266e-01
2.688058525895333783e-01
2.687787222476643034e-01
2.687516794249629193e-01
2.687247237116137666e-01
2.686978846170829383e-01
2.686713299615873241e-01
2.686448595208895673e-01
2.686184729100773994e-01
2.685921697467451019e-01
2.685664128519736349e-01
2.685411339536490916e-01
2.685164353434716933e-01
2.684920610953971387e-01
2.684677628312081565e-01
2.684435402020279304e-01
2.684193928613164970e-01
2.683953204648477087e-01
2.683713886348211841e-01
2.683476279471377901e-01
2.683239413327961342e-01
2.683003284509988262e-01
2.682768750256139256e-01
2.682535610146271621e-01
2.682304303506040655e-01
2.682073961302759435e-01
2.681844334133378638e-01
2.681615667323583030e-01
2.681387749280219057e-01
2.681160535197136263e-01
2.680934021897774522e-01
2.680708928481266851e-01
2.680485478923028686e-01
2.680262714663644852e-01
2.680040632632650355e-01
2.679819229779320522e-01
2.679598503072488369e-01
2.679378449500371406e-01
2.679159928197296092e-01
2.678945623494461414e-01
2.678731963390967863e-01
2.678518945074257473e-01
2.678306565749485335e-01
2.678094822639356387e-01
2.677883712983974984e-01
2.677673234040681693e-01
2.677463383083906190e-01
2.677255915141337206e-01
2.677051477536233071e-01
2.676848121563848437e-01
2.676645366260850811e-01
2.676443209041254323e-01
2.676241647335236840e-01
2.676040678588989530e-01
2.675840300264581972e-01
2.675640509839812831e-01
2.675441304808076071e-01
2.675242682678219963e-01
2.675044640974411636e-01
2.674847177236003848e-01
2.674650289017399540e-01
2.674453973887923053e-01
2.674258229431685785e-01
2.674063053247462407e-01
2.673868442948560964e-01
2.673675381273177831e-01
2.673486852741093767e-01
2.673298878312206917e-01
2.673111455632374289e-01
2.672924582361647095e-01
2.672738256174149729e-01
2.672552474757961538e-01
2.672367235815001352e-01
2.672182537060909802e-01
2.671998376224930527e-01
2.671814751049801928e-01
2.671631659291641703e-01
2.671449098719837489e-01
2.671267067116931404e-01
2.671085562278519010e-01
2.670904582013134965e-01
2.670724124142151990e-01
2.670544186499667627e-01
2.670364766932411538e-01
2.670186363796386297e-01
2.670008681818868412e-01
2.669831509882875653e-01
2.669655777161977217e-01
2.669483022759089330e-01
2.669314780109167118e-01
2.669147416441767784e-01
2.668980530421657393e-01
2.668814120072192098e-01
2.668648183428231069e-01
2.668482718536038800e-01
2.668317723453198509e-01
2.668153196248517212e-01
2.667989135001931911e-01
2.667825537804425773e-01
2.667662402757934315e-01
2.667500387760480818e-01
2.667340070190630241e-01
2.667180209132514745e-01
2.667020802723409911e-01
2.666861849111153426e-01
2.666703346454052381e-01
2.666545292920806109e-01
2.666387686690422920e-01
2.666230525952137942e-01
2.666073808905334852e-01
2.665920379620145275e-01
2.665767689240314264e-01
2.665615421317111822e-01
2.665463574168931427e-01
2.665314784038229079e-01
2.665167557152461897e-01
2.665020732374566159e-01
2.664874308115195434e-01
2.664730480913721222e-01
2.664587738970899955e-01
2.664445381135628899e-01
2.664303405908208244e-01
2.664161811797179924e-01
2.664020597319266548e-01
2.663879760999302571e-01
2.663739301370178225e-01
2.663599394452842994e-01
2.663461335564402122e-01
2.663323648838713531e-01
2.663186332824807323e-01
2.663049386079583414e-01
2.662915159003174659e-01
2.662782049271988360e-01
2.662649296342279315e-01
2.662516898832169021e-01
2.662384855367163072e-01
2.662253164580093978e-01
2.662121825111066764e-01
2.661990835607407346e-01
2.661860194723605910e-01
2.661729901121266395e-01
2.661599953469053204e-01
2.661470350442641242e-01
2.661343330518936012e-01
2.661216694875255251e-01
2.661090397198028201e-01
2.660964436178561154e-01
2.660838810515144814e-01
2.660713518913003783e-01
2.660588560084243270e-01
2.660463932747802462e-01
2.660339635629397903e-01
2.660215667461481859e-01
2.660092026983187918e-01
2.659968712940286029e-01
2.659845724085131979e-01
2.659723059176620774e-01
2.659600716980138335e-01
2.659478696267518205e-01
2.659356995816991587e-01
2.659235614413144044e-01
2.659114550846869429e-01
2.658994788108210439e-01
2.658876174411138327e-01
2.658757868633314647e-01
2.658639869610589512e-01
2.658522176184786590e-01
2.658406018634413837e-01
2.658290976471227585e-01
2.658176229854566364e-01
2.658061777671332782e-01
2.657947986288938802e-01
2.657835311364515340e-01
2.657722923232113121e-01
2.657610820823610442e-01
2.657499003076281840e-01
2.657387893650350885e-01
2.657278110113729941e-01
2.657168600293789429e-01
2.657059363173466249e-01
2.656950397740881487e-01
2.656841702989304888e-01
2.656733277917119884e-01
2.656625121527786404e-01
2.656517232829810893e-01
2.656409610836706348e-01
2.656302254566963450e-01
2.656195163044013374e-01
2.656088335296196146e-01
2.655981770356725113e-01
2.655875467263657530e-01
2.655769425059860689e-01
2.655663642792978063e-01
2.655558119515400439e-01
2.655452854284228725e-01
2.655347846161251746e-01
2.655243094212904609e-01
2.655138597510245946e-01
2.655034679040726431e-01
2.654932431383348335e-01
2.654830432164999032e-01
2.654728680488672721e-01
2.654627175461816702e-01
2.654525916196304181e-01
