4.496205647780934234e-01
3.915864672635519517e-01
3.715006263625563188e-01
3.718775676591566381e-01
3.701651915378897373e-01
3.555801255057915444e-01
3.716161256636820731e-01
3.732175637206452401e-01
3.710203850998446962e-01
3.675418430083067789e-01
3.670568542317711458e-01
3.758237021336522932e-01
3.619566119347844002e-01
3.564900927102456207e-01
3.768960444589868897e-01
3.567844715291959012e-01
3.542953819976210061e-01
3.626426401945233025e-01
3.621436715308549714e-01
3.677488128025939162e-01
3.637617162402424498e-01
3.499463480766152323e-01
3.623950179352731227e-01
3.504023853378784858e-01
3.526789861666539960e-01
3.451646980245012264e-01
3.862601796732295645e-01
3.457416340348376527e-01
3.428222208374506752e-01
3.717829245696345208e-01
3.394762717189663825e-01
3.563675253390307662e-01
3.549298414035547133e-01
3.679251206451829570e-01
3.708653256542212562e-01
3.496126720761810747e-01
3.550394388165340476e-01
3.357825753998748275e-01
3.528577186829615631e-01
3.418763540448001015e-01
3.574262453988853450e-01
3.661206270647329175e-01
3.462198317044555829e-01
3.679217331318916373e-01
3.650041201852667339e-01
3.441328266647741274e-01
3.440248232072135592e-01
3.567130908109126253e-01
3.421123158378125417e-01
3.388139596220862138e-01
3.440572367672907195e-01
3.533767607987702286e-01
3.401965677129401011e-01
3.487389651065727625e-01
3.457847453096586365e-01
3.612908056313978711e-01
3.573481522151957801e-01
3.416151041669686084e-01
3.519901503218935690e-01
3.519661013879518130e-01
3.582318266062337608e-01
3.472303787867924707e-01
3.235374217420444176e-01
3.497005946643303997e-01
3.425813735824073669e-01
3.403144900324655553e-01
3.513830524949779766e-01
3.327261918315776446e-01
3.383733920784522953e-01
3.530468239066371638e-01
3.532435169530928620e-01
3.614525263158706592e-01
3.481795292151220744e-01
3.335941964362473255e-01
3.495033364760258277e-01
3.657572197487390930e-01
3.604666556890238627e-01
3.307965117119130993e-01
3.740340359333563791e-01
3.300138760104360802e-01
3.404203804932768862e-01
3.479478821091263052e-01
3.436645987939352387e-01
3.350301130577950093e-01
3.547347528492613145e-01
3.389676286169172048e-01
3.426204794720953961e-01
3.598230718784660720e-01
3.620981057253298552e-01
3.739626031614204371e-01
3.640215655373665871e-01
3.412356187894964865e-01
3.313654774680164783e-01
3.314110293331025137e-01
3.416525293165767474e-01
3.403539027668244787e-01
3.531591128742022634e-01
3.335195604422149795e-01
3.554300998401549450e-01
3.674468464667736689e-01
3.414450467561940816e-01
3.582004154137579666e-01
3.440320233387110793e-01
3.609207389725398452e-01
3.478559104483877062e-01
3.514382469100954531e-01
3.661009699672597706e-01
3.442293450272070343e-01
3.446429422147436750e-01
3.394414416984931626e-01
3.576576833573231196e-01
3.376127791744859552e-01
3.399650826213257426e-01
3.589868451761251134e-01
3.566718564649721812e-01
3.421530781703599478e-01
3.496207729511667250e-01
3.582722875099592641e-01
3.336511937079627566e-01
3.290142471980906924e-01
3.289815939816313484e-01
3.575764316730615788e-01
3.686671273280598404e-01
3.515249214047961313e-01
3.531904027365284637e-01
3.569021014587067664e-01
3.468507903991551733e-01
3.588096940256033651e-01
3.427762520571083216e-01
3.649696809439916256e-01
3.468865504886488593e-01
3.408403012990432468e-01
3.517608215236872060e-01
3.528688594444829296e-01
3.424888846106017293e-01
3.454638330465010787e-01
3.461449894065590227e-01
3.362708442012330989e-01
3.494985101191564469e-01
3.532657068658197064e-01
3.455071275694897581e-01
3.319245593597991428e-01
3.649687321973188459e-01
3.527592422873099820e-01
3.428168900075568848e-01
3.599951393433944991e-01
3.391595785795680218e-01
3.392577399387360360e-01
3.669214208722923476e-01
3.435798220419133409e-01
3.475161507036349517e-01
3.367463713453923702e-01
3.450941372974441479e-01
3.456329395191633513e-01
3.582590143391675697e-01
3.422516012489993376e-01
3.558494302489714212e-01
3.539937070604202707e-01
3.538083638081591098e-01
3.241267409033563029e-01
3.425483342839783507e-01
3.371785195922222256e-01
3.439515373492279537e-01
3.541148006684703975e-01
3.440552347234496766e-01
3.479748496293464388e-01
3.486045997451855949e-01
3.583704360767144270e-01
3.368027385004724872e-01
3.402458748312447434e-01
3.446977821309447076e-01
3.450610325822969227e-01
3.433564230674353568e-01
3.349583891062071217e-01
3.438439392728604993e-01
3.474492703172832320e-01
3.520496645066539809e-01
3.411848749204401954e-01
3.567232332746781975e-01
3.505596982233222803e-01
3.459364125914893284e-01
3.558180152935123131e-01
3.359065908228047737e-01
3.533127274141698582e-01
3.566395486628944345e-01
3.488850406884332345e-01
3.415426441494956444e-01
3.457082762212244642e-01
3.537695288013117390e-01
3.421278555238084218e-01
3.524670061648441099e-01
3.524558434078129410e-01
3.616138803328142193e-01
3.744508376821628071e-01
3.232415974174518425e-01
3.419804344696415477e-01
3.583847144134762464e-01
3.535334458001878066e-01
3.417331837783877391e-01
3.327929602195831560e-01
3.439053349566656426e-01
3.470900648122515197e-01
3.273310484630832518e-01
3.504142461451750790e-01
3.440476504269519564e-01
3.574304816140040919e-01
3.517907628871233539e-01
3.547191771651999614e-01
3.569641945542705308e-01
3.387178467178832419e-01
3.635418485286403545e-01
3.345722235294811275e-01
3.269857678067314977e-01
3.514176350411667982e-01
3.502944136998076274e-01
3.248529322708712530e-01
3.273245184293390730e-01
3.413852984067737295e-01
3.490335015290053078e-01
3.457769244443903989e-01
3.368532511069654012e-01
3.433493653296109116e-01
3.334683269086651802e-01
3.658376144042849720e-01
3.576991105060337017e-01
3.383925073902853686e-01
3.499284573075773785e-01
3.364468019734854765e-01
3.537017762976632507e-01
3.450754436609815845e-01
3.335680646594818000e-01
3.346211659483052103e-01
3.414759138530540916e-01
3.565153343645960926e-01
3.429775223022593078e-01
3.395659952751364230e-01
3.447036108415387767e-01
3.513558531049470468e-01
3.475795511419212391e-01
3.556598561558901861e-01
3.417204853243361873e-01
3.566366198201582072e-01
3.478741568841929310e-01
3.648745713776186395e-01
3.262707406243313124e-01
3.456804713270941187e-01
3.590678919319657547e-01
3.652972636709022614e-01
3.613380609183226566e-01
3.659020031635438763e-01
3.303275774513883545e-01
3.413088206672798552e-01
3.390681294417574043e-01
3.428521606180287007e-01
3.532003653590098935e-01
3.661962198714389105e-01
3.721689666184012091e-01
3.362593666698917572e-01
3.501360749227674374e-01
3.440252735236965509e-01
3.497583124930182530e-01
3.499623175135974096e-01
3.529037975164489027e-01
3.385672241954632566e-01
3.290156156488138750e-01
3.352904321593341841e-01
3.628050485356985044e-01
3.650087838724688782e-01
3.163464101538622231e-01
3.309611117855485451e-01
3.472815172283716390e-01
3.418097156640721446e-01
3.614849048765640394e-01
3.740937984618534773e-01
3.365884488326297830e-01
3.400905949373638215e-01
3.338275099458217210e-01
3.435972412472314552e-01
3.433246817527706995e-01
3.466550227550019292e-01
3.506208479748422757e-01
3.476964019172887332e-01
3.306876652788965920e-01
3.552659850974784761e-01
3.343120721977377308e-01
3.410849422297783096e-01
3.365760241949751208e-01
3.596553717646090997e-01
3.396436602968378460e-01
3.471983689055991862e-01
3.582323814742064405e-01
3.440005709562788949e-01
3.508765220973371624e-01
3.631966668609140636e-01
3.432526337400426120e-01
3.661127773232121241e-01
3.356484215927941772e-01
3.419631663416770606e-01
3.310009836093943947e-01
3.293881599988551234e-01
3.374614097210180685e-01
3.467131357446314177e-01
3.513862901742633160e-01
3.379608225794895060e-01
3.205682988942404887e-01
3.342071904276279204e-01
3.166505981455592367e-01
3.621852712006495278e-01
3.495557154529755906e-01
3.393301700513191577e-01
3.636749199182447434e-01
3.417622526983885578e-01
3.503245459892438407e-01
3.493983658495535272e-01
3.530135982151242358e-01
3.440848907157808001e-01
3.453875525699695581e-01
3.416257564574064487e-01
3.607207349289172638e-01
3.371147220511487852e-01
3.341790264064291582e-01
3.436756123300298005e-01
3.312477916420903945e-01
3.568269219916860857e-01
3.473638542023722020e-01
3.599878404662337772e-01
3.344283049333839908e-01
3.594547048349492901e-01
3.534852140019255073e-01
3.399813729015484509e-01
3.401193322512522377e-01
3.484230418241215932e-01
3.471746118259210756e-01
3.434371475480584857e-01
3.521613845466854409e-01
3.511402781637751325e-01
3.592901958557699338e-01
3.520037980775797548e-01
3.519324936940744220e-01
3.403356338927984170e-01
3.363955053785490090e-01
3.529720329171874282e-01
3.564064449331253992e-01
3.561128635169917844e-01
3.398623392839890678e-01
3.656879806972641589e-01
3.502614020591841015e-01
3.612227258693962439e-01
3.582832934495285837e-01
3.401161235782454439e-01
3.421712303426495683e-01
3.320344148853775490e-01
3.295968697952545434e-01
3.423695235621581068e-01
3.386353044598789941e-01
3.695959662553538472e-01
3.613126268900792026e-01
3.542641047378070618e-01
3.543739212059178745e-01
3.449059342853144638e-01
3.535410482209500049e-01
3.339525626504992739e-01
3.608008791052876862e-01
3.658128643012000247e-01
3.363765082084696489e-01
3.416683875304640794e-01
3.510686614737599798e-01
3.398493014254134748e-01
3.457642234715747054e-01
3.466987312561381485e-01
3.543140977318253171e-01
3.440946342193434426e-01
3.594659545215984076e-01
3.620587588070535712e-01
3.547193384551500239e-01
3.245308681331117162e-01
3.488312733011604272e-01
3.527755109062361005e-01
3.337087864544844851e-01
3.666607206482669912e-01
3.501478973931312910e-01
3.508720735939269142e-01
3.435707635498306822e-01
3.429013208861251272e-01
3.741930795485058359e-01
3.388740052410229575e-01
3.417894682826244090e-01
3.477746412849187507e-01
3.374121395571613724e-01
3.552161294097423982e-01
3.554951694813572871e-01
3.468471688716331935e-01
3.513105100595382835e-01
3.584411439065979255e-01
3.405668640688377380e-01
3.559664580374908849e-01
3.359852296556077866e-01
3.456663053746595882e-01
3.266395170765823419e-01
3.497184609756977536e-01
3.413325706036914320e-01
3.435672521786576894e-01
3.343737779711837832e-01
3.401791809631752872e-01
3.490192241246500293e-01
3.458736305630389918e-01
3.506038466462682024e-01
3.504308336030794724e-01
3.375256107385292137e-01
3.242240731953908162e-01
3.378359516076910873e-01
3.486889095844097897e-01
3.442988470410847657e-01
3.379364525664070862e-01
3.418591053736628194e-01
3.460128744607892659e-01
3.386561865627104040e-01
3.543499409146438350e-01
3.304365069192588544e-01
3.464259598242896421e-01
3.458899419652954332e-01
3.390276488510230446e-01
3.478501789692530766e-01
3.387760503397425627e-01
3.386207143898263827e-01
3.565304170364781977e-01
3.624814240867639814e-01
3.350891324361786605e-01
3.500489824464532718e-01
3.466830649883694826e-01
3.558269578586434334e-01
3.338282987033316385e-01
3.402369883348292934e-01
3.382049642100109499e-01
3.657864151407069775e-01
3.305965011962718747e-01
3.279170732337838845e-01
3.428372743868835504e-01
3.601429576948256828e-01
3.503386973066914822e-01
3.364750150339304580e-01
3.538886331908613347e-01
3.284929659121029744e-01
3.378570454159868786e-01
3.489895017787758569e-01
3.398048794277929718e-01
3.390884661560742974e-01
3.377243626172575786e-01
3.528410993878412505e-01
3.556089930034899149e-01
3.305294711638001037e-01
3.497508134547673286e-01
3.361925465892464104e-01
3.360789915512034653e-01
3.493718627417407019e-01
3.479088677183216904e-01
3.583415328224364704e-01
3.642832677877193004e-01
3.402557404629327764e-01
3.545421575301612727e-01
3.582597256632372718e-01
3.673269348418094493e-01
3.375465337315832204e-01
3.381729236443894449e-01
3.553531994281114992e-01
3.339855392623063968e-01
3.422306191361123018e-01
3.560843887435631849e-01
3.555459072951415722e-01
3.627077297849795046e-01
3.563670350851689261e-01
3.564378341881572765e-01
3.546320935501788285e-01
3.538693019054336419e-01
3.304781320611566708e-01
3.414238881600668019e-01
3.645222245709378583e-01
3.205067811017399126e-01
3.525176540561487659e-01
3.365523887585143425e-01
3.294844859429839068e-01
3.626239403748276469e-01
3.471905139241215354e-01
3.611003749539355434e-01
3.562403058438410874e-01
3.323466964059386131e-01
3.675930706044104324e-01
3.552052839448121002e-01
3.470183312817659571e-01
3.421616372675344020e-01
3.447094396123948079e-01
3.550115609805926109e-01
3.454821752289551906e-01
3.483960454008498964e-01
3.737449051652076970e-01
3.632301919437859739e-01
3.394319008434266705e-01
3.533386285000326144e-01
3.403830866558186785e-01
3.352182631509545985e-01
3.488834340593938710e-01
3.333772840800219295e-01
3.572644138550539750e-01
3.365300028178115910e-01
3.345305278847910402e-01
3.458017463888254928e-01
3.442116263075948868e-01
3.295096918666765573e-01
3.434019874831465424e-01
3.499908720936247275e-01
3.288450747514278238e-01
3.445150751681772539e-01
3.463329741919711768e-01
3.648438156306464952e-01
3.409239858077269258e-01
3.513977923249622659e-01
3.468384508437561409e-01
3.227416393938907779e-01
3.539520600991175048e-01
3.580953244361242960e-01
3.617351837223770072e-01
3.500958172812889124e-01
3.354503878284320062e-01
3.287210268301777871e-01
3.593021638125056816e-01
3.389007439383435738e-01
3.533191235419292364e-01
3.665123404503784488e-01
3.557034989371931633e-01
3.449825301210278083e-01
3.493289369538200018e-01
3.583665379045022914e-01
3.650557488682310558e-01
3.609682036887093548e-01
3.534791058030943289e-01
3.498916824562046113e-01
3.611427648183985206e-01
3.339001701356254515e-01
3.484792511254164449e-01
3.341545894204442924e-01
3.510734228401950485e-01
3.473294749685717497e-01
3.489267928026656418e-01
3.405075049441522728e-01
3.361901875936912920e-01
3.410559062758481419e-01
3.467475112694681783e-01
3.599485237064534160e-01
3.357645659532661475e-01
3.604750181982888657e-01
3.528266823600085811e-01
3.614276641243942545e-01
3.648898930505365401e-01
3.436537692547849132e-01
3.562761191041842190e-01
3.427645488734804569e-01
3.432594719288891150e-01
3.322338088277609902e-01
3.357701576646190400e-01
3.548695472779858640e-01
3.454742365286735395e-01
3.502339995936700756e-01
3.435595791528239795e-01
3.432807129474870766e-01
3.444904078315551565e-01
3.492283018465582867e-01
3.409747566183593537e-01
3.567777876296471251e-01
3.334631072368960947e-01
3.559709700230971885e-01
3.527096392798662605e-01
3.339131831145277785e-01
3.476730903581482512e-01
3.494787281138065360e-01
3.494245128641897402e-01
3.530485824243160264e-01
3.412712074419146924e-01
3.536121740320307127e-01
3.449015716101495599e-01
3.522278978431649943e-01
3.589787094981499727e-01
3.386711865392760812e-01
3.648496813231799640e-01
3.269924281000434751e-01
3.428249995639386372e-01
3.491162847644484479e-01
3.425218918730877360e-01
3.383326399732485279e-01
3.284043543086918593e-01
3.659075445788110281e-01
3.560157203550501359e-01
3.580556918063941829e-01
3.654111697512436585e-01
3.329932731561802139e-01
3.458311683555858607e-01
3.396023239253840864e-01
3.564526197328759527e-01
3.532012529346065799e-01
3.423960063765237316e-01
3.452493370025841446e-01
