3.650954063766334579e-01
2.823841535675223335e-01
2.635371975338892114e-01
2.536443644751670834e-01
2.476325185218668790e-01
2.429686119379563247e-01
2.390687669290054163e-01
2.356624926411781673e-01
2.326102328505545991e-01
2.298713144577023415e-01
2.273657550221772350e-01
2.250012276184909787e-01
2.227488550453371186e-01
2.206268349759185898e-01
2.186798753356516412e-01
2.168385315395903457e-01
2.150904327018609841e-01
2.134030221803690786e-01
2.117673328759128726e-01
2.101867662125040670e-01
2.086761657672815962e-01
2.072092073882860486e-01
2.057971608087783844e-01
2.044288685876786971e-01
2.030914011153962806e-01
2.017874919698315617e-01
2.005357624527633331e-01
1.993250487015745531e-01
1.981564089542824370e-01
1.970290018876158789e-01
1.959357626742818104e-01
1.948828160961125489e-01
1.938508665126731367e-01
1.928441494297664927e-01
1.918589179388572596e-01
1.908972946795972070e-01
1.899680489650858173e-01
1.890633572590337541e-01
1.881760308886450406e-01
1.873045103109998444e-01
1.864577232530841289e-01
1.856365976512556470e-01
1.848373405787926416e-01
1.840666893139839555e-01
1.833134418756287298e-01
1.825792680179655347e-01
1.818654041624202522e-01
1.811641666662339722e-01
1.804772726422176621e-01
1.798024592039303982e-01
1.791388875262357183e-01
1.784903025261979359e-01
1.778511524542934485e-01
1.772225924876863479e-01
1.766097963322503239e-01
1.760167209190526272e-01
1.754397495735599000e-01
1.748814810094315164e-01
1.743397008374181212e-01
1.738049607675463959e-01
1.732803891755125836e-01
1.727689738843904144e-01
1.722705984234529919e-01
1.717818093265945645e-01
1.713018957769739947e-01
1.708287456306509244e-01
1.703689528607937320e-01
1.699266771603684667e-01
1.694951781377478373e-01
1.690749182514293958e-01
1.686640412982944037e-01
1.682603272020482543e-01
1.678609162137914002e-01
1.674705150600050707e-01
1.670861894924067226e-01
1.667065204859972394e-01
1.663346334160233364e-01
1.659752416741919201e-01
1.656202663241640449e-01
1.652721415121505277e-01
1.649299018832919572e-01
1.645922572930405836e-01
1.642605649449676020e-01
1.639361157802786961e-01
1.636164481452986041e-01
1.633013024660233958e-01
1.629890866776308456e-01
1.626805109528621507e-01
1.623762283379356908e-01
1.620755732265046489e-01
1.617798538482734250e-01
1.614886871764623089e-01
1.612021977851314791e-01
1.609221632195210472e-01
1.606506690384958691e-01
1.603835456279281146e-01
1.601255872953468717e-01
1.598789248190463363e-01
1.596366167222174337e-01
1.593972601722949689e-01
1.591619376805410990e-01
1.589319523486512620e-01
1.587059641587349745e-01
1.584852723488113513e-01
1.582667452307739420e-01
1.580497013587786603e-01
1.578341263053910648e-01
1.576203672432908987e-01
1.574104651798460819e-01
1.572032838622411388e-01
1.569974645764475318e-01
1.567929941599273402e-01
1.565926881192382381e-01
1.563962961758486037e-01
1.562013024803892425e-01
1.560081617534162524e-01
1.558173875617908655e-01
1.556282646371112133e-01
1.554402909692845225e-01
1.552541706904789764e-01
1.550694458365886319e-01
1.548858412416743990e-01
1.547078306083790322e-01
1.545324447997259709e-01
1.543609171588798956e-01
1.541910519264303170e-01
1.540221163548675665e-01
1.538546347957605309e-01
1.536894069117416273e-01
1.535252563710651774e-01
1.533619776286276049e-01
1.531995636226803903e-01
1.530380073596049606e-01
1.528773019137158462e-01
1.527174404270216224e-01
1.525584161089455770e-01
1.524002222360102965e-01
1.522428785755369218e-01
1.520865552645109808e-01
1.519310409469615819e-01
1.517767914624727210e-01
1.516234934977172266e-01
1.514714978141900315e-01
1.513221519621610889e-01
1.511741446957425850e-01
1.510278852372098080e-01
1.508833791502121602e-01
1.507395523995902487e-01
1.505967097665358578e-01
1.504563631180209082e-01
1.503185197688433061e-01
1.501812946575409036e-01
1.500467226581224389e-01
1.499145927373939646e-01
1.497830449246499163e-01
1.496520754766194616e-01
1.495219998337126710e-01
1.493933638790271301e-01
1.492652809512720891e-01
1.491377476489596510e-01
1.490114348337564509e-01
1.488869876153684213e-01
1.487634988975343464e-01
1.486416373727431350e-01
1.485206378052751630e-01
1.484002719909377765e-01
1.482804133305680172e-01
1.481610586621677217e-01
1.480422048500342480e-01
1.479238487844735939e-01
1.478059873815160963e-01
1.476886175826353231e-01
1.475717363544696847e-01
1.474553406885474316e-01
1.473397307219453667e-01
1.472250736217558531e-01
1.471108899779815238e-01
1.469973793444745158e-01
1.468846762969757413e-01
1.467724296376625714e-01
1.466611702997106526e-01
1.465504031849513555e-01
1.464400780809870795e-01
1.463305472844841082e-01
1.462215267650205375e-01
1.461129375137040498e-01
1.460049038443616831e-01
1.458974961785210467e-01
1.457905115987228328e-01
1.456842414999868496e-01
1.455804210878611782e-01
1.454774329567376234e-01
1.453768328938245258e-01
1.452766870985915393e-01
1.451769211725052466e-01
1.450775189397425780e-01
1.449784857684032480e-01
1.448803360701773346e-01
1.447831178997959767e-01
1.446866597499177343e-01
1.445906764294797031e-01
1.444955576186670310e-01
1.444007740477246948e-01
1.443064691033445202e-01
1.442129474131041422e-01
1.441198362752437456e-01
1.440275347164934605e-01
1.439355419734300867e-01
1.438438566495117421e-01
1.437524773548455315e-01
1.436614027061476617e-01
1.435706313267043066e-01
1.434802984814951832e-01
1.433904694215805686e-01
1.433009358214865081e-01
1.432117885974414362e-01
1.431231872824277329e-01
1.430356130248458535e-01
1.429489922185314954e-01
1.428626956258407243e-01
1.427766769545085190e-01
1.426909350277138777e-01
1.426054686728987497e-01
1.425202767217708388e-01
1.424353580103061012e-01
1.423507113787514933e-01
1.422663356716276639e-01
1.421822297377309252e-01
1.420993074620749974e-01
1.420166663597483836e-01
1.419356045617574669e-01
1.418548496106965817e-01
1.417743452671184901e-01
1.416940904965779402e-01
1.416140842680993217e-01
1.415345341468962348e-01
1.414552877287938437e-01
1.413762856844521243e-01
1.412975270061758160e-01
1.412190106897398267e-01
1.411407357343986424e-01
1.410632412874131547e-01
1.409863309809537557e-01
1.409096562718274437e-01
1.408332161880822275e-01
1.407570097610501281e-01
1.406810360253614167e-01
1.406052940189577993e-01
1.405299682159563135e-01
1.404560809586911374e-01
1.403824186775148031e-01
1.403097325705670584e-01
1.402374654456746417e-01
1.401654124338909957e-01
1.400935726632747402e-01
1.400219452648999441e-01
1.399505293728658673e-01
1.398793241243065366e-01
1.398083286593995445e-01
1.397375421213744306e-01
1.396669636565213146e-01
1.395965924141981118e-01
1.395264275468381665e-01
1.394564682099573572e-01
1.393870268919838173e-01
1.393188869349703540e-01
1.392517327676744410e-01
1.391847635397817640e-01
1.391179785684235337e-01
1.390515859088972128e-01
1.389856463912657047e-01
1.389201045610506391e-01
1.388547409407174804e-01
1.387895548840983317e-01
1.387245457465626775e-01
1.386597128850363680e-01
1.385950556580198834e-01
1.385305734256063459e-01
1.384662655494987848e-01
1.384021313930269281e-01
1.383384450565452450e-01
1.382759001677114630e-01
1.382135187232400586e-01
1.381513001580547406e-01
1.380892439081636003e-01
1.380273494106814547e-01
1.379656161038512463e-01
1.379040434270653592e-01
1.378426308208857698e-01
1.377818356657920518e-01
1.377212194137758527e-01
1.376616830218732324e-01
1.376028170885640334e-01
1.375440980346210595e-01
1.374855253945937161e-01
1.374270987033547886e-01
1.373690558367951509e-01
1.373116113896904189e-01
1.372543798238616830e-01
1.371979299487539883e-01
1.371416184287598261e-01
1.370854448181640928e-01
1.370294086718289728e-01
1.369736542602723040e-01
1.369182999986174876e-01
1.368635317484798164e-01
1.368089275500558588e-01
1.367547087213433765e-01
1.367007530588098818e-01
1.366469238033091171e-01
1.365932205920493137e-01
1.365396430620099411e-01
1.364862719304260896e-01
1.364335735337703359e-01
1.363809960698491308e-01
1.363285391994819018e-01
1.362762025832341406e-01
1.362239858814489613e-01
1.361718887542781864e-01
1.361201159749425571e-01
1.360686599779952211e-01
1.360173205916019867e-01
1.359664205816113747e-01
1.359168264698941420e-01
1.358676430621566233e-01
1.358185644358598509e-01
1.357695903233150092e-01
1.357207204565167302e-01
1.356719545671677962e-01
1.356232923867027318e-01
1.355747336463114239e-01
1.355262780769619646e-01
1.354779254094231888e-01
1.354298365114237623e-01
1.353819944807631015e-01
1.353342527585006949e-01
1.352866110863368554e-01
1.352391976622567826e-01
1.351919228838204812e-01
1.351447469558562375e-01
1.350977554750425191e-01
1.350510775813203446e-01
1.350044970708138281e-01
1.349580136931713692e-01
1.349116271978407777e-01
1.348653373340900630e-01
1.348191438510278062e-01
1.347730464976229503e-01
1.347270450227243954e-01
1.346811391750801501e-01
1.346353287033559276e-01
1.345896272776008484e-01
1.345440236226125852e-01
1.344985144870139426e-01
1.344530996200850592e-01
1.344077787711060457e-01
1.343625516893735272e-01
1.343175790880996034e-01
1.342729897058565491e-01
1.342284939576185165e-01
1.341841008074284303e-01
1.341398255951459229e-01
1.340956431265160620e-01
1.340515531341516520e-01
1.340075553510516881e-01
1.339636495106116820e-01
1.339198353466332647e-01
1.338767921711817577e-01
1.338340429591070857e-01
1.337916930540728744e-01
1.337494304408033963e-01
1.337072548562626972e-01
1.336651660380420437e-01
1.336237250962918899e-01
1.335824530408837307e-01
1.335412637057130369e-01
1.335001568464915522e-01
1.334591322195137486e-01
1.334182796753907441e-01
1.333778507719001749e-01
1.333375005661937840e-01
1.332972288373998893e-01
1.332570353650295580e-01
1.332171614888058853e-01
1.331777654521676957e-01
1.331384431108636468e-01
1.330991942726008348e-01
1.330600187452920524e-01
1.330209163370634495e-01
1.329818868562623047e-01
1.329429301114640749e-01
1.329041214449190600e-01
1.328664838370344492e-01
1.328292463345331909e-01
1.327922645289792147e-01
1.327553918616211082e-01
1.327189662887233723e-01
1.326826987897651022e-01
1.326464953794296298e-01
1.326103558896466195e-01
1.325743568136627804e-01
1.325385880610868705e-01
1.325028819661166479e-01
1.324672383665862208e-01
1.324316571006084742e-01
1.323961380065793170e-01
1.323606809231814840e-01
1.323252856893889218e-01
1.322899521444704241e-01
1.322546801279934348e-01
1.322194694798278503e-01
1.321843200401494334e-01
1.321493713823991556e-01
1.321145233123110496e-01
1.320797348537430527e-01
1.320450058568981844e-01
1.320103361722332891e-01
1.319757256504622833e-01
1.319411741425595974e-01
1.319066814997638393e-01
1.318722475735805144e-01
1.318378722157856064e-01
1.318040903857850832e-01
1.317704721256476308e-01
1.317369110446217351e-01
1.317034069913401162e-01
1.316699598148051154e-01
1.316365693643907209e-01
1.316032354898436785e-01
1.315701993400755221e-01
1.315372565077752021e-01
1.315043693781620671e-01
1.314718903769607761e-01
1.314395972019998249e-01
1.314078869044787434e-01
1.313762609863172726e-01
1.313446860600415711e-01
1.313131619948546269e-01
1.312818189866988561e-01
1.312507071276769743e-01
1.312200155640630694e-01
1.311894526095075120e-01
1.311589377769098175e-01
1.311284709450351860e-01
1.310980519929437760e-01
1.310677134060551918e-01
1.310376706383608592e-01
1.310076740351957258e-01
1.309777234841375260e-01
1.309478188730034409e-01
1.309179600898517093e-01
1.308881470229831256e-01
1.308583795609427058e-01
1.308286575925211581e-01
1.307989810067562708e-01
1.307693496929343002e-01
1.307397635405911918e-01
1.307102224395142731e-01
1.306807262797428648e-01
1.306512749515701399e-01
1.306218683455439289e-01
1.305925063524678853e-01
1.305632498182865975e-01
1.305340387955107040e-01
1.305048719830117221e-01
1.304757492720127476e-01
1.304467456674582304e-01
1.304181087722461607e-01
1.303896223352435102e-01
1.303611783702301741e-01
1.303327767763974299e-01
1.303044174531567401e-01
1.302761003001409457e-01
1.302478252172051265e-01
1.302195921044280169e-01
1.301914008621124497e-01
1.301632513907868549e-01
1.301351435912059817e-01
1.301070773643515921e-01
1.300792948981470687e-01
1.300515536199943201e-01
1.300238531399295072e-01
1.299961933604081299e-01
1.299685741841214992e-01
1.299409955139973483e-01
1.299134572532003595e-01
1.298859593051329142e-01
1.298588439673334094e-01
1.298319110698819556e-01
1.298050169487684202e-01
1.297781615109784015e-01
1.297513446637366952e-01
1.297245663145078776e-01
1.296978263709966384e-01
1.296711247411480861e-01
1.296446245631391325e-01
1.296181857287953820e-01
1.295917841223597766e-01
1.295654196573327310e-01
1.295390922474291273e-01
1.295128018065791198e-01
1.294865482489278574e-01
1.294607524957801792e-01
1.294353860068674644e-01
1.294101474366154414e-01
1.293849419700310588e-01
1.293597695399519576e-01
1.293346300793158377e-01
1.293095235211617344e-01
1.292844497986312124e-01
1.292594088449692258e-01
1.292344005935255058e-01
1.292094249777553938e-01
1.291844819312208681e-01
1.291595713875916540e-01
1.291346932806463066e-01
1.291098475442727933e-01
1.290850341124698264e-01
1.290602529193475012e-01
1.290355038991283509e-01
1.290107869861481238e-01
1.289861021148565323e-01
1.289614492198181972e-01
1.289368282357135631e-01
1.289122390973393983e-01
1.288876817396097108e-01
1.288632768594370481e-01
1.288389061067906072e-01
1.288145661855731872e-01
1.287902570358212540e-01
1.287659785976537352e-01
1.287417308112726311e-01
1.287175136169644019e-01
1.286933643624177392e-01
1.286694633356613160e-01
1.286455916457164839e-01
1.286217492379342631e-01
1.285979360577324815e-01
1.285741520505969404e-01
1.285504780413956327e-01
1.285269065369868402e-01
1.285033635362733129e-01
1.284799531273032591e-01
1.284566510451084220e-01
1.284335459122127598e-01
1.284104693178570178e-01
1.283874205662402235e-01
1.283643996049649294e-01
1.283414063817074069e-01
1.283184408442184232e-01
1.282955029403241853e-01
1.282725926179269782e-01
1.282497098250062473e-01
1.282268545096190704e-01
1.282040266199012124e-01
1.281813202132426333e-01
1.281587152691013309e-01
1.281361447319863955e-01
1.281137766611899764e-01
1.280914353637609970e-01
1.280691207858518088e-01
1.280468328737345840e-01
1.280245715738013712e-01
1.280023368325641231e-01
1.279801285966553070e-01
1.279579468128278497e-01
1.279357914279554975e-01
1.279136623890327062e-01
1.278915596431753343e-01
1.278694831376204211e-01
1.278474328197264087e-01
1.278254086369735310e-01
1.278034105369635076e-01
1.277814384674202941e-01
1.277597394492264726e-01
1.277381441325873557e-01
1.277166764766883844e-01
1.276953457103416345e-01
1.276740392535483104e-01
1.276527570600693440e-01
1.276314990837676411e-01
1.276102652786081371e-01
1.275890555986578523e-01
1.275678699980861419e-01
1.275467084311646682e-01
1.275255708522675668e-01
1.275044572158715583e-01
1.274833674765558367e-01
1.274623015890024025e-01
1.274412595079959243e-01
1.274202411884239883e-01
1.273992465852768763e-01
1.273782756536477878e-01
1.273573283487329788e-01
1.273364046258315951e-01
1.273155044403457836e-01
1.272946277477806643e-01
1.272737745037444967e-01
1.272529446639484585e-01
1.272321381842068111e-01
