1.268859106572646001e+00
7.828084268366660714e-01
7.302972154918614400e-01
7.191749037826506985e-01
7.075387146764122726e-01
7.076552098013143555e-01
6.452583429250896563e-01
6.778324127474507632e-01
6.346435564744241642e-01
6.293201119298903468e-01
6.415446785743036395e-01
6.489633247900038482e-01
6.301577308540691202e-01
6.526090442442203932e-01
6.122005684684145299e-01
5.809480182567066109e-01
5.742288203752300424e-01
6.108931561586753434e-01
5.903676095308906246e-01
6.003926567393962355e-01
5.587669624369280275e-01
5.608203203443545837e-01
5.768600721966866685e-01
5.578305438611252942e-01
5.251742627229496474e-01
5.319323309386376764e-01
5.268580381043024286e-01
5.569352685903100619e-01
5.154835715895407233e-01
5.398607516315193644e-01
5.086272377280146584e-01
4.997290433760269157e-01
4.702140276352084758e-01
4.910628675933672027e-01
4.973833432241804853e-01
5.088861753218562045e-01
4.864360121710968876e-01
4.846649847125084620e-01
4.765984001913116663e-01
4.739296624381065248e-01
4.932766856647131659e-01
4.612446201087007092e-01
4.699329512868923309e-01
4.677418795234966065e-01
4.608727037896844236e-01
4.464995205917954291e-01
4.624142198730391007e-01
4.602759644876068257e-01
4.437289705102444581e-01
4.562172151186862368e-01
4.395921437426925094e-01
4.201340547017851090e-01
4.297148556937055441e-01
4.436557913048871926e-01
4.149571124643435804e-01
4.240041888880858867e-01
4.284819586628852983e-01
4.208824858917715739e-01
4.144888910203186061e-01
4.358062849501178615e-01
4.267115472816733757e-01
4.084832194111884807e-01
4.284957603061047005e-01
3.979514632836435029e-01
3.992970535884278749e-01
4.212643209576733550e-01
3.806901282143667631e-01
4.056218277268794359e-01
4.081884514350254123e-01
4.060538931145819541e-01
3.981682188810774514e-01
3.862467397251331813e-01
3.931334045677947198e-01
3.828630106779589148e-01
4.068039860562144283e-01
3.817026419879719357e-01
3.705274617763691936e-01
3.856441246625938457e-01
3.823867653154442436e-01
3.859398707291514241e-01
3.819650423166679465e-01
3.970477966801460035e-01
3.835207863649624516e-01
3.638521323921151129e-01
3.772522168496055817e-01
3.803716416278498658e-01
3.830236985047101861e-01
4.057274539305982253e-01
3.905942512828302071e-01
3.629587008389519864e-01
3.735853461569481060e-01
3.550114459116672228e-01
3.769857310360820724e-01
3.622154598639992229e-01
3.721729665434600487e-01
3.623655595378795224e-01
3.869815683618491042e-01
3.600656883686372822e-01
3.821516073161371763e-01
3.573201341093042438e-01
3.665974910396919140e-01
3.600779956905250101e-01
3.600436150593162576e-01
3.734870072779531425e-01
3.591605853647342750e-01
3.734080698073016236e-01
3.829800438067426094e-01
3.654877486181327684e-01
3.599716440373104676e-01
3.414054981866908034e-01
3.708876877736597133e-01
3.646566056382432031e-01
3.480098767686825023e-01
3.540655131991788385e-01
3.617643060463252014e-01
3.608182633996298572e-01
3.468628233840694297e-01
3.444784498749709489e-01
3.663955699312174130e-01
3.440208439169183952e-01
3.694168134663224912e-01
3.474886586249495424e-01
3.240236345599143419e-01
3.323833452201010452e-01
3.565921497913560612e-01
3.575578466943564737e-01
3.578503662924746864e-01
3.543682571711592177e-01
3.509409243143083446e-01
3.606281123725667004e-01
3.438920055595552361e-01
3.765558711664049318e-01
3.458675085453182807e-01
3.445417431888836979e-01
3.476275488562900473e-01
3.576979135997711001e-01
3.509782335847868029e-01
3.475708057555480512e-01
3.557223471297976669e-01
3.466270354542524412e-01
3.479680470377336521e-01
3.543810370464887116e-01
3.578640000691719614e-01
3.553525361317927400e-01
3.271393576746318699e-01
3.324165626221345371e-01
3.222387239260681158e-01
3.342865072169466378e-01
3.469873182734598549e-01
3.156883286228408525e-01
3.329714385939057664e-01
3.403759181222388297e-01
3.311865342989617211e-01
3.404797847451946358e-01
3.419038777539995522e-01
3.500167743979509249e-01
3.356327522738323244e-01
3.427962301813559098e-01
3.501989584107693676e-01
3.627953748052252236e-01
3.445133663238962307e-01
3.397422245335660063e-01
3.372253801301423604e-01
3.279601714111147759e-01
3.455858678771342452e-01
3.467233952791643481e-01
3.386188303546832645e-01
3.383350756039502638e-01
3.322645553838177723e-01
3.309658157796149247e-01
3.478288276301949034e-01
3.424086068149485573e-01
3.085183057306450927e-01
3.269267138271810813e-01
3.148569004905230617e-01
3.475629900059281630e-01
3.374738838796582097e-01
3.532056263585752753e-01
3.370192678380873330e-01
3.239225740011674737e-01
3.093973878716813064e-01
3.273836987274930665e-01
3.350623810247275736e-01
3.307073730836060932e-01
3.219443312332135321e-01
3.199040047835233214e-01
3.182412788218419442e-01
3.357503496257437936e-01
3.154206379679186378e-01
3.194667609097737726e-01
3.401305959251897937e-01
3.309772109815363184e-01
3.342021348508022460e-01
3.255747711049891135e-01
3.439476807495296384e-01
3.058555855251382516e-01
3.230904596304397525e-01
3.251286942537850999e-01
3.309580753536925934e-01
3.253165814880001894e-01
3.322102716291948643e-01
3.378263595907575745e-01
3.277548166175290878e-01
3.388242483634076874e-01
3.394325734793343652e-01
3.376896123987829235e-01
3.366122333813962864e-01
3.193383589373601783e-01
3.329666413617253795e-01
3.115228188665803977e-01
3.267705868629856569e-01
3.185797492341593817e-01
3.308394061419305254e-01
3.301337610831596159e-01
3.248052988555981679e-01
3.392710854817681532e-01
3.014492845512794506e-01
3.172820750047403715e-01
3.275306393935353833e-01
3.150609643234011381e-01
3.303323752842554084e-01
3.229548296207894187e-01
3.219469295411280796e-01
3.321713079005954028e-01
3.369911696066297813e-01
3.334030815431630046e-01
3.455857615113381853e-01
3.126663960015080290e-01
3.378230606810079806e-01
3.255477094859505760e-01
3.153088947060793124e-01
3.261693167904043400e-01
3.031937259440327104e-01
3.254484935848893645e-01
3.233423742220000729e-01
3.377119191802844811e-01
3.370426618756250936e-01
3.182539388400438263e-01
3.550162941639618541e-01
3.167407998078820563e-01
3.186365049674040884e-01
3.301351050460010761e-01
3.387265804728745722e-01
3.267353028666589165e-01
3.222515098724230143e-01
3.253339813159031868e-01
3.113195911131537708e-01
3.246744998720270114e-01
3.312518952368968539e-01
2.998601122477763115e-01
3.498732939258476504e-01
3.367688508368009148e-01
3.262270109859744527e-01
3.293120723499785019e-01
3.158490058427664282e-01
3.082125655511144813e-01
3.337761682529868934e-01
3.254025892041175760e-01
3.303735736646385979e-01
3.166517719785543195e-01
3.158185894167963581e-01
3.320948202339726318e-01
3.392914651158120409e-01
3.221008577584399402e-01
3.292845794371240253e-01
3.369543278632069483e-01
3.303766261074913557e-01
3.289745438136928990e-01
3.263454455916912633e-01
3.271206004923029598e-01
3.310593771490232817e-01
3.325033521622026145e-01
3.198624542750895250e-01
3.252760853687043374e-01
3.263160888683319105e-01
3.227842044039928582e-01
3.353182150387722382e-01
3.371111843342298742e-01
3.425171721972636307e-01
3.192181746358956906e-01
3.214433474726981488e-01
3.392375576856271335e-01
3.393538480757800624e-01
3.336554023918505418e-01
3.147103277107485830e-01
3.271013051788390635e-01
3.187901758919581274e-01
3.245833341445930054e-01
3.216023043460322639e-01
3.285785047887479493e-01
3.399724159376575905e-01
3.247931561879975892e-01
3.446840953671279073e-01
3.114056260989884195e-01
3.098457232370928072e-01
3.206914309310983646e-01
3.229098430696334399e-01
3.341228645335716507e-01
3.325328170415541851e-01
3.347211124140494487e-01
3.371851771711257828e-01
3.158953989932313799e-01
3.051089840897362460e-01
3.337393330487999910e-01
3.198513418849641687e-01
3.421054933544360743e-01
3.131176863256818765e-01
3.495708929290144984e-01
3.363958995145769348e-01
3.360190793914865637e-01
3.308557758855798503e-01
3.274363392373153547e-01
3.196203072913911258e-01
3.369515955786035466e-01
3.308598012075952277e-01
3.296607091037490611e-01
3.193425125298270384e-01
3.289610412716310606e-01
3.196465149771825498e-01
3.268452790765171145e-01
3.431322319833777224e-01
3.405334912453035767e-01
3.400383353468721670e-01
3.346535689437877270e-01
3.268622131404083087e-01
3.270561340510784176e-01
3.225915802287217526e-01
3.368569530061237827e-01
3.184150642509573359e-01
3.396503806487786159e-01
3.341642525475335135e-01
3.168532149390143604e-01
3.277136622768885288e-01
3.103313782089919259e-01
3.168041990370383254e-01
3.036847968705432832e-01
3.112820439875703671e-01
3.183742527164191705e-01
3.450074218518585090e-01
3.195754622967852399e-01
3.470421132113364893e-01
3.356841831722648939e-01
3.231945763891761469e-01
3.165094313777309099e-01
3.267620485350662962e-01
3.142462963361105643e-01
3.399555722807254821e-01
3.329452409990773520e-01
3.034326576441278567e-01
3.369261304113627675e-01
3.165771671970664669e-01
3.241807963226222000e-01
3.322716727549455129e-01
3.162684115528829332e-01
3.094876252153065388e-01
3.268165391730183944e-01
3.303496478739365028e-01
3.227085591286952271e-01
3.157514026155086029e-01
3.304748989563635608e-01
3.287520057506774229e-01
3.261668436439018048e-01
3.082176137784325975e-01
3.124160809830333063e-01
3.474281547844467188e-01
3.399003054527858780e-01
3.238739984068759181e-01
3.148663509629536783e-01
3.281944332258628916e-01
3.166262630420823010e-01
3.001868937970527118e-01
3.265628827792876332e-01
3.168619737511020329e-01
3.230605878194235392e-01
3.296085434810407389e-01
3.252614816803632292e-01
3.242122117843652118e-01
3.339701715481419031e-01
3.385710377208716593e-01
3.139444900137744465e-01
3.387428644361096808e-01
3.206931908644619078e-01
3.354081208431566874e-01
3.360804884128802961e-01
3.218779863604113722e-01
3.260842453030273203e-01
3.394253856478553488e-01
3.282955485217070035e-01
3.158472496372509708e-01
3.317654235988069522e-01
3.264123897573767974e-01
3.205050502145175284e-01
3.340320313168255728e-01
3.087188563776692152e-01
3.183470111093083532e-01
3.229706024989320579e-01
3.106458610566737444e-01
3.014913041356230838e-01
3.328582555738244242e-01
3.322986823039615345e-01
3.290168912425125991e-01
3.257314188771142649e-01
3.378145850436101716e-01
3.181602443806984537e-01
3.154156768038344771e-01
3.273300888959769228e-01
3.187098849211650320e-01
3.295116801591900790e-01
3.131943456626326006e-01
3.319273732996091408e-01
3.199418308331302141e-01
3.386890197839807493e-01
3.142883242001870414e-01
3.291946493596101253e-01
3.193737405359435844e-01
3.395345780750148035e-01
3.342745013959609324e-01
3.214278162665022975e-01
3.043250973393232806e-01
3.365748449106188422e-01
3.289308595931085266e-01
3.457375185057099398e-01
3.339796854010148031e-01
3.281318296355437703e-01
3.311165512157873692e-01
3.172847249932699287e-01
3.078227430811649734e-01
3.265340157671496324e-01
3.393637138907124040e-01
3.155729918958806168e-01
3.153548832854000117e-01
3.300252220081952848e-01
3.393834226106604013e-01
3.104994157446513969e-01
3.177749212204822316e-01
3.435441355621501880e-01
3.418679902303594642e-01
2.916749288734042378e-01
3.211936539482469488e-01
3.232260646280757377e-01
3.356311882273490532e-01
3.321438073744532593e-01
3.244381332492138892e-01
3.230444984842828493e-01
3.063082156787622079e-01
3.225843939814462269e-01
3.113755190786759441e-01
3.069530730198467006e-01
3.216426408309930318e-01
3.251360108322722264e-01
3.118262060792382773e-01
3.072239912343571189e-01
3.183922264675604352e-01
3.244255946996230655e-01
3.132419088775647009e-01
3.208942024798427939e-01
3.259059776076728698e-01
3.219466306916151654e-01
3.193932724268495615e-01
3.307611747738345986e-01
3.246162072242053664e-01
3.300005577200822438e-01
3.211439722259613605e-01
3.259448076763968860e-01
3.204641701697632516e-01
3.218718093487011322e-01
3.324703357894863709e-01
3.099362480396415376e-01
3.285719514503633309e-01
3.421268156479291833e-01
3.339855543308373753e-01
3.302978578828556500e-01
3.319782036557635818e-01
3.216834771300604023e-01
3.326911496368282761e-01
3.311558474264333918e-01
3.220012165130566317e-01
3.335331153260994164e-01
3.166805932021710124e-01
3.171618179749756683e-01
3.242492789642831830e-01
3.302281645373110197e-01
3.244261208056617996e-01
3.118795685370423509e-01
3.368995687826238927e-01
3.138389675733070927e-01
3.173491481902618871e-01
3.339753939272679939e-01
3.462128581447412312e-01
3.081463016021701584e-01
3.191291147550028295e-01
3.442877566692817970e-01
3.227411203910667270e-01
3.271299711295299062e-01
3.274448924498931102e-01
3.292187425382279709e-01
3.333125231829713875e-01
3.293009277603551888e-01
3.206320701424343333e-01
3.181598144004924578e-01
3.223656716098035058e-01
3.261002681222933131e-01
3.394619612228069738e-01
3.350152538529627688e-01
3.159750365479291334e-01
3.155300647712803719e-01
3.290264264677672523e-01
3.228366571001061724e-01
3.348263127689143359e-01
3.194963778482466932e-01
3.218805856142692989e-01
3.226409871346855307e-01
3.304839345975499332e-01
3.337924082923388602e-01
3.251229059788773856e-01
3.367887456193126572e-01
3.175545269361225165e-01
3.177454570950680179e-01
3.215070193029875290e-01
3.235899193566760812e-01
3.274486071963579881e-01
3.319299527174090492e-01
3.211864504135092946e-01
3.165475337774490416e-01
3.273920258466018196e-01
3.317123251326122291e-01
3.100650643246509186e-01
3.218999909300543916e-01
3.183132938022298353e-01
3.340986273535190842e-01
3.340679814997745134e-01
3.225821953488942073e-01
3.153507711907670985e-01
3.319594012141449113e-01
3.236201277786761032e-01
3.078654756270099990e-01
3.216651506721089904e-01
3.458761840198772419e-01
3.219839771136659978e-01
3.382363871502754860e-01
3.301432432226079072e-01
3.190547647724450431e-01
3.239483747067856689e-01
3.075365939925482905e-01
3.343318460799334924e-01
3.251390169601361957e-01
3.220375301470932983e-01
3.404111820600587701e-01
3.332435429377738068e-01
3.319355656426822843e-01
3.379096843857078425e-01
3.271857337361671614e-01
3.238964870386086825e-01
3.036110779481813182e-01
3.139331211994544346e-01
3.204404889940579704e-01
3.279161745609939782e-01
3.072714323997413066e-01
3.214359581600251814e-01
3.318143940667379055e-01
3.157356153119337261e-01
3.294015869371278993e-01
3.043249362307163808e-01
2.943304195144263447e-01
3.338677204518935016e-01
3.195267181848181481e-01
3.318803856640571981e-01
3.290075132862120832e-01
3.194596695049986557e-01
3.201491807496611997e-01
3.153515313332952430e-01
3.098900809210132778e-01
3.248893009718434866e-01
3.051303985466278235e-01
3.175931418713361376e-01
3.264256004622893559e-01
3.205205403122656227e-01
3.226137574450589907e-01
3.244288187306391680e-01
3.278008884904750064e-01
3.326122971352591939e-01
3.159533974211070628e-01
3.190900915549201300e-01
3.346022844406988939e-01
3.264258113445343001e-01
3.304679670827117000e-01
3.074535146370459548e-01
3.129939622313027692e-01
3.227987068766182688e-01
3.071805706533882740e-01
3.290166359825533182e-01
3.413129943257695587e-01
3.079377398234289798e-01
3.207386776724711619e-01
3.419671120155183264e-01
3.012771277931017289e-01
3.124369488106402692e-01
3.191026818421208722e-01
3.136651192966375401e-01
3.165931141292501749e-01
