4.268601780025564341e-01
3.784411782162149240e-01
3.598587765212345468e-01
3.401846209385082087e-01
3.410077324643185359e-01
3.353479078060601082e-01
3.453441785876401049e-01
3.395272691133357501e-01
3.363503638607540647e-01
3.335566497609632752e-01
3.156180850437958485e-01
3.277512854492024563e-01
3.349181168051399426e-01
3.302932169937350393e-01
3.316226041340021302e-01
3.157160798800354162e-01
3.052248157598402289e-01
3.218035188302972860e-01
3.127618192256555463e-01
3.212697600676177601e-01
3.140945462784173747e-01
3.088427585407708120e-01
3.221513078073592329e-01
3.125884305622798065e-01
3.004015102829306061e-01
3.213371193684199656e-01
3.062803533374363063e-01
2.994049162611732151e-01
3.088614732416171682e-01
3.198473840393877832e-01
3.037421745472220769e-01
3.212386170064433499e-01
3.046174052831085999e-01
3.090870200712137472e-01
3.142354092417691258e-01
2.956528496314547727e-01
2.957166973609496874e-01
3.083158029813347079e-01
3.005494674727509086e-01
3.104943981160906419e-01
3.036689448426025950e-01
3.079044154054903504e-01
3.089689917974997591e-01
3.125132939834662782e-01
3.235189189612276972e-01
3.275090867673413619e-01
2.929906657916556689e-01
3.079981997357660872e-01
3.081528121474583215e-01
3.050427877604252602e-01
3.109283175015469247e-01
3.157819324048222742e-01
3.137166103813778806e-01
3.113923816724155635e-01
3.154313844838306236e-01
3.117041395854702746e-01
3.125984010549987535e-01
3.081836795767338155e-01
3.228894907860689889e-01
3.206573934890482591e-01
3.060565507112586459e-01
2.981935734991473796e-01
3.075097790857513891e-01
3.000184064427474651e-01
3.186036493733168662e-01
3.017636097071316192e-01
3.128200494536434451e-01
3.219212424843501674e-01
3.163597057480105890e-01
3.084082091365865086e-01
3.251697070975476112e-01
3.191668533239752636e-01
3.097038742882642914e-01
2.999576208615207240e-01
3.241163305090276059e-01
3.030817602443149905e-01
3.037860167758584251e-01
3.157290268923096943e-01
2.960610320325393618e-01
3.050049946064656847e-01
3.150163371846408378e-01
2.972388587119232373e-01
3.154393070721746017e-01
3.113029919355869146e-01
3.220619893325452621e-01
3.071156572017080810e-01
3.104768939716114340e-01
3.040471202784873483e-01
3.021251958974384144e-01
3.229432841698143264e-01
3.149021931162854782e-01
2.991655650529158050e-01
3.178732569288816867e-01
3.071995796124304956e-01
3.048766224778300948e-01
3.143645155517116319e-01
3.151367166990888258e-01
3.256574035469979034e-01
2.999945826898223755e-01
3.100545748515540212e-01
3.046890004372908023e-01
3.081783438923568208e-01
3.149565766236345765e-01
3.259155499818007229e-01
2.996152843494537810e-01
2.876055738932092321e-01
2.997178118177929451e-01
3.256650078609019117e-01
3.092199050445325059e-01
3.029674634674420219e-01
3.036328954665835633e-01
3.093781803655207274e-01
3.102604527758098252e-01
3.139300809005628468e-01
3.128800347762358824e-01
2.933538923451441960e-01
3.032837558339702699e-01
3.097439431467294835e-01
3.040684956344840706e-01
3.098158880833872808e-01
2.965506747930030662e-01
2.999466399368075908e-01
3.010834557723712224e-01
3.100590182923637639e-01
3.087158561124278000e-01
3.175704737397407884e-01
3.107286057343229824e-01
3.135036357129882267e-01
3.056991762578500915e-01
2.986539492302511256e-01
3.125645862793767216e-01
3.064590157507550705e-01
2.975699020276318940e-01
3.131373126219204606e-01
3.046192832481969259e-01
3.077411035612240831e-01
3.207053436981865957e-01
2.987719753796440614e-01
3.046411506009037429e-01
2.991514754449298708e-01
3.148572821729951898e-01
3.180115016298851738e-01
3.124454464184025504e-01
3.080344638186756634e-01
3.186794705570634156e-01
3.149252784643660763e-01
3.140038321780967423e-01
2.995306006780742991e-01
3.032349027361281868e-01
3.066104140949809098e-01
3.017265639526313659e-01
3.171884698297353644e-01
3.095698330282111166e-01
3.079375731310214914e-01
3.095439522817441946e-01
3.115187451845417566e-01
3.016936792207994822e-01
3.046974861778701804e-01
3.128453698755705448e-01
3.191696487084479950e-01
3.203024133740720591e-01
3.194115363088106951e-01
3.127603029096903686e-01
2.902923328223231403e-01
3.006402678726645128e-01
3.166646604954593824e-01
3.010132036865414418e-01
3.130772977394118417e-01
3.210561262759895618e-01
3.137732205440662558e-01
3.042747804833504377e-01
3.022216505040747903e-01
3.151630426342358349e-01
3.048447950836584153e-01
3.068626025905873411e-01
3.181385579542522768e-01
3.129799800765489803e-01
3.137705154922326156e-01
3.161440159135602834e-01
3.003075326902327480e-01
3.016425425132779892e-01
3.132394034543798944e-01
3.100725943820249464e-01
3.059467996471507134e-01
3.208208423582139535e-01
2.953170578376809741e-01
3.016295809396007388e-01
3.151343295764693075e-01
3.078543405240439790e-01
3.094365075948330435e-01
3.045076411568386487e-01
2.929266737912102347e-01
3.012114958834983258e-01
3.298930395998692089e-01
3.060542720140669859e-01
2.996847597357419901e-01
3.047958726041203326e-01
3.162010135438908520e-01
3.049292837555923619e-01
2.896211342520482734e-01
2.929091700218569572e-01
3.203196831836546132e-01
3.212457496019930359e-01
3.030403519928596134e-01
2.962344486773387242e-01
3.032432691899945021e-01
3.084305495674048991e-01
3.053035096105615742e-01
2.953211330734823448e-01
3.103160598548184712e-01
3.078389221332211156e-01
3.184572542296544295e-01
3.191261296228942168e-01
3.145785752734580609e-01
3.045928894173127732e-01
3.164585140365711036e-01
3.172926395203048977e-01
2.959154024277590445e-01
3.065314517794194837e-01
3.014369552335260383e-01
3.068684132606816495e-01
3.191854198725754821e-01
2.975687432186014392e-01
3.044642705678006767e-01
3.010148263424919368e-01
3.184576449798763864e-01
3.012182349316320784e-01
2.936806890919958501e-01
3.080839572173613705e-01
2.999293554501373249e-01
3.152108504252019161e-01
3.128049513105313206e-01
2.990996536504585412e-01
3.212753018263884708e-01
3.017590695036709847e-01
3.177905894440576917e-01
3.131821189027919061e-01
2.936710570430926537e-01
2.986632025342345065e-01
3.139771309685166489e-01
3.141085656300375839e-01
3.013511763114344322e-01
3.029728361193567698e-01
3.048408851451952506e-01
3.079140368138504336e-01
3.191093884970262473e-01
3.221898352852356484e-01
3.101064470580148225e-01
3.031782200947543138e-01
2.914722858379543147e-01
3.046480595874007102e-01
3.043289850130486141e-01
2.798796216615508925e-01
3.056107563507307057e-01
3.034328612654783597e-01
2.880452946835148076e-01
3.116228291489055446e-01
3.029387910986101051e-01
3.063732964629342637e-01
3.065434188314263841e-01
3.129653457637344149e-01
3.119837287897690437e-01
3.043055125398280158e-01
3.121732064214959301e-01
3.052166252760583065e-01
3.072893569111062595e-01
3.013898386063671442e-01
2.992330388032303778e-01
3.077022849795085779e-01
3.030177964051096740e-01
3.100046916162559341e-01
3.037973293383566809e-01
2.920168606073616502e-01
3.240252807476769470e-01
3.025638268477313098e-01
3.089200776581459973e-01
3.103464016671330095e-01
3.204001098660113622e-01
3.200931540708569223e-01
3.032512086378002514e-01
3.106401474160325749e-01
3.091614940106597320e-01
3.126872260532694847e-01
3.034126733862770320e-01
2.948611676661910819e-01
3.100328800722234046e-01
3.087174298543152728e-01
3.163620980858740106e-01
3.076732671368522798e-01
3.000844998209384329e-01
3.118963702790052972e-01
2.921467179429809158e-01
3.057350593795729599e-01
3.148503613003458268e-01
3.049144239279559243e-01
3.036382217752836010e-01
3.207362394106934023e-01
2.948070056464477950e-01
2.984419264060759747e-01
3.036040561306721508e-01
3.196616173050495502e-01
3.163828676150755026e-01
3.073095320604280478e-01
3.007767615004577899e-01
3.121113573911960537e-01
3.117084316816131073e-01
3.041538851731299120e-01
2.955985549312858951e-01
3.171308744778696953e-01
3.161546045900554547e-01
2.993078729152387485e-01
2.980477604775010891e-01
3.137884104012223507e-01
3.135587186956034778e-01
3.215978471168959296e-01
3.047091239078479341e-01
3.218191762004838918e-01
3.082644672049199563e-01
3.065262934873042022e-01
3.081858335592594367e-01
3.096682208654205071e-01
3.039097571349932414e-01
3.069272918818073403e-01
3.141756817543478464e-01
3.144047942375494675e-01
3.084165904864949459e-01
2.990218382276295106e-01
2.991354455815720126e-01
3.113274088224071701e-01
3.069585096747741715e-01
3.150268596513446928e-01
2.981781545893204544e-01
3.152058758707891317e-01
3.064743944190685965e-01
3.257258484211451033e-01
3.171856336194584514e-01
2.805736615894549035e-01
2.987901153200888116e-01
3.080389311375915096e-01
3.078029320000295610e-01
3.042633935189997252e-01
3.219297793698362997e-01
3.163280392606607205e-01
3.062909083486170525e-01
3.096664248063423774e-01
3.143739834059369187e-01
3.078720864694728943e-01
3.197675842107922661e-01
3.012734871974491191e-01
3.129444048647739285e-01
3.011431006373108121e-01
3.207966963345469935e-01
3.071582071626478005e-01
3.044509389937815613e-01
2.986292092493558203e-01
3.079719656227656865e-01
3.079219727033346565e-01
3.006735654418912773e-01
3.008136959302883939e-01
2.968179624680251649e-01
2.986627031805429433e-01
3.098246176764802851e-01
3.120881345796217565e-01
3.121158089303151528e-01
3.014615597613954368e-01
3.147584657177107670e-01
3.055106578091244529e-01
2.956988142655467833e-01
2.984120624303523428e-01
3.143542922585371713e-01
3.048510810067966981e-01
3.113475702800335143e-01
2.988936541459201179e-01
3.003136986443871170e-01
3.117466627274865787e-01
3.067988411094225709e-01
3.036656435657345554e-01
3.082468328855846873e-01
3.073571154990528687e-01
3.192803374431421037e-01
3.039641256089011256e-01
3.039387153649946716e-01
3.100827781603444633e-01
2.937455864420818186e-01
3.112090739131566641e-01
3.010784643773505853e-01
3.087339123815409647e-01
3.139540426491809755e-01
3.219024500016362533e-01
3.091154382277629398e-01
3.089596534259340666e-01
3.056180539486809122e-01
3.055026986387862076e-01
3.008388885406764190e-01
3.156957311986599568e-01
2.990489666843311189e-01
3.041280949744234463e-01
2.925255618981476569e-01
3.092528630013308688e-01
2.975415949434139784e-01
3.154030306958739982e-01
2.993248607724979249e-01
3.072304849360916190e-01
3.194612073745803360e-01
3.081131179767863659e-01
2.974320770584067963e-01
3.048646062188216654e-01
3.062946133242724911e-01
3.068941310454245674e-01
3.179626799853169650e-01
3.106042292600577071e-01
3.051205635058690802e-01
3.068862911217436484e-01
2.935929081736710633e-01
3.193319554200200194e-01
3.099168028139258069e-01
3.210774342987076091e-01
3.025206244976395009e-01
3.227057522288969138e-01
3.096442691147892057e-01
3.169297104318712366e-01
3.146622389813943932e-01
2.884049815948338535e-01
3.243567246290965933e-01
3.221192825752189903e-01
3.026344080339574694e-01
3.013418459004328920e-01
3.076585973299498233e-01
2.976735504309649949e-01
3.079166830237644037e-01
3.045257466920944789e-01
3.147379086801346815e-01
3.041363726399940459e-01
3.094778207422871907e-01
3.177656496750065895e-01
3.133052453391662606e-01
3.069796355764652374e-01
3.063200063357829905e-01
3.078693195507105629e-01
3.077162130679299556e-01
3.068986854021382715e-01
3.054921494754149758e-01
3.111845313903116028e-01
3.102614181520946812e-01
3.207081669794416556e-01
3.141690516923333898e-01
3.136717740466297144e-01
2.977163007374601378e-01
3.006130821622645666e-01
3.102901430654770309e-01
3.177762470165854669e-01
2.856703551929583584e-01
3.099840639108040752e-01
3.057151215522405097e-01
2.915201092541038763e-01
3.023845017738779895e-01
3.100249595271665770e-01
2.817592085338881391e-01
3.117013197613536790e-01
3.061763812790970207e-01
3.120849527808184920e-01
3.159235643678230399e-01
3.039156316961363902e-01
3.060717076144827131e-01
3.028634916029729895e-01
3.003628757638948099e-01
3.114933664691493242e-01
3.110497968504011834e-01
3.103529141439484440e-01
3.131057245198449746e-01
3.133418336351098121e-01
3.175220167613843070e-01
3.082068018039011426e-01
3.021277293986795454e-01
3.044355840994444340e-01
3.096771304966633998e-01
3.179736143406738935e-01
3.031579282411291376e-01
3.188013489475345352e-01
3.060903950329231793e-01
2.870494146196739260e-01
3.167090846151083827e-01
2.974792417894632779e-01
3.186543437232408627e-01
2.982048734598446993e-01
3.115059186884285292e-01
2.976508503943093853e-01
3.246565924530732672e-01
3.063608334634254082e-01
3.100638124332361079e-01
3.017430963685729939e-01
3.250695097359560526e-01
3.176924162725429102e-01
3.007791440841157127e-01
3.013463745003771566e-01
3.008906149083261927e-01
2.990220406142031773e-01
3.189749807532232251e-01
3.068864079109209775e-01
3.041176627984621406e-01
3.141486534480966153e-01
3.159390357656828852e-01
2.969738439299796640e-01
3.081030548101760247e-01
2.961923795842913987e-01
3.087803489447973893e-01
3.010990026681472087e-01
3.137060790089848950e-01
3.101373776771951807e-01
3.196488890457401255e-01
3.034280347442766534e-01
2.967217682194357442e-01
3.076012785317621123e-01
3.000313554362014079e-01
2.969483431166612397e-01
3.079739970032915886e-01
2.901314582732147929e-01
3.085619520806509586e-01
3.035012978514581294e-01
3.224908079712274778e-01
3.050913915849215452e-01
2.997430794913730767e-01
3.057895641131613274e-01
2.973981842411365095e-01
3.056766692670045971e-01
3.081072025777781831e-01
3.042872145859283339e-01
3.065581266617921630e-01
3.206465013522286633e-01
2.965445195587864680e-01
3.149192423646889338e-01
3.153000584417067764e-01
2.923066984887776609e-01
3.000382108939481096e-01
3.081417198539865288e-01
3.118152826876615102e-01
3.075706188577370104e-01
3.137963221579848083e-01
3.054830768245358485e-01
3.121482560708516707e-01
3.125241712283471918e-01
3.132898220801226263e-01
3.001622854625727310e-01
3.037136322420908585e-01
3.076083074416394170e-01
3.091955472604027699e-01
3.110355116552241395e-01
3.019646041623496036e-01
2.936559070006755645e-01
3.057483063024572512e-01
3.108580548427125056e-01
3.113622749339953200e-01
3.046718044123444824e-01
3.027288929881423729e-01
2.977179396251112276e-01
2.965363265072890053e-01
2.938974356055585879e-01
2.964294027722165770e-01
3.161303291969752571e-01
3.034028841405275734e-01
3.024711109345266102e-01
2.960072165787366316e-01
3.094049203482283072e-01
3.162680107922747896e-01
3.203863224537308318e-01
3.065865063430526782e-01
3.051436873163118624e-01
3.032802430083986200e-01
2.958669063882432559e-01
3.115090169526171793e-01
3.080906566816264958e-01
3.115851366688087154e-01
2.875050861985121164e-01
3.003348108519596771e-01
3.042882861000750228e-01
2.924306869025400935e-01
3.054575560949522872e-01
3.118238956930173833e-01
3.264481166913255628e-01
3.118598560598199176e-01
3.072254140114340504e-01
3.040459536197380741e-01
2.999492627122079536e-01
2.972865524787914882e-01
3.001208743955144920e-01
2.993513925313365798e-01
2.932809021201721600e-01
3.133176053993154131e-01
3.103086150634453699e-01
3.172797181865856797e-01
3.066086443475028456e-01
3.018514784789946837e-01
3.074638782266882475e-01
3.111068162017739391e-01
3.002555721366982344e-01
3.175642850887157032e-01
3.047436505443233967e-01
3.084523652077945099e-01
3.040088490530629128e-01
2.924805985888288551e-01
