8.667905653449649028e-01
3.110405908602695835e-01
2.949824861382975838e-01
2.862647772274362623e-01
2.800885753627230801e-01
2.750196066586628740e-01
2.706058028899687717e-01
2.665398999938881075e-01
2.627356854254981333e-01
2.591310222595173962e-01
2.557401182225316760e-01
2.526151891146455331e-01
2.496548559573222859e-01
2.468269417099649143e-01
2.440950899476008185e-01
2.414407009312911079e-01
2.388561970361865461e-01
2.363544921126493059e-01
2.339348905684368318e-01
2.315799511891002693e-01
2.293035932052350789e-01
2.270948379788472749e-01
2.249632943534378426e-01
2.229060735123245818e-01
2.209213849126504536e-01
2.189903369228653474e-01
2.171067062224188160e-01
2.152784828289844299e-01
2.135210793554037367e-01
2.118170319760212250e-01
2.101726167462907302e-01
2.085869944430271128e-01
2.070743943942078835e-01
2.056081234176746764e-01
2.041775687312702148e-01
2.027751415979979766e-01
2.014035760329690450e-01
2.000697289382597499e-01
1.987748003827577437e-01
1.975156290368211831e-01
1.962852991772235378e-01
1.950880296497613242e-01
1.939250980150820369e-01
1.927823997113668475e-01
1.916582876032437988e-01
1.905525642478759218e-01
1.894719884306503843e-01
1.884183914931283066e-01
1.873825707813229213e-01
1.863768900370262049e-01
1.854065770369713040e-01
1.844520948045084430e-01
1.835177507647923201e-01
1.826102127752130821e-01
1.817271323062025490e-01
1.808607887967695338e-01
1.800126001357596484e-01
1.791905336404120141e-01
1.783808020675529404e-01
1.775886990246892949e-01
1.768092350595478757e-01
1.760429410570048536e-01
1.752892437137121562e-01
1.745583631226472476e-01
1.738459993449489038e-01
1.731554662701244029e-01
1.724829636700120072e-01
1.718239392712061775e-01
1.711755783351207594e-01
1.705393716355250167e-01
1.699170698811601210e-01
1.693045469502839628e-01
1.687048230710283814e-01
1.681163121878253008e-01
1.675343546428950392e-01
1.669650288887313816e-01
1.664020643183492798e-01
1.658460151671639626e-01
1.653000102440435326e-01
1.647614289600526361e-01
1.642286764712173608e-01
1.637016807080706737e-01
1.631828122260677860e-01
1.626754475238906539e-01
1.621770784539063870e-01
1.616908314946831904e-01
1.612115256361180415e-01
1.607369009603570320e-01
1.602668660891162222e-01
1.598013490855508811e-01
1.593414948536490683e-01
1.588934194071996708e-01
1.584526220741019065e-01
1.580184366109358973e-01
1.575884691795390868e-01
1.571623958179345359e-01
1.567425009607510966e-01
1.563301388547768400e-01
1.559231934049530588e-01
1.555197701081123540e-01
1.551198187582773225e-01
1.547245486717132579e-01
1.543349382645461121e-01
1.539488406842074719e-01
1.535662992160040374e-01
1.531906501033146739e-01
1.528183320580892568e-01
1.524492447338993972e-01
1.520832516144892121e-01
1.517210621874202914e-01
1.513629071214148691e-01
1.510080096571559671e-01
1.506578884158899234e-01
1.503125686246533088e-01
1.499700774292314909e-01
1.496302070104942039e-01
1.492929241828016007e-01
1.489581963416266031e-01
1.486259914508032964e-01
1.482962780301038119e-01
1.479692879838891695e-01
1.476449295762542469e-01
1.473229611837805209e-01
1.470090043352802189e-01
1.466982588447844627e-01
1.463909078234821859e-01
1.460857430409070457e-01
1.457832366545554759e-01
1.454846459626130684e-01
1.451896546745244099e-01
1.448969529651337185e-01
1.446062918927451812e-01
1.443179329876511652e-01
1.440315065122397820e-01
1.437470523669995004e-01
1.434652142223365456e-01
1.431853597074826956e-01
1.429079763861144103e-01
1.426339578178273115e-01
1.423617192690606603e-01
1.420912411893110183e-01
1.418226859620856650e-01
1.415560147103214761e-01
1.412919018209864708e-01
1.410302960072780942e-01
1.407703564607063751e-01
1.405121811034915347e-01
1.402559391579050740e-01
1.400013499877472423e-01
1.397494980066663617e-01
1.395003566598674583e-01
1.392528588063037809e-01
1.390071200127846185e-01
1.387636548347474241e-01
1.385219108997127191e-01
1.382816097094447805e-01
1.380429245734386690e-01
1.378058227428580196e-01
1.375701108981096099e-01
1.373363537391825706e-01
1.371051642959885686e-01
1.368763574125320404e-01
1.366501798565393500e-01
1.364255061273799419e-01
1.362020811193375147e-01
1.359800851041394754e-01
1.357594776232802780e-01
1.355400838813416720e-01
1.353243209553270376e-01
1.351110998316892575e-01
1.348998406971156361e-01
1.346908490994522811e-01
1.344833426758837713e-01
1.342769413352322694e-01
1.340716349898650739e-01
1.338689515385683426e-01
1.336676376181730186e-01
1.334673712107402044e-01
1.332681429449149302e-01
1.330699435713215140e-01
1.328728397789769033e-01
1.326776372504558377e-01
1.324847607702485386e-01
1.322940604058788217e-01
1.321055253989694145e-01
1.319183047318167046e-01
1.317322183229253374e-01
1.315486277528633285e-01
1.313667208030495637e-01
1.311867180004685218e-01
1.310079237714456557e-01
1.308299731566667790e-01
1.306538764745590886e-01
1.304790231521621990e-01
1.303049798287885253e-01
1.301317400813404856e-01
1.299595422073072659e-01
1.297888483512679991e-01
1.296195487309950711e-01
1.294511251143143082e-01
1.292835024510230746e-01
1.291174057501610073e-01
1.289521395945365245e-01
1.287878044600677951e-01
1.286243458290198816e-01
1.284625022669460825e-01
1.283015674580575416e-01
1.281413914219076966e-01
1.279819471789920282e-01
1.278243245530645000e-01
1.276679840345475991e-01
1.275130726032067119e-01
1.273597458443259667e-01
1.272070404994418702e-01
1.270549523898626409e-01
1.269034773783326575e-01
1.267527639714222110e-01
1.266031660837371731e-01
1.264542935184750638e-01
1.263064944877941853e-01
1.261592761058194789e-01
1.260127931976321169e-01
1.258670124318546080e-01
1.257217994471147571e-01
1.255771506106795055e-01
1.254331615265240618e-01
1.252908235824468364e-01
1.251490288966533859e-01
1.250077740549669914e-01
1.248670864535971481e-01
1.247271273007947295e-01
1.245876916363773679e-01
1.244488292654218897e-01
1.243107945082493199e-01
1.241738809675586169e-01
1.240374679970311089e-01
1.239017568733278979e-01
1.237671017840712845e-01
1.236329343866807706e-01
1.234992518713699805e-01
1.233660514512011780e-01
1.232337920130835152e-01
1.231020930366153454e-01
1.229708677583247339e-01
1.228402175631200383e-01
1.227109354765476695e-01
1.225821130677573756e-01
1.224537477046099276e-01
1.223258367764963328e-01
1.221983776941051592e-01
1.220715554536572212e-01
1.219452301398621930e-01
1.218193476372752687e-01
1.216939054506165213e-01
1.215689011046123397e-01
1.214443321437848472e-01
1.213201961322436656e-01
1.211971784615574477e-01
1.210746561904050417e-01
1.209525541012494848e-01
1.208309371703048668e-01
1.207105018029718674e-01
1.205904730703911271e-01
1.204708487693240265e-01
1.203516267135849166e-01
1.202328426879115814e-01
1.201150223840910247e-01
1.199992715284906031e-01
1.198839002500359102e-01
1.197689065056498359e-01
1.196548753398810894e-01
1.195414516292781643e-01
1.194283940485903334e-01
1.193157006603032116e-01
1.192033695422149986e-01
1.190913987872731505e-01
1.189797865034122881e-01
1.188685308133950042e-01
1.187576298546547116e-01
1.186473539458047372e-01
1.185375473298927729e-01
1.184280874779622544e-01
1.183192501050018969e-01
1.182110050878667912e-01
1.181030971660922829e-01
1.179955276099500378e-01
1.178892735779333428e-01
1.177833494408193626e-01
1.176778370908726362e-01
1.175727424000351379e-01
1.174681509554292291e-01
1.173638716775549373e-01
1.172599031006667930e-01
1.171562437686903546e-01
1.170530160294156463e-01
1.169505324351470671e-01
1.168483502978231586e-01
1.167464682277106897e-01
1.166449208903739543e-01
1.165439090700104013e-01
1.164431926405705420e-01
1.163428375370727935e-01
1.162432646283067944e-01
1.161439798539983942e-01
1.160449819124403370e-01
1.159462695101232399e-01
1.158478413616741004e-01
1.157496961897959420e-01
1.156518327252069461e-01
1.155543166954514367e-01
1.154572527225164041e-01
1.153604657427624441e-01
1.152639545284978168e-01
1.151677178595928996e-01
1.150717545234253847e-01
1.149760633148255717e-01
1.148806430360220232e-01
1.147859229421127059e-01
1.146914768501929999e-01
1.145972942823743207e-01
1.145035177964371098e-01
1.144100870373602613e-01
1.143169155461361830e-01
1.142240022053856857e-01
1.141313459045560363e-01
1.140389455398699570e-01
1.139468000142738607e-01
1.138549082373877808e-01
1.137632691254548412e-01
1.136722626869989539e-01
1.135817342657132883e-01
1.134914525965038112e-01
1.134014166374691379e-01
1.133116253529992401e-01
1.132220777137274287e-01
1.131327726964824615e-01
1.130437092842410812e-01
1.129548864660809143e-01
1.128663032371338970e-01
1.127779585985400207e-01
1.126898515574014797e-01
1.126019811267372772e-01
1.125143463254379000e-01
1.124269461782207574e-01
1.123397797155859384e-01
1.122528459737720391e-01
1.121661439947128219e-01
1.120798680598964203e-01
1.119940636009850582e-01
1.119084852478062359e-01
1.118231320713190119e-01
1.117380031481038788e-01
1.116535014384936741e-01
1.115694242163558225e-01
1.114857973213611159e-01
1.114023874495449207e-01
1.113191937263336290e-01
1.112362152823094807e-01
1.111534512531707208e-01
1.110709007796919362e-01
1.109885630076846014e-01
1.109064370879589423e-01
1.108245221762844679e-01
1.107428174333526388e-01
1.106613220247382318e-01
1.105800351208623966e-01
1.104989654534969945e-01
1.104181291741998250e-01
1.103375424084142020e-01
1.102576716534308943e-01
1.101788078522900477e-01
1.101009588301498920e-01
1.100233009313775906e-01
1.099458334331806786e-01
1.098688013051251772e-01
1.097923729476900090e-01
1.097161304309822033e-01
1.096400730601420348e-01
1.095642001441405888e-01
1.094885109957513120e-01
1.094130049315212988e-01
1.093377943022308674e-01
1.092628013752730692e-01
1.091880453680084267e-01
1.091134834395520031e-01
1.090390991938552379e-01
1.089648919858602211e-01
1.088908611739896060e-01
1.088174099021879671e-01
1.087441508180087973e-01
1.086711263993691001e-01
1.085985550509194625e-01
1.085267233965169220e-01
1.084551778331225430e-01
1.083837991882065782e-01
1.083125868699757743e-01
1.082415402897720091e-01
1.081706588620481024e-01
1.080999420043447928e-01
1.080293891372671872e-01
1.079589996844623340e-01
1.078887730725957977e-01
1.078187087313296211e-01
1.077489521774100678e-01
1.076797879475212549e-01
1.076111469006592603e-01
1.075426631632683122e-01
1.074743361882511405e-01
1.074061654313225589e-01
1.073381503509893975e-01
1.072702904085305470e-01
1.072025850679773212e-01
1.071350337960938343e-01
1.070676360623575435e-01
1.070003913389400846e-01
1.069332991006880507e-01
1.068663588251044794e-01
1.067995699923296599e-01
1.067329320851229391e-01
1.066665163348295420e-01
1.066003456552116757e-01
1.065345858373846627e-01
1.064690349954522386e-01
1.064040185504796232e-01
1.063393330684042903e-01
1.062747905480967980e-01
1.062103905128142373e-01
1.061461324881589480e-01
1.060820160020620739e-01
1.060183900302366505e-01
1.059549955230593005e-01
1.058917395503687076e-01
1.058286216576841826e-01
1.057656413927248740e-01
1.057027983053944603e-01
1.056400919477666484e-01
1.055775218740696852e-01
1.055150876406721200e-01
1.054527888060677043e-01
1.053906249308613485e-01
1.053285955777543415e-01
1.052667003115304728e-01
1.052049386990414614e-01
1.051433103091935772e-01
1.050818147129330138e-01
1.050204514832327601e-01
1.049593117877576642e-01
1.048987824677493491e-01
1.048384454083752804e-01
1.047785752651577140e-01
1.047190549760954326e-01
1.046596584914995798e-01
1.046003854307340220e-01
1.045412354148990974e-01
1.044822080668191405e-01
1.044233030110312960e-01
1.043645198737735980e-01
1.043058582829732295e-01
1.042473178682355034e-01
1.041888982608321634e-01
1.041305990936903098e-01
1.040727441281052990e-01
1.040150190610361347e-01
1.039574170186961938e-01
1.038999757938192103e-01
1.038426567833824476e-01
1.037854559385033015e-01
1.037283710337581488e-01
1.036714017248415165e-01
1.036145476689486478e-01
1.035578085247654961e-01
1.035011839524589000e-01
1.034446736136670347e-01
1.033882771714896148e-01
1.033319942904785543e-01
1.032758246366282523e-01
1.032197678773666277e-01
1.031638236815454607e-01
1.031079917194315243e-01
1.030523152965243106e-01
1.029968232167981224e-01
1.029415431464559272e-01
1.028866646131859630e-01
1.028318943102984606e-01
1.027772319278902891e-01
1.027226771573515329e-01
1.026682296913575126e-01
1.026138892238604439e-01
1.025596554500816660e-01
1.025055280665034263e-01
1.024515067708611366e-01
1.023975912621352402e-01
1.023437812405436909e-01
1.022900764075341390e-01
1.022364764657763964e-01
1.021829811191546089e-01
1.021295900727601652e-01
1.020765087848551494e-01
1.020237268578855078e-01
1.019711934315877672e-01
1.019188132977287414e-01
1.018668814071707618e-01
1.018150498782654373e-01
1.017633184278468883e-01
1.017116867739196462e-01
1.016601546356513258e-01
1.016087217333652704e-01
1.015573877885329740e-01
1.015061525237672818e-01
1.014550156628149374e-01
1.014039769305495747e-01
1.013530360529647234e-01
1.013021927571667868e-01
1.012515104753628492e-01
1.012010101818938412e-01
1.011506558184869370e-01
1.011008744966746531e-01
1.010511863907403579e-01
1.010015912485856954e-01
1.009520888190989230e-01
1.009026788521488749e-01
1.008533610985794804e-01
1.008041353102034215e-01
1.007551157045695756e-01
1.007062063115600481e-01
1.006573872939654918e-01
1.006086584146078933e-01
1.005600194371860795e-01
1.005116252944165678e-01
1.004634262349419910e-01
1.004153150750328738e-01
1.003675214944479144e-01
1.003198466470400230e-01
1.002722582218767561e-01
1.002247559978689251e-01
1.001773397547176675e-01
1.001300614600733052e-01
1.000828722046514796e-01
1.000357679447654857e-01
9.998874846381565484e-02
9.994181354598287437e-02
9.989511140381703014e-02
9.984858298133907073e-02
9.980213795301308422e-02
9.975577610713669274e-02
9.970949723276502363e-02
9.966330111970672645e-02
9.961718755851953211e-02
9.957124813476894709e-02
9.952565290948583998e-02
9.948013878938807841e-02
9.943470556892823609e-02
9.938935304329124532e-02
9.934408100839053901e-02
9.929889713146801411e-02
9.925381596672237794e-02
9.920901606724105704e-02
9.916430587781684125e-02
9.911967468321944419e-02
9.907512228350838501e-02
9.903064847946028981e-02
9.898625307256513073e-02
9.894193586502254834e-02
9.889769665973763280e-02
9.885353526031714910e-02
9.880945147106597048e-02
9.876544509698302610e-02
9.872151594375772055e-02
9.867766381776617302e-02
9.863388852606737311e-02
9.859018987639989184e-02
9.854656767717795418e-02
9.850302173748784473e-02
9.845955186708453544e-02
9.841615787638788304e-02
9.837283957647929844e-02
9.832959677909829110e-02
9.828642929663887473e-02
9.824333694214618107e-02
9.820031952931303210e-02
9.815737687247670651e-02
9.811453406953968281e-02
9.807197780379044161e-02
9.802949516394292295e-02
9.798708596829966422e-02
9.794493173252577511e-02
9.790292323211066683e-02
9.786098664486295173e-02
9.781912179633840687e-02
9.777732851267664782e-02
9.773560662059813109e-02
9.769395594740140631e-02
9.765237632095999376e-02
9.761086756971967815e-02
9.756942952269555269e-02
9.752806200946917414e-02
9.748676486018585663e-02
9.744553790555160466e-02
9.740438097683087881e-02
9.736329390584315402e-02
