2.941717887020179334e-01
2.518356435245499569e-01
2.408782733888169547e-01
2.338510589693190700e-01
2.285953334806272719e-01
2.241354928563703830e-01
2.202069763105133082e-01
2.169148948993994686e-01
2.141713595679690108e-01
2.117480955423344802e-01
2.096110653260604972e-01
2.077107446754573039e-01
2.059993447371029907e-01
2.044369708760803983e-01
2.029778037391986867e-01
2.016057187873542544e-01
2.003019919884149735e-01
1.990733763352880437e-01
1.978961795576507365e-01
1.967654052910648155e-01
1.956860276301261026e-01
1.946793997437372692e-01
1.937192097413197034e-01
1.928273573233482141e-01
1.919746175142696964e-01
1.911560556597299287e-01
1.903717988329629573e-01
1.896175048094230209e-01
1.888805960101389014e-01
1.881587236026734944e-01
1.874593479396382822e-01
1.867908994239169396e-01
1.861473066057474091e-01
1.855158530042237131e-01
1.848949115780804675e-01
1.842840627227091688e-01
1.836848143661529154e-01
1.831007515991038836e-01
1.825324680097859253e-01
1.819828158231364679e-01
1.814432499769231544e-01
1.809118122990538702e-01
1.803912840646051674e-01
1.798785021862221445e-01
1.793732317404251875e-01
1.788789435115949455e-01
1.783980786494031578e-01
1.779252818540720538e-01
1.774606130500777645e-01
1.770085240547862593e-01
1.765652387314139704e-01
1.761278959364405428e-01
1.756968521759661728e-01
1.752725114372690463e-01
1.748527682461669119e-01
1.744379542933597593e-01
1.740291604390438451e-01
1.736346549814448414e-01
1.732501331730773864e-01
1.728749215595659083e-01
1.725041103497456652e-01
1.721388450464842457e-01
1.717781764713955939e-01
1.714226284505274145e-01
1.710735018325176271e-01
1.707319104893001982e-01
1.703952954983952994e-01
1.700716165688286874e-01
1.697509744202632953e-01
1.694329762024052444e-01
1.691187372961334701e-01
1.688089401836322112e-01
1.685017178584525266e-01
1.681983379077302554e-01
1.678995063677594657e-01
1.676040979395322650e-01
1.673165013576277949e-01
1.670313661095721713e-01
1.667484706120594962e-01
1.664691102136496847e-01
1.661961068819174381e-01
1.659258180386227466e-01
1.656576363673930574e-01
1.653938257445417004e-01
1.651330158290863492e-01
1.648756893899888665e-01
1.646238975413863159e-01
1.643745605163495216e-01
1.641272369406881482e-01
1.638846522555841012e-01
1.636447944964203871e-01
1.634083975845093128e-01
1.631737285407889315e-01
1.629407692321597212e-01
1.627095017940776156e-01
1.624803235361028664e-01
1.622532167075405596e-01
1.620277331613039773e-01
1.618038564388611378e-01
1.615815703057750519e-01
1.613611937453151568e-01
1.611426544946678863e-01
1.609256526435192125e-01
1.607101729273325841e-01
1.604962002762338191e-01
1.602877687033276155e-01
1.600820011413584265e-01
1.598812345265409607e-01
1.596855141323977878e-01
1.594910647746170806e-01
1.592998312013077511e-01
1.591109949889171760e-01
1.589246139543057657e-01
1.587394268687188914e-01
1.585554235011849833e-01
1.583740993142568887e-01
1.581939162944856758e-01
1.580150266078859667e-01
1.578430246188590735e-01
1.576743362165629325e-01
1.575079019444318995e-01
1.573442106283598485e-01
1.571824595306552386e-01
1.570216681571449113e-01
1.568618287613089135e-01
1.567029336606365342e-01
1.565449752362237934e-01
1.563879696130000552e-01
1.562325348428736105e-01
1.560781104780029072e-01
1.559286888995113640e-01
1.557810955896907212e-01
1.556343876503444024e-01
1.554890601981303577e-01
1.553492792882239237e-01
1.552102609215773865e-01
1.550719994422362358e-01
1.549353319043392241e-01
1.548001186913482152e-01
1.546670686091967672e-01
1.545359790559819868e-01
1.544064020720325447e-01
1.542802008566818150e-01
1.541552841206615676e-01
1.540313789786137422e-01
1.539093383968148931e-01
1.537879139994326461e-01
1.536671014280416858e-01
1.535483915494223750e-01
1.534321538444065325e-01
1.533164870789491818e-01
1.532013872069350191e-01
1.530868502062040226e-01
1.529728720787965623e-01
1.528594488511791083e-01
1.527468746065515359e-01
1.526348671352236452e-01
1.525238815696828565e-01
1.524135785678990274e-01
1.523038066655136302e-01
1.521945628061129596e-01
1.520858867199965658e-01
1.519777303280153979e-01
1.518721678121744689e-01
1.517699297404657421e-01
1.516685042355055968e-01
1.515679447072567632e-01
1.514685428217995011e-01
1.513705494714246147e-01
1.512730011166118771e-01
1.511759234370153027e-01
1.510802338943445233e-01
1.509849648143964107e-01
1.508901132116769184e-01
1.507956761241174837e-01
1.507021069261758328e-01
1.506094126586391413e-01
1.505171170986646378e-01
1.504252174638227302e-01
1.503337109930829307e-01
1.502425949467477984e-01
1.501518666063819951e-01
1.500615232747360694e-01
1.499715622756663536e-01
1.498819809540505033e-01
1.497929102019935066e-01
1.497053460466619967e-01
1.496181436937107367e-01
1.495313006699057201e-01
1.494448145214259671e-01
1.493586828137739297e-01
1.492729031316818444e-01
1.491874730790164194e-01
1.491023902786796640e-01
1.490176523725080526e-01
1.489332570211687468e-01
1.488492019040539571e-01
1.487654847191729190e-01
1.486821086048442098e-01
1.485994444253100066e-01
1.485171083119020685e-01
1.484350980638268203e-01
1.483534114981537311e-01
1.482720464496964097e-01
1.481910007708933941e-01
1.481104529340702136e-01
1.480312351128719728e-01
1.479527370711109513e-01
1.478747870747510462e-01
1.477975224935187126e-01
1.477210440764325783e-01
1.476448504669202466e-01
1.475689397981512219e-01
1.474933102188266398e-01
1.474179598930560053e-01
1.473431156731422609e-01
1.472699983162917281e-01
1.471977858919610860e-01
1.471258310015693960e-01
1.470541319947585024e-01
1.469831406668609397e-01
1.469125838143194307e-01
1.468422761053401193e-01
1.467722159412336858e-01
1.467026712079102235e-01
1.466334507437303813e-01
1.465655034651126565e-01
1.464977891510453045e-01
1.464303063381728887e-01
1.463630535755327533e-01
1.462960294244366466e-01
1.462292324583536196e-01
1.461628158959580870e-01
1.460968039122803874e-01
1.460310106592526691e-01
1.459654347993631085e-01
1.459000750062267038e-01
1.458349299644807751e-01
1.457699983696802426e-01
1.457055916482800917e-01
1.456424524187444058e-01
1.455804880902858423e-01
1.455190415872358867e-01
1.454577849424807390e-01
1.453967170563198186e-01
1.453358368380090748e-01
1.452751831887989509e-01
1.452148154565404414e-01
1.451546302116311637e-01
1.450946264177036260e-01
1.450350682386148116e-01
1.449757185954464733e-01
1.449165470811530076e-01
1.448575526907089073e-01
1.447987344272332333e-01
1.447400913019085411e-01
1.446816223338999730e-01
1.446233265502761267e-01
1.445653469674930691e-01
1.445080385996578842e-01
1.444511751502234875e-01
1.443944790098795061e-01
1.443380036469291139e-01
1.442830162135470551e-01
1.442283746397289845e-01
1.441738882688420043e-01
1.441195562496270510e-01
1.440663295640007835e-01
1.440137787439633166e-01
1.439614990747744017e-01
1.439093619727464524e-01
1.438573666700331821e-01
1.438055124050811318e-01
1.437537984225617516e-01
1.437022239733051765e-01
1.436508084898819870e-01
1.435996985738380305e-01
1.435487250175777607e-01
1.434978871115225318e-01
1.434471841517157564e-01
1.433966154397644521e-01
1.433467770224014781e-01
1.432973574165244401e-01
1.432480616988799915e-01
1.431988892673387026e-01
1.431498395242775945e-01
1.431009118765350085e-01
1.430521057353657532e-01
1.430034205163966954e-01
1.429548556395835446e-01
1.429064105291670272e-01
1.428580846136307259e-01
1.428098773256588627e-01
1.427617881020945001e-01
1.427138163838986284e-01
1.426659616161095046e-01
1.426182232478024614e-01
1.425706336003212116e-01
1.425235924898323736e-01
1.424766643800326471e-01
1.424298487396850055e-01
1.423831450414349831e-01
1.423365527617720949e-01
1.422903491504291240e-01
1.422445302817378077e-01
1.421991840271689678e-01
1.421540819757657614e-01
1.421092173589996177e-01
1.420644544387167085e-01
1.420197927580434671e-01
1.419752318634220078e-01
1.419307713045763475e-01
1.418864106344792653e-01
1.418421494093190238e-01
1.417979871884672560e-01
1.417539235344465742e-01
1.417099580128992342e-01
1.416660901925553551e-01
1.416223196452026933e-01
1.415786459456556678e-01
1.415350686717254947e-01
1.414915874041904054e-01
1.414482017267663372e-01
1.414049112260780394e-01
1.413617154916302354e-01
1.413186141157796449e-01
1.412756066937069510e-01
1.412326928233892664e-01
1.411899609159921187e-01
1.411474930359571112e-01
1.411052607566908590e-01
1.410631179780786337e-01
1.410211699408792929e-01
1.409796218723386174e-01
1.409381607445539808e-01
1.408968145467492661e-01
1.408557192068553843e-01
1.408147106358780820e-01
1.407737884773216097e-01
1.407329523770288748e-01
1.406922019831591264e-01
1.406515369461661114e-01
1.406109569187763420e-01
1.405704615559677517e-01
1.405300505149487122e-01
1.404900847498762595e-01
1.404510623347248743e-01
1.404121156520674041e-01
1.403732444242616340e-01
1.403344483753095062e-01
1.402957272308421321e-01
1.402570807181051094e-01
1.402186879664627239e-01
1.401805894192984514e-01
1.401425632752256178e-01
1.401046092738202353e-01
1.400667271561675531e-01
1.400289166648485684e-01
1.399912769647218280e-01
1.399539007955629133e-01
1.399165953262949125e-01
1.398793603008769426e-01
1.398423597660060080e-01
1.398057319809044574e-01
1.397691727898514591e-01
1.397326819456036207e-01
1.396962592023625327e-01
1.396599043157623343e-01
1.396236170428570289e-01
1.395873971421083548e-01
1.395512443733736008e-01
1.395151584978936155e-01
1.394791392782809281e-01
1.394431864785080355e-01
1.394072998638958283e-01
1.393714792011022108e-01
1.393357242581107769e-01
1.393000348042195968e-01
1.392644106100302814e-01
1.392288514474370742e-01
1.391933570896159988e-01
1.391579273110141179e-01
1.391225618873394576e-01
1.390872605955500441e-01
1.390520232138440226e-01
1.390168495216492772e-01
1.389817392996136602e-01
1.389466923295946121e-01
1.389117083946498354e-01
1.388767872790272750e-01
1.388419287681556535e-01
1.388071326486349788e-01
1.387723987082271626e-01
1.387377267358466393e-01
1.387031165215515116e-01
1.386685678565341140e-01
1.386340805331121862e-01
1.385996543447202134e-01
1.385652890859003505e-01
1.385309845522938177e-01
1.384967405406325736e-01
1.384625568487305447e-01
1.384284332754754099e-01
1.383943696208201068e-01
1.383603656857748943e-01
1.383264212723990250e-01
1.382925361837929190e-01
1.382587102240898369e-01
1.382249431984484966e-01
1.381912349130449136e-01
1.381578998461787111e-01
1.381247510236567333e-01
1.380916598506531368e-01
1.380586261366978373e-01
1.380256496923195075e-01
1.379927303290375273e-01
1.379598678593551841e-01
1.379270620967514849e-01
1.378943128556744668e-01
1.378618857047483326e-01
1.378295652495994672e-01
1.377972999254479247e-01
1.377650895541578657e-01
1.377329339585106893e-01
1.377008329621985661e-01
1.376687863898175268e-01
1.376367940668604684e-01
1.376048558197108529e-01
1.375729714756358246e-01
1.375411408627797427e-01
1.375093638101577698e-01
1.374780160539151586e-01
1.374468648206277344e-01
1.374157632180689204e-01
1.373847110978676511e-01
1.373537083123994029e-01
1.373227547147801986e-01
1.372918501588611395e-01
1.372609944992222442e-01
1.372301875911668134e-01
1.371994715207838500e-01
1.371692290496830668e-01
1.371390337999363329e-01
1.371088856334001793e-01
1.370787844126045985e-01
1.370487300007475762e-01
1.370187222616902623e-01
1.369887610599520300e-01
1.369588462607051749e-01
1.369289777297704458e-01
1.368992046575872035e-01
1.368695597103793127e-01
1.368399605304250755e-01
1.368104069848291859e-01
1.367808989413373533e-01
1.367514362683315277e-01
1.367220188348252929e-01
1.366926465104591759e-01
1.366633191654960111e-01
1.366340366708165277e-01
1.366047988979147698e-01
1.365756057188937389e-01
1.365464570064607586e-01
1.365173526339233667e-01
1.364882924751850968e-01
1.364592764047407314e-01
1.364303042976727220e-01
1.364014655357640438e-01
1.363727422354764351e-01
1.363440614630085368e-01
1.363154231022170315e-01
1.362868270374816282e-01
1.362582731537017033e-01
1.362297613362926096e-01
1.362012914711819567e-01
1.361728669223260246e-01
1.361445707744407541e-01
1.361164247804045324e-01
1.360883196654243121e-01
1.360602553202553411e-01
1.360322316361314565e-01
1.360042485047621708e-01
1.359763058183295070e-01
1.359484668230714621e-01
1.359209639617183218e-01
1.358934996147755370e-01
1.358660736850139661e-01
1.358386860756052306e-01
1.358113366901191332e-01
1.357840254325209106e-01
1.357567522071689015e-01
1.357295169188118544e-01
1.357023194725864301e-01
1.356751597740147308e-01
1.356480377290018857e-01
1.356209532438334975e-01
1.355939062251733662e-01
1.355668965800609360e-01
1.355399242159091577e-01
1.355129890405018522e-01
1.354860909619916287e-01
1.354592298888975255e-01
1.354324057301026785e-01
1.354056183948520176e-01
1.353788677927501849e-01
1.353521538337593422e-01
1.353256947915226494e-01
1.352993122660954839e-01
1.352729828200428253e-01
1.352466892642274487e-01
1.352204315098906318e-01
1.351942094686318929e-01
1.351682145972541438e-01
1.351424064303316241e-01
1.351166332070262432e-01
1.350908948394376752e-01
1.350651912400392674e-01
1.350395223216752927e-01
1.350138977394009787e-01
1.349884381348338824e-01
1.349630123408189220e-01
1.349376202757027743e-01
1.349122618581670152e-01
1.348869370072264540e-01
1.348617487526457270e-01
1.348367701684735354e-01
1.348118287147705985e-01
1.347872975005171003e-01
1.347628281433737585e-01
1.347383900025627967e-01
1.347139830068990740e-01
1.346896070854724514e-01
1.346652621676459327e-01
1.346409481830539989e-01
1.346166650616009985e-01
1.345924127334593434e-01
1.345681911290678712e-01
1.345440001791302076e-01
1.345198790181791892e-01
1.344957932702541270e-01
1.344717376574274537e-01
1.344477121126257946e-01
1.344237165690322089e-01
1.343997509600844686e-01
1.343758152194738376e-01
1.343519092811432669e-01
1.343280330792855914e-01
1.343044800345001566e-01
1.342812173210571336e-01
1.342582928034638523e-01
1.342354583980485128e-01
1.342127324228195029e-01
1.341900327026648854e-01
1.341673591847034608e-01
1.341447118162450436e-01
1.341220905447896294e-01
1.340997765436614808e-01
1.340776422616193619e-01
1.340555335651064384e-01
1.340334504006175931e-01
1.340113927148574302e-01
1.339893604547388595e-01
1.339673535673814586e-01
1.339453720001104187e-01
1.339234157004547121e-01
1.339014846161458716e-01
1.338795786951165745e-01
1.338576978854992827e-01
1.338358421356247996e-01
1.338140113940209652e-01
1.337922056094113243e-01
1.337704247307137384e-01
1.337486687070391922e-01
1.337269374876903227e-01
1.337052310221603646e-01
1.336835492601316233e-01
1.336618921514744207e-01
1.336402596462457626e-01
1.336188344423359098e-01
1.335975552062864946e-01
1.335763000695990854e-01
1.335552154735484276e-01
1.335341635278882166e-01
1.335131353416151301e-01
1.334921308661696782e-01
1.334711500531714501e-01
1.334501928544183924e-01
1.334292592218854490e-01
1.334083534738551291e-01
1.333874749724195674e-01
1.333666198585030105e-01
1.333457880850731081e-01
1.333249796052645986e-01
1.333041943723782541e-01
1.332834323398796317e-01
1.332626934613984626e-01
1.332419776907275422e-01
1.332212849818217582e-01
1.332006152887970640e-01
1.331799685659298127e-01
