1.147501427913760752e+00
7.680434177585168110e-01
7.302990911592884826e-01
6.997522507540678838e-01
6.739394141981844832e-01
6.509601160575060330e-01
6.302249837300207824e-01
6.112947019974298568e-01
5.941966561926481649e-01
5.787212962357488610e-01
5.644791907706929734e-01
5.513569658354171565e-01
5.391343406290618478e-01
5.279660933456630234e-01
5.176889695141526637e-01
5.079972950269104892e-01
4.989061146966197735e-01
4.903487491239762464e-01
4.823191275885661544e-01
4.748417350300385142e-01
4.677960100616956884e-01
4.610891842931115758e-01
4.547208733201538733e-01
4.485972590228455847e-01
4.427422962421482255e-01
4.371491819317970817e-01
4.318324285944650232e-01
4.268095962193786397e-01
4.219857930910282939e-01
4.173535281263932584e-01
4.128789263333447757e-01
4.085407604151398697e-01
4.043452954427855794e-01
4.002925250317232453e-01
3.963855248866134384e-01
3.925948382384413793e-01
3.889203192289573674e-01
3.853560352138894474e-01
3.819030375548482237e-01
3.786005224570230254e-01
3.754266594880144026e-01
3.723592281673804849e-01
3.693827083204183626e-01
3.664924336844033181e-01
3.636806689792287384e-01
3.609638377989961566e-01
3.583240308842713384e-01
3.557593593093877349e-01
3.532851075525827445e-01
3.508881584560017974e-01
3.485471737327386355e-01
3.462790927117198603e-01
3.440662157601818705e-01
3.419224399225199162e-01
3.398223505521296706e-01
3.377715745016232063e-01
3.357984817658604126e-01
3.338742082151017199e-01
3.319936827726501227e-01
3.301540941955575237e-01
3.283653367948317636e-01
3.266235048344310887e-01
3.249286505352790289e-01
3.232843938608507828e-01
3.216785159875560907e-01
3.201179825903759935e-01
3.185902892234043771e-01
3.170986268661549201e-01
3.156390190950051911e-01
3.142099633074307286e-01
3.128083526473668385e-01
3.114283494195757562e-01
3.100712217800597470e-01
3.087394323395029616e-01
3.074303582829620574e-01
3.061411816728965007e-01
3.048808101150653482e-01
3.036393745787336340e-01
3.024117299927044367e-01
3.011976507802767711e-01
2.999981707134711795e-01
2.988249733490167537e-01
2.976763878737099800e-01
2.965457048227809200e-01
2.954277842650676611e-01
2.943216967012611818e-01
2.932320028695091230e-01
2.921580581834443135e-01
2.911037974425161878e-01
2.900687035236018674e-01
2.890467283443219904e-01
2.880372802274440702e-01
2.870405513986616364e-01
2.860560370668944197e-01
2.850933436242941155e-01
2.841460999052778935e-01
2.832206499300815583e-01
2.823098433226136628e-01
2.814145614929598471e-01
2.805399188330673366e-01
2.796932198433860206e-01
2.788634302106469121e-01
2.780483451449375365e-01
2.772445041292195267e-01
2.764561136789578932e-01
2.756782834564741602e-01
2.749088471882869533e-01
2.741462500315408057e-01
2.733900554646024328e-01
2.726448108340718268e-01
2.719193151685882492e-01
2.712088265930710507e-01
2.705100910394107605e-01
2.698175036682931016e-01
2.691304238346573507e-01
2.684494009424315819e-01
2.677782544910036755e-01
2.671141017933639228e-01
2.664566907191325829e-01
2.658089454040552524e-01
2.651685071025634555e-01
2.645343820919419109e-01
2.639050463213077347e-01
2.632813274016272964e-01
2.626647431843608937e-01
2.620592360789717468e-01
2.614619680130302326e-01
2.608699422302892534e-01
2.602827262004121511e-01
2.596999465303245769e-01
2.591257449834591942e-01
2.585646029648381861e-01
2.580079895556492975e-01
2.574563730421962626e-01
2.569127926660248473e-01
2.563751120577351661e-01
2.558431182095811662e-01
2.553183532707890002e-01
2.547980025666030102e-01
2.542841771720900645e-01
2.537742804520152773e-01
2.532679203305640558e-01
2.527663452396420873e-01
2.522702058699888839e-01
2.517824587080568777e-01
2.512986485733895714e-01
2.508183653360688825e-01
2.503411724362593627e-01
2.498745635597561798e-01
2.494147031226212063e-01
2.489612632455970864e-01
2.485130450204338093e-01
2.480728557621677821e-01
2.476367212548967467e-01
2.472048638185449787e-01
2.467769992320032468e-01
2.463548753460440832e-01
2.459377093019311789e-01
2.455234816293807021e-01
2.451129159738051622e-01
2.447047702790788870e-01
2.442991700920806031e-01
2.438990675253676077e-01
2.435024466375213248e-01
2.431139590689634644e-01
2.427287807399124697e-01
2.423483134557603835e-01
2.419714463701277407e-01
2.415967873853342440e-01
2.412266654349261019e-01
2.408597927225019364e-01
2.404973544189744350e-01
2.401397529556283106e-01
2.397867024420926585e-01
2.394362281011195304e-01
2.390896082313416771e-01
2.387475115880490495e-01
2.384102256299166223e-01
2.380788278687761828e-01
2.377504928963517228e-01
2.374243946045640763e-01
2.371021788607140246e-01
2.367823098045117036e-01
2.364641173462038726e-01
2.361481332795514476e-01
2.358376207572773775e-01
2.355291190965450865e-01
2.352225352740363040e-01
2.349187102279476358e-01
2.346206105117309981e-01
2.343241168493610804e-01
2.340308166884874641e-01
2.337397771577597594e-01
2.334509970919490252e-01
2.331637845148260002e-01
2.328779724196662626e-01
2.325935508586316480e-01
2.323105099647471972e-01
2.320288936250940737e-01
2.317497790335018570e-01
2.314743146951538932e-01
2.312017258792641583e-01
2.309315086641005321e-01
2.306625690561830977e-01
2.303960816992396132e-01
2.301331975617424142e-01
2.298749233869122333e-01
2.296181547114709010e-01
2.293637838230064285e-01
2.291118015529338137e-01
2.288609756534979445e-01
2.286113436392966380e-01
2.283644347939477459e-01
2.281196389368233823e-01
2.278769059012415166e-01
2.276352540368526967e-01
2.273946752662500959e-01
2.271557820063785926e-01
2.269188009869215206e-01
2.266832337391040120e-01
2.264497935975578746e-01
2.262183807113426759e-01
2.259896736387275729e-01
2.257648991697594476e-01
2.255415437963710912e-01
2.253191413817430544e-01
2.250987671417522262e-01
2.248820220381075041e-01
2.246669016112907702e-01
2.244546809935970277e-01
2.242448959911582940e-01
2.240373077505282973e-01
2.238307833756177090e-01
2.236250964807164066e-01
2.234207591847681973e-01
2.232194488451313130e-01
2.230192128504519811e-01
2.228197756302558730e-01
2.226220683493937702e-01
2.224253208217189248e-01
2.222313614993501052e-01
2.220392782963457878e-01
2.218479357683739994e-01
2.216573295204077865e-01
2.214680839316193195e-01
2.212805442377193121e-01
2.210939458818640957e-01
2.209085821803579153e-01
2.207239210579519662e-01
2.205399583852003798e-01
2.203566900634191805e-01
2.201742647093502259e-01
2.199929102830933403e-01
2.198122314044970715e-01
2.196328812157321009e-01
2.194548890250980766e-01
2.192778984601578274e-01
2.191021671497347112e-01
2.189270713744602692e-01
2.187530250075133131e-01
2.185799350689753007e-01
2.184088866785609262e-01
2.182387534749092584e-01
2.180692220273331705e-01
2.179010412975260214e-01
2.177351698869374463e-01
2.175706472765246147e-01
2.174072671648868971e-01
2.172444681845764058e-01
2.170823352999579903e-01
2.169209937508347896e-01
2.167603854259246843e-01
2.166013365446544381e-01
2.164428129465925943e-01
2.162848294120367221e-01
2.161281028594409792e-01
2.159725845610244443e-01
2.158175755987916111e-01
2.156645968092225640e-01
2.155124805809681132e-01
2.153608569033434450e-01
2.152100350633739667e-01
2.150610488551590871e-01
2.149125890283267726e-01
2.147651289464845570e-01
2.146186564504707905e-01
2.144734887424574743e-01
2.143293080199606682e-01
2.141861611014006517e-01
2.140438085789448108e-01
2.139018868071151658e-01
2.137603938637864798e-01
2.136193278363277825e-01
2.134787868225376528e-01
2.133397548795009924e-01
2.132011377012464903e-01
2.130635658062406401e-01
2.129269104661441481e-01
2.127913129931299219e-01
2.126567720589242760e-01
2.125235498162437453e-01
2.123907780815860180e-01
2.122584270587173916e-01
2.121267008623603234e-01
2.119953561954340260e-01
2.118643914341828138e-01
2.117338049621567686e-01
2.116038136344269016e-01
2.114747169089749856e-01
2.113459888405319065e-01
2.112176278821412956e-01
2.110896324937069357e-01
2.109628164373487658e-01
2.108372897629742504e-01
2.107125700536719715e-01
2.105888942438718103e-01
2.104660375786401028e-01
2.103435192890962813e-01
2.102213380082723626e-01
2.100994923748344401e-01
2.099779810330810181e-01
2.098568794493143874e-01
2.097368856164021911e-01
2.096179579397071946e-01
2.094997021628796918e-01
2.093817656596036469e-01
2.092641471550815424e-01
2.091471415384939803e-01
2.090308526710021875e-01
2.089165855794175020e-01
2.088028446944059924e-01
2.086897063961657695e-01
2.085772918340938475e-01
2.084651740754558946e-01
2.083533982370503745e-01
2.082424998705234842e-01
2.081323647665185295e-01
2.080227191150888222e-01
2.079142602949734520e-01
2.078073838228139125e-01
2.077007792345327009e-01
2.075952426250372851e-01
2.074901645792610605e-01
2.073853508041580140e-01
2.072808002878806233e-01
2.071769393191820463e-01
2.070741518132687697e-01
2.069719616496736858e-01
2.068701412554465879e-01
2.067696539915774012e-01
2.066704700863248589e-01
2.065719603553313743e-01
2.064738868116113568e-01
2.063760468664492254e-01
2.062784396878176996e-01
2.061816236470045138e-01
2.060866814168360872e-01
2.059921431547044601e-01
2.058980665280067124e-01
2.058044153302894808e-01
2.057109799198792444e-01
2.056177595463578589e-01
2.055249659278686747e-01
2.054328417047502076e-01
2.053409276959934082e-01
2.052492621217645308e-01
2.051579990930351982e-01
2.050673902388277237e-01
2.049769863765331657e-01
2.048875535339573506e-01
2.047983515207552063e-01
2.047093487070308360e-01
2.046205444136967033e-01
2.045319379641440394e-01
2.044435286842403998e-01
2.043553159023268895e-01
2.042672989492155533e-01
2.041797120735600601e-01
2.040925790091782099e-01
2.040056358547231163e-01
2.039188819828552657e-01
2.038324750218034331e-01
2.037463034667678918e-01
2.036603187494560874e-01
2.035745202548769894e-01
2.034889073701807161e-01
2.034034794846570904e-01
2.033182359897337810e-01
2.032331762789742480e-01
2.031482997480758002e-01
2.030636057948670692e-01
2.029793143842547054e-01
2.028956123890815755e-01
2.028121106806543561e-01
2.027289088460273170e-01
2.026464900526775692e-01
2.025646635300369647e-01
2.024832864331617133e-01
2.024020770119450696e-01
2.023210347441827539e-01
2.022401591093014039e-01
2.021596873528985205e-01
2.020794410420587717e-01
2.019997361907319711e-01
2.019201922878446354e-01
2.018408088451587867e-01
2.017615853758954469e-01
2.016825213947364415e-01
2.016036164178255097e-01
2.015248699627690543e-01
2.014462815486376124e-01
2.013678506959661052e-01
2.012896252619224557e-01
2.012120052305790274e-01
2.011350025625630589e-01
2.010582460787768144e-01
2.009816421491708860e-01
2.009051903116352844e-01
2.008292438092181553e-01
2.007539600690878279e-01
2.006788246377123885e-01
2.006038370629222578e-01
2.005290048179121376e-01
2.004553738957121911e-01
2.003822786080068363e-01
2.003094246117017585e-01
2.002371018402616665e-01
2.001649197908187960e-01
2.000928780311834465e-01
2.000209761305970779e-01
1.999492136597313119e-01
1.998775901906863772e-01
1.998061052969895279e-01
1.997347585535935444e-01
1.996636447374112722e-01
1.995928754716875531e-01
1.995222419733543029e-01
1.994520756637810088e-01
1.993820767930090110e-01
1.993123785057156760e-01
1.992430984142849471e-01
1.991741153825356825e-01
1.991059633768585135e-01
1.990381050834835741e-01
1.989703715601995326e-01
1.989027624455347032e-01
1.988352773791332295e-01
1.987679160017541413e-01
1.987006779552704661e-01
1.986335628826682576e-01
1.985665704280459021e-01
1.984997002366126750e-01
1.984329519546881859e-01
1.983663252297006852e-01
1.982998197101864535e-01
1.982340620028321954e-01
1.981684502274453086e-01
1.981029568422378873e-01
1.980375902072319394e-01
1.979726314938068943e-01
1.979078748227546536e-01
1.978432395531635746e-01
1.977787205002173032e-01
1.977145089716824400e-01
1.976506002027481335e-01
1.975868813231131671e-01
1.975234279538280180e-01
1.974601319149200951e-01
1.973969481118165448e-01
1.973338762291679538e-01
1.972709450560448663e-01
1.972084347821537742e-01
1.971460337563103460e-01
1.970837416768277117e-01
1.970215582429177270e-01
1.969594831546904734e-01
1.968975161131529261e-01
1.968356568202081214e-01
1.967739049786542960e-01
1.967122602921838326e-01
1.966507224653819830e-01
1.965892912037261187e-01
1.965279662135843430e-01
1.964667472022145200e-01
1.964056338777630251e-01
1.963446259492636070e-01
1.962837231266360005e-01
1.962229251206848435e-01
1.961622316430984836e-01
1.961016424064473129e-01
1.960411571241827411e-01
1.959808461281541681e-01
1.959206802116557344e-01
1.958606176727147041e-01
1.958009469125537028e-01
1.957417582072387141e-01
1.956827042206883693e-01
1.956239768914394273e-01
1.955653491307824676e-01
1.955068206675538434e-01
1.954483912314121385e-01
1.953900605528365308e-01
1.953318283631258201e-01
1.952737375987681212e-01
1.952160301639351003e-01
1.951586340053769741e-01
1.951017906621933251e-01
1.950450420021254960e-01
1.949883877678506849e-01
1.949319025515408033e-01
1.948758603467154737e-01
1.948201632723546017e-01
1.947646476663758563e-01
1.947092227246976781e-01
1.946538882076553623e-01
1.945986812274329847e-01
1.945435889419405984e-01
1.944885862275909094e-01
1.944336728482738696e-01
1.943788485685795098e-01
1.943241131537968014e-01
1.942697028997786013e-01
1.942154516765296213e-01
1.941613493635385435e-01
1.941079162835559757e-01
1.940545677057026741e-01
1.940013034154534077e-01
1.939481231988621768e-01
1.938950268425614631e-01
1.938420141337624525e-01
1.937892329043833239e-01
1.937367083071742657e-01
1.936842658017649543e-01
1.936319051810086733e-01
1.935796295463489969e-01
1.935277549987739765e-01
1.934759607757701450e-01
1.934242466784464043e-01
1.933726125084272995e-01
1.933210580678528523e-01
1.932695831593785607e-01
1.932184706318567646e-01
1.931674729468038920e-01
1.931165529612705323e-01
1.930657104832627369e-01
1.930149453212920974e-01
1.929642572843752735e-01
1.929136461820340764e-01
1.928631118242949416e-01
1.928128252841481982e-01
1.927628031607005465e-01
1.927128559117467221e-01
1.926629833564595384e-01
1.926135292698867574e-01
1.925643870765845478e-01
1.925153164844617681e-01
1.924668021995633582e-01
1.924186628637450380e-01
1.923705921210074055e-01
1.923225898157749358e-01
1.922746761198864118e-01
1.922268926543253265e-01
1.921791773990422780e-01
1.921316142871158095e-01
1.920844049704203138e-01
1.920373848373094217e-01
1.919905772959057122e-01
1.919438492464918822e-01
1.918971864462168109e-01
1.918505887482183370e-01
1.918040560059834643e-01
1.917575880733486948e-01
1.917111848045001121e-01
1.916648460539732424e-01
1.916185716766530822e-01
1.915723615277743208e-01
1.915262154629211455e-01
1.914801333380272141e-01
1.914341150093756549e-01
1.913881603335990667e-01
1.913422691676792964e-01
1.912964413689475507e-01
1.912509081864664229e-01
1.912055438061373014e-01
1.911602413373738041e-01
1.911150006416466041e-01
1.910700175296094483e-01
1.910251122936940105e-01
1.909802676883325945e-01
1.909354835784633220e-01
1.908907598293682062e-01
1.908462370721903112e-01
1.908018084739006581e-01
1.907574401025104727e-01
1.907131318223098948e-01
1.906688834979418101e-01
1.906246949944014057e-01
1.905805661770358650e-01
1.905366377641096731e-01
1.904928402017276590e-01
