9.563042052885414313e-01
3.881981132111822497e-01
3.669313266281296060e-01
3.544430818871027733e-01
3.450647363696099368e-01
3.374247186400134435e-01
3.306138962688135452e-01
3.243569266395803785e-01
3.184514254757712659e-01
3.128989173655054024e-01
3.076208230248065334e-01
3.026316097723343868e-01
2.978469111133734692e-01
2.932246490574098030e-01
2.888631611835616453e-01
2.847542307132845951e-01
2.808870863612839552e-01
2.771958699917833613e-01
2.736496810303994387e-01
2.702391608439830839e-01
2.669264219654091663e-01
2.637222848691942456e-01
2.606632140286728738e-01
2.577215938626468139e-01
2.548790636866725134e-01
2.521280607693239251e-01
2.494532198924150623e-01
2.468815283771422231e-01
2.444250421930545536e-01
2.420389717961032583e-01
2.397297154304552647e-01
2.374928126696869979e-01
2.353054128535161660e-01
2.331643963224397653e-01
2.310746142530724079e-01
2.290312525340272576e-01
2.270490123135187055e-01
2.251311096867118500e-01
2.232654520593792824e-01
2.214615290715372109e-01
2.197321314071311871e-01
2.180459949945506015e-01
2.163932749322231286e-01
2.147744040764800466e-01
2.131922819624881005e-01
2.116402759858624916e-01
2.101296558751558075e-01
2.086744995366413280e-01
2.072660341332984990e-01
2.058890652812083999e-01
2.045482962227971324e-01
2.032444526662852691e-01
2.019683311331962050e-01
2.007255817871149151e-01
1.995053902563902193e-01
1.983077187657671658e-01
1.971327403677740064e-01
1.959973289500196447e-01
1.948939904765052966e-01
1.938084637672247423e-01
1.927395364042529813e-01
1.916866184436018805e-01
1.906545048323143310e-01
1.896442851307337529e-01
1.886560801176383750e-01
1.876861750219678271e-01
1.867321355514599823e-01
1.858084076724908495e-01
1.848994578202078354e-01
1.840077875260894835e-01
1.831352314354594002e-01
1.822751585524074736e-01
1.814271182234528657e-01
1.805947213882521940e-01
1.797774792430248680e-01
1.789746680167215720e-01
1.781875732563892312e-01
1.774167633654362142e-01
1.766556196229653319e-01
1.759035905249761167e-01
1.751659273748341628e-01
1.744549033365351554e-01
1.737615668595655916e-01
1.730760094911698022e-01
1.724024446403048805e-01
1.717367247558155008e-01
1.710807491029585625e-01
1.704342262339841596e-01
1.697951343214156861e-01
1.691639622519424402e-01
1.685457349274648853e-01
1.679416532084769265e-01
1.673435865385020371e-01
1.667521186808395006e-01
1.661698503797129356e-01
1.655941528661999673e-01
1.650269053244991513e-01
1.644682344336860502e-01
1.639167567270488624e-01
1.633705574342617928e-01
1.628298473568591531e-01
1.622968411773677566e-01
1.617704692590322124e-01
1.612530791371857286e-01
1.607411347828644477e-01
1.602342610125335187e-01
1.597325800163413301e-01
1.592373115060825017e-01
1.587527535228297204e-01
1.582735702390816457e-01
1.578032947369319428e-01
1.573377768506642738e-01
1.568762762478701778e-01
1.564195914386872777e-01
1.559697920052517395e-01
1.555264736972311046e-01
1.550875556021736046e-01
1.546522747489068594e-01
1.542205854725210434e-01
1.537924429161826034e-01
1.533678030119938474e-01
1.529467287806955400e-01
1.525305795256179098e-01
1.521197597688444814e-01
1.517142915738161624e-01
1.513130235644705168e-01
1.509173986695355185e-01
1.505248719808073843e-01
1.501360045045257441e-01
1.497519131555625216e-01
1.493782649400354490e-01
1.490083147051058932e-01
1.486419853253181378e-01
1.482842487501061790e-01
1.479324865434987202e-01
1.475832294767260855e-01
1.472365749944483382e-01
1.468925135615995192e-01
1.465522191308433475e-01
1.462163822624306109e-01
1.458874976112065625e-01
1.455622839974355098e-01
1.452407479197140583e-01
1.449229627982616397e-01
1.446119327595051240e-01
1.443045402035859903e-01
1.440009397051637829e-01
1.437039239088908071e-01
1.434101336172047825e-01
1.431182173727163776e-01
1.428281572871437366e-01
1.425416445951708799e-01
1.422577738511453527e-01
1.419756666467327788e-01
1.416953540102101894e-01
1.414184748737896125e-01
1.411434155271120428e-01
1.408712803729111340e-01
1.406015988213465961e-01
1.403346653360093288e-01
1.400707834772538241e-01
1.398087876747735325e-01
1.395483633004305779e-01
1.392894962002016457e-01
1.390352883106082127e-01
1.387834510809767552e-01
1.385334658705070776e-01
1.382853271529644601e-01
1.380386513680252059e-01
1.377951506424893724e-01
1.375539054884342971e-01
1.373140121122897461e-01
1.370764870959132187e-01
1.368404026063559376e-01
1.366056173263428541e-01
1.363734662724518099e-01
1.361448830767068019e-01
1.359189457687887403e-01
1.356942047359364634e-01
1.354711848358623461e-01
1.352509829082509940e-01
1.350319819656078668e-01
1.348148813477869357e-01
1.345991073362511059e-01
1.343844326050513960e-01
1.341708488930285492e-01
1.339583480259199377e-01
1.337469219150322630e-01
1.335366181594052348e-01
1.333274864144036176e-01
1.331208122177315600e-01
1.329157543145893239e-01
1.327128643417883058e-01
1.325113844881497249e-01
1.323108946060631286e-01
1.321113875336498156e-01
1.319131735245661352e-01
1.317171845431693300e-01
1.315221663667635321e-01
1.313289718194081412e-01
1.311380733681000166e-01
1.309480784687985511e-01
1.307599853624365205e-01
1.305744021924120091e-01
1.303905439213362272e-01
1.302079422707083378e-01
1.300262400607658797e-01
1.298453542325414545e-01
1.296652793886317878e-01
1.294860101813433417e-01
1.293075413120275130e-01
1.291298675304286825e-01
1.289529836340447544e-01
1.287768844674994917e-01
1.286015649219269807e-01
1.284270199343679197e-01
1.282537688279911658e-01
1.280815405341898527e-01
1.279100665479542542e-01
1.277393420330241447e-01
1.275693621961144220e-01
1.274001222863555827e-01
1.272316175947456329e-01
1.270638434536114081e-01
1.268967952360812723e-01
1.267304683555663947e-01
1.265648582652528775e-01
1.264013999538477206e-01
1.262390731358077334e-01
1.260774352658891040e-01
1.259172157395939684e-01
1.257577895276204005e-01
1.255990406997119224e-01
1.254409649971390261e-01
1.252835581981857349e-01
1.251268161176924965e-01
1.249707346066080832e-01
1.248153095515479732e-01
1.246605368743614467e-01
1.245064125317056070e-01
1.243529325146260633e-01
1.242000928481465094e-01
1.240478978355584322e-01
1.238963924562920815e-01
1.237455154342808061e-01
1.235953919184825528e-01
1.234461291274654149e-01
1.232977415304954277e-01
1.231513707678303371e-01
1.230057163149351068e-01
1.228606549497018724e-01
1.227164508091812822e-01
1.225737842616785311e-01
1.224326702130830724e-01
1.222921540677526092e-01
1.221522268219513013e-01
1.220132877932326998e-01
1.218753357977738205e-01
1.217382720666924378e-01
1.216018138720722369e-01
1.214668733059195427e-01
1.213327477678694949e-01
1.211991375668498572e-01
1.210660397942681099e-01
1.209338177672279330e-01
1.208021240467502394e-01
1.206709316946696225e-01
1.205402379234253030e-01
1.204100438220981756e-01
1.202807852014086409e-01
1.201520594103139411e-01
1.200238766602330087e-01
1.198964418082904687e-01
1.197695833156631473e-01
1.196434467236350413e-01
1.195178985066157884e-01
1.193928153458466562e-01
1.192692214919482269e-01
1.191470660122643799e-01
1.190260415413084277e-01
1.189054540614322281e-01
1.187853012729387647e-01
1.186655808919099414e-01
1.185463203641758945e-01
1.184274884996684984e-01
1.183097185993117473e-01
1.181926538878355498e-01
1.180768366442005862e-01
1.179614237592124248e-01
1.178464099670724352e-01
1.177328192594409434e-01
1.176199099728243713e-01
1.175073864606770851e-01
1.173955469879700564e-01
1.172841526796070261e-01
1.171731349158845054e-01
1.170625080140016427e-01
1.169523191023430636e-01
1.168429184596784243e-01
1.167350287740787224e-01
1.166274958516834576e-01
1.165203179700573799e-01
1.164134934177475378e-01
1.163074536147680055e-01
1.162020446482404656e-01
1.160970201309144273e-01
1.159926950419919583e-01
1.158890637852095506e-01
1.157863039352423490e-01
1.156840330527351968e-01
1.155820909032957006e-01
1.154804759297198280e-01
1.153791865847759168e-01
1.152783112584339076e-01
1.151777983106447995e-01
1.150778919032030695e-01
1.149783393330544023e-01
1.148795584051733321e-01
1.147815439489442285e-01
1.146838368453664964e-01
1.145864356667234130e-01
1.144893389941454009e-01
1.143925454175316742e-01
1.142960535354727303e-01
1.141998619551744393e-01
1.141039692923827287e-01
1.140083741713097676e-01
1.139135662846485625e-01
1.138191319432067111e-01
1.137249900594925062e-01
1.136311392947819132e-01
1.135375805971223367e-01
1.134444777213406419e-01
1.133516609568941680e-01
1.132591290079021096e-01
1.131668805860718413e-01
1.130749914931616640e-01
1.129835603764967056e-01
1.128929281399826678e-01
1.128037374518774255e-01
1.127148091823263198e-01
1.126261422030373494e-01
1.125380162575432691e-01
1.124507003668723804e-01
1.123636408650863089e-01
1.122768366329004314e-01
1.121902865573838060e-01
1.121039895319108221e-01
1.120179444561133636e-01
1.119321502358335413e-01
1.118466057830770077e-01
1.117613100159669803e-01
1.116762618586984029e-01
1.115914602414931622e-01
1.115069041005553735e-01
1.114225923780275962e-01
1.113385240219470079e-01
1.112546979862027996e-01
1.111714428100272628e-01
1.110890679958158322e-01
1.110073169658831183e-01
1.109262936624679508e-01
1.108456323816314204e-01
1.107652868113821465e-01
1.106851653979788741e-01
1.106052672163944650e-01
1.105258494883270270e-01
1.104467935490417302e-01
1.103679562456195973e-01
1.102893366789286650e-01
1.102109339545673250e-01
1.101327471828325855e-01
1.100547754786886656e-01
1.099770179617359511e-01
1.098994737561800605e-01
1.098221419908019109e-01
1.097453089507909318e-01
1.096690205925459211e-01
1.095929395070379536e-01
1.095170648507569761e-01
1.094413957845868646e-01
1.093659314737765037e-01
1.092907046332846355e-01
1.092162500918050227e-01
1.091425471316456730e-01
1.090690412024200029e-01
1.089961382949494600e-01
1.089234328780399746e-01
1.088509212389081049e-01
1.087786025919012384e-01
1.087064761554818876e-01
1.086345411522014193e-01
1.085627968086740197e-01
1.084912423555503269e-01
1.084199071159181321e-01
1.083487698153512702e-01
1.082778198915200912e-01
1.082070565916017774e-01
1.081366081202792956e-01
1.080664022339163921e-01
1.079963808703787859e-01
1.079265432875226166e-01
1.078574699960204997e-01
1.077892246354034272e-01
1.077211561421252128e-01
1.076532638093194855e-01
1.075855469338193870e-01
1.075180048161326063e-01
1.074506367604185636e-01
1.073836430970362688e-01
1.073168903976557675e-01
1.072503092930279234e-01
1.071838990959656096e-01
1.071176591229259789e-01
1.070515886939865657e-01
1.069856871328207087e-01
1.069199537666741112e-01
1.068543879263411100e-01
1.067890595000457604e-01
1.067242940736578133e-01
1.066602417013389204e-01
1.065963498440496010e-01
1.065326178693390274e-01
1.064690451481030142e-01
1.064056310545612588e-01
1.063423749662354006e-01
1.062792762639262201e-01
1.062163343316924469e-01
1.061535485568281811e-01
1.060909183298417435e-01
1.060284430444342479e-01
1.059661220974782020e-01
1.059039548889965793e-01
1.058419408221420305e-01
1.057800793031759695e-01
1.057183697414481455e-01
1.056568115493764504e-01
1.055954041424266021e-01
1.055341469390921744e-01
1.054730393608746680e-01
1.054123822530551868e-01
1.053521867288706310e-01
1.052921547843242989e-01
1.052327166558418015e-01
1.051738612446805610e-01
1.051151452489878652e-01
1.050566163658122193e-01
1.049982779055790294e-01
1.049400771264219906e-01
1.048820135134535120e-01
1.048240865543861727e-01
1.047662957395161243e-01
1.047086405617058957e-01
1.046511205163682262e-01
1.045937351014494809e-01
1.045364838174135946e-01
1.044793661672255985e-01
1.044223816563359941e-01
1.043655297926646963e-01
1.043088100865852130e-01
1.042522220509090602e-01
1.041957862748880970e-01
1.041396146154928565e-01
1.040835722842838318e-01
1.040277246271696376e-01
1.039720626436073520e-01
1.039165285309895798e-01
1.038611218257523422e-01
1.038058420665745468e-01
1.037506887943642486e-01
1.036956615522454245e-01
1.036407598855440954e-01
1.035859833417753090e-01
1.035313314706299698e-01
1.034768424356853483e-01
1.034225238527186480e-01
1.033683278865085847e-01
1.033142540997350201e-01
1.032603020571636193e-01
1.032064713256332922e-01
1.031527614740438692e-01
1.030991720733434314e-01
1.030457026965167083e-01
1.029923529185723108e-01
1.029391223165310731e-01
1.028860104694137578e-01
1.028330169582296061e-01
1.027801413659641117e-01
1.027273832775676965e-01
1.026747422799439285e-01
1.026222179619377811e-01
1.025698099143246278e-01
1.025175177297985019e-01
1.024653410029610495e-01
1.024133242939645611e-01
1.023614753909822261e-01
1.023098945368802748e-01
1.022584869910568850e-01
1.022071918299340548e-01
1.021562006409578865e-01
1.021053768558204539e-01
1.020546636691161829e-01
1.020040606957711565e-01
1.019535675525239243e-01
1.019031838579148308e-01
1.018529092322753571e-01
1.018027432977172131e-01
1.017526856781221789e-01
1.017027359991315438e-01
1.016528938881355038e-01
1.016031589742633218e-01
1.015535689893038301e-01
1.015040920661752361e-01
1.014547210612168210e-01
1.014054556112970462e-01
1.013562953549667078e-01
1.013074521980840276e-01
1.012587969748352940e-01
1.012102444461900619e-01
1.011617942636231365e-01
1.011134460802192575e-01
1.010651995506636897e-01
1.010170543312327723e-01
1.009690100797848711e-01
1.009210664557508297e-01
1.008732231201250329e-01
1.008254797354561638e-01
1.007778359658381695e-01
1.007302914769012958e-01
1.006828459358032751e-01
1.006354990112203474e-01
1.005883966654746303e-01
1.005414139899087483e-01
1.004945281771280480e-01
1.004477389059713482e-01
1.004010458567245467e-01
1.003544487111128203e-01
1.003079471522920901e-01
1.002615408648409867e-01
1.002152295347528144e-01
1.001690844237211470e-01
1.001230526545449362e-01
1.000771543263975771e-01
1.000316317571224162e-01
9.998622084145518396e-02
9.994091252174371054e-02
9.989569590003259669e-02
9.985057067747693527e-02
9.980553655656150547e-02
9.976059324109338988e-02
9.971589445329873125e-02
9.967135098826113149e-02
9.962689730642956820e-02
9.958255529214492252e-02
9.953839418611852563e-02
9.949471342777618799e-02
9.945114437295052290e-02
9.940766503633097217e-02
9.936448496374838957e-02
9.932177038573979100e-02
9.927913889127017166e-02
9.923659021278266601e-02
9.919412408393590841e-02
9.915174023959616445e-02
9.910943841583062797e-02
9.906721834989996867e-02
9.902528547671132775e-02
9.898382412419953758e-02
9.894288373696773220e-02
9.890234495635476242e-02
9.886188136454282516e-02
9.882168318490625047e-02
9.878159467778391267e-02
9.874158011075369334e-02
9.870163925520869519e-02
9.866182317203125995e-02
9.862217837389065933e-02
9.858260532577302337e-02
9.854310381209703540e-02
9.850368774718532006e-02
9.846435234150821558e-02
9.842508770249050465e-02
9.838624150135720503e-02
9.834749755234194202e-02
9.830882201513090057e-02
9.827021468940433380e-02
9.823167537567684127e-02
9.819320387529331673e-02
9.815479999042364678e-02
9.811665709898483023e-02
9.807865587914614547e-02
9.804072070930057448e-02
9.800285139854648941e-02
9.796504775676848076e-02
9.792730959463362417e-02
9.788963672358678980e-02
9.785202895584597937e-02
9.781448610439839875e-02
9.777716260470099841e-02
9.774001120021001687e-02
