5.171932348583176964e-01
4.855941448601298616e-01
4.672203606937747056e-01
4.550747577757894846e-01
4.461564001585386907e-01
4.391156219676895511e-01
4.332327175857189627e-01
4.280837028513923004e-01
4.235417020341636918e-01
4.194349305778077297e-01
4.155734246653066677e-01
4.120453185755952874e-01
4.087570695966176726e-01
4.056689256913245112e-01
4.027631763984998448e-01
4.000276156958966767e-01
3.974250280235979704e-01
3.949990135158003013e-01
3.926957754552432012e-01
3.905051971349413620e-01
3.884120283591432909e-01
3.864240516875018794e-01
3.845144688318591908e-01
3.827339603247856270e-01
3.810156182214006204e-01
3.793661871095739269e-01
3.777707659136502749e-01
3.762582997448792321e-01
3.748020205824282858e-01
3.733945278059200290e-01
3.720303850512385879e-01
3.706990393729366340e-01
3.694013660919436282e-01
3.681542200047682178e-01
3.669542791579478713e-01
3.657923991608276193e-01
3.646916451534372716e-01
3.636350687159186079e-01
3.626195090036822832e-01
3.616387070363881739e-01
3.606829124047105650e-01
3.597482842758296662e-01
3.588318895637048755e-01
3.579355063835764073e-01
3.570567167238868911e-01
3.562025921867739142e-01
3.553723439150576757e-01
3.545604574966171318e-01
3.537668568066224539e-01
3.530019854372151156e-01
3.522577231580141799e-01
3.515261569368046124e-01
3.508111628616975008e-01
3.501212008552151977e-01
3.494470771555434063e-01
3.487850651972691507e-01
3.481371357030578761e-01
3.475057148171519783e-01
3.468890519514237214e-01
3.462862081570718398e-01
3.457034980688343251e-01
3.451390763932402628e-01
3.445865192621139217e-01
3.440492471435700472e-01
3.435220764113696701e-01
3.430013060251378976e-01
3.424911429439966293e-01
3.419894850162473188e-01
3.414984898549555670e-01
3.410177649970726477e-01
3.405425307819628378e-01
3.400738636449313068e-01
3.396144559263233331e-01
3.391675065138405887e-01
3.387293352469040730e-01
3.382954009774395421e-01
3.378670290088426342e-01
3.374478024832966438e-01
3.370401350461333378e-01
3.366387660932889658e-01
3.362448388002441391e-01
3.358578777877316845e-01
3.354759522890450874e-01
3.351017941611716400e-01
3.347334356486617035e-01
3.343729132836449902e-01
3.340191124879349216e-01
3.336734197460132223e-01
3.333338629675423603e-01
3.329987693448682173e-01
3.326684420581432766e-01
3.323467865610716387e-01
3.320302138959975724e-01
3.317163980825934000e-01
3.314069276162443511e-01
3.310999406416151314e-01
3.307970104644404330e-01
3.304998220871597225e-01
3.302072069701890156e-01
3.299189545226434706e-01
3.296339736933267539e-01
3.293551196571957718e-01
3.290794816088397634e-01
3.288082266347415183e-01
3.285396460380335948e-01
3.282734138084869024e-01
3.280125057317373471e-01
3.277551435757483644e-01
3.275012565693828925e-01
3.272524577612311858e-01
3.270068268565471947e-01
3.267628891959317716e-01
3.265206258251353022e-01
3.262800181133146959e-01
3.260411559400528403e-01
3.258069431671011262e-01
3.255751502040584167e-01
3.253450086524211637e-01
3.251164004446611688e-01
3.248902158902842174e-01
3.246658194165404909e-01
3.244429028519567049e-01
3.242214503897706268e-01
3.240032612733464989e-01
3.237877712141123410e-01
3.235747895799715446e-01
3.233632001374341369e-01
3.231529879763689328e-01
3.229450871859263494e-01
3.227395427754700119e-01
3.225353124527416959e-01
3.223323825616520866e-01
3.221308235820708465e-01
3.219306971909164927e-01
3.217318294226851338e-01
3.215342075418070600e-01
3.213387071899448943e-01
3.211460709469409758e-01
3.209546572322353186e-01
3.207655272410911973e-01
3.205790620965672244e-01
3.203940776536832180e-01
3.202119004121687373e-01
3.200322260653206130e-01
3.198549148989562885e-01
3.196799158338440305e-01
3.195062916352662818e-01
3.193336854063272834e-01
3.191620875157150650e-01
3.189914884711737564e-01
3.188218789165798706e-01
3.186532496291000216e-01
3.184856542868934048e-01
3.183191680996099171e-01
3.181555136162351749e-01
3.179951326526437305e-01
3.178358668220390149e-01
3.176775049910044446e-01
3.175200389749452401e-01
3.173634607006687869e-01
3.172077622041792888e-01
3.170530610312667363e-01
3.168996925790127928e-01
3.167480123370255418e-01
3.165973048851908334e-01
3.164474291024292896e-01
3.162984067169961611e-01
3.161525756119954456e-01
3.160091081776544852e-01
3.158664251548148894e-01
3.157254382487412747e-01
3.155853982263568391e-01
3.154464794342670131e-01
3.153083058275484851e-01
3.151726163242736245e-01
3.150393928011185896e-01
3.149075688418144781e-01
3.147768728339326860e-01
3.146469249238376675e-01
3.145188236404300453e-01
3.143918302703279100e-01
3.142672874115252091e-01
3.141433569054984387e-01
3.140200339489256920e-01
3.138973137952068004e-01
3.137751917534902790e-01
3.136536631877224202e-01
3.135334672305008508e-01
3.134144759500508970e-01
3.132960562091268719e-01
3.131782036353779608e-01
3.130609139065615998e-01
3.129441827497206341e-01
3.128280059403804603e-01
3.127123793017622666e-01
3.125972987040145368e-01
3.124832222551338634e-01
3.123698114071266629e-01
3.122569338837106190e-01
3.121445856905497029e-01
3.120327628777390672e-01
3.119216296548189549e-01
3.118118246861776854e-01
3.117025293859640445e-01
3.115937399880110981e-01
3.114854527672847317e-01
3.113776640392598716e-01
3.112703701593093619e-01
3.111635675221052222e-01
3.110572525610317274e-01
3.109514217476096465e-01
3.108461130847083864e-01
3.107414965505108650e-01
3.106373461025170868e-01
3.105336584789047394e-01
3.104304304516865010e-01
3.103278531025726039e-01
3.102265530629038648e-01
3.101269880250173139e-01
3.100281953635851129e-01
3.099307133267531489e-01
3.098352132360473465e-01
3.097403639322025559e-01
3.096459119526296377e-01
3.095518546887437994e-01
3.094583256865659493e-01
3.093658339591351392e-01
3.092738803936925240e-01
3.091823062423642576e-01
3.090911090476453071e-01
3.090002863756703411e-01
3.089103074576716734e-01
3.088207681024656703e-01
3.087315921348670056e-01
3.086427772454086171e-01
3.085557210833439479e-01
3.084695265446372181e-01
3.083836789645904575e-01
3.082981761332029280e-01
3.082130158615833393e-01
3.081285462829479460e-01
3.080445149936263949e-01
3.079608188115349199e-01
3.078774556267449558e-01
3.077944233491042847e-01
3.077117199079779652e-01
3.076293432519940363e-01
3.075472913487929949e-01
3.074660613066543813e-01
3.073854431872372062e-01
3.073051411394963628e-01
3.072251532128618123e-01
3.071456832296109996e-01
3.070667546162491601e-01
3.069881309455044227e-01
3.069098103652601606e-01
3.068317910401450743e-01
3.067540711513209728e-01
3.066766488962748283e-01
3.065997790068814566e-01
3.065238921413417361e-01
3.064486692717140470e-01
3.063739053658872113e-01
3.062994234645122216e-01
3.062252219172428291e-01
3.061512990881582463e-01
3.060776533555853995e-01
3.060042831119231810e-01
3.059311867634706417e-01
3.058583627302577379e-01
3.057859922997452351e-01
3.057144621048072386e-01
3.056434346944284508e-01
3.055730270395087822e-01
3.055028780443798664e-01
3.054329862223887360e-01
3.053641770589206605e-01
3.052957637193983165e-01
3.052276983047756409e-01
3.051601875759709093e-01
3.050931482539805950e-01
3.050263526571792561e-01
3.049597993974179633e-01
3.048934870985533507e-01
3.048279667744613342e-01
3.047629156536644790e-01
3.046980949910842451e-01
3.046335035085644405e-01
3.045693249925966462e-01
3.045062243006164127e-01
3.044433430768571092e-01
3.043806801212553537e-01
3.043182342437992238e-01
3.042560042644088525e-01
3.041939890128194102e-01
3.041321873284639765e-01
3.040707937335279665e-01
3.040098422807950840e-01
3.039490990897508738e-01
3.038885630467614840e-01
3.038282330472917847e-01
3.037681079958002295e-01
3.037081868056345502e-01
3.036484683989297273e-01
3.035889517065078480e-01
3.035298423959559844e-01
3.034712757044024101e-01
3.034129054079319210e-01
3.033547304858919547e-01
3.032967499256588040e-01
3.032389627225487994e-01
3.031815311069152585e-01
3.031259662542449829e-01
3.030710401611265703e-01
3.030162943456093383e-01
3.029617278902714816e-01
3.029073398847708654e-01
3.028531294257678086e-01
3.027990956168487569e-01
3.027452375684511199e-01
3.026915543977892753e-01
3.026388502659349000e-01
3.025865710736853620e-01
3.025344588412055558e-01
3.024825127449934925e-01
3.024307319677026484e-01
3.023791156980766837e-01
3.023277272986639730e-01
3.022765693807729637e-01
3.022255743327045829e-01
3.021747413443449104e-01
3.021244969487755228e-01
3.020744595981312841e-01
3.020245798163617157e-01
3.019748568310620662e-01
3.019255958996111544e-01
3.018767833229091258e-01
3.018282913752146079e-01
3.017801105697039965e-01
3.017323189776013326e-01
3.016847876656906235e-01
3.016382181297261322e-01
3.015920754781179491e-01
3.015462870599071032e-01
3.015006374074272189e-01
3.014551258544302392e-01
3.014097517395820103e-01
3.013645144064115988e-01
3.013194132032619987e-01
3.012744474832407260e-01
3.012296166041721346e-01
3.011849199285493994e-01
3.011403568234873318e-01
3.010959399844549966e-01
3.010518282242257149e-01
3.010079923173494265e-01
3.009642854424779412e-01
3.009207070038867338e-01
3.008772686529978535e-01
3.008347879387817669e-01
3.007926553688853311e-01
3.007506447073141631e-01
3.007087553995452245e-01
3.006672391205990613e-01
3.006259735613241446e-01
3.005848260601098887e-01
3.005437960885145587e-01
3.005028831217960161e-01
3.004620866388755807e-01
3.004214061223011156e-01
3.003808410582113897e-01
3.003403909363006608e-01
3.003000971998006641e-01
3.002599856523991417e-01
3.002199873672463659e-01
3.001801165822853834e-01
3.001403854062095755e-01
3.001007657301278386e-01
3.000612570688664937e-01
3.000218589405344027e-01
2.999825708664908830e-01
2.999433923713152317e-01
2.999043229827758061e-01
2.998653622317986600e-01
2.998265096524390105e-01
2.997877647818503188e-01
2.997491271602555352e-01
2.997109724011052800e-01
2.996730099690118054e-01
2.996351515364975571e-01
2.995973966681086953e-01
2.995598214734697118e-01
2.995224335358901979e-01
2.994851478898923891e-01
2.994479894735152525e-01
2.994117801524787681e-01
2.993760178629109037e-01
2.993406717885763180e-01
2.993056169177358283e-01
2.992706553672210279e-01
2.992357867584936049e-01
2.992010107153946774e-01
2.991663268641227003e-01
2.991317348332125370e-01
2.990972342535146433e-01
2.990628247581738064e-01
2.990285059826090497e-01
2.989942775644932604e-01
2.989601391437332611e-01
2.989260903624494370e-01
2.988921308649566400e-01
2.988582602977447045e-01
2.988244783094592960e-01
2.987907845508827598e-01
2.987571786749155800e-01
2.987240429203470993e-01
2.986910703545782586e-01
2.986581831387850050e-01
2.986253809416929972e-01
2.985926634340029806e-01
2.985600302883740786e-01
2.985274831738264911e-01
2.984951961298222822e-01
2.984629917779748065e-01
2.984308698027302031e-01
2.983988298903723080e-01
2.983668717290069439e-01
2.983349950085467106e-01
2.983031994206956083e-01
2.982716408678162678e-01
2.982402356216364292e-01
2.982089097137006761e-01
2.981776628467247559e-01
2.981464947251216691e-01
2.981154050549879031e-01
2.980843935440892212e-01
2.980534599018468400e-01
2.980226038393237742e-01
2.979918250692110693e-01
2.979611233058148123e-01
2.979304982650425870e-01
2.979000974412551739e-01
2.978699437921304982e-01
2.978398650175566043e-01
2.978098608430106431e-01
2.977799309955019846e-01
2.977500752035598386e-01
2.977202931972205979e-01
2.976905847080157375e-01
2.976609494689595459e-01
2.976313872145369133e-01
2.976018976806917293e-01
2.975724806048148374e-01
2.975431357257324883e-01
2.975142345072482319e-01
2.974855680701440352e-01
2.974570602355529614e-01
2.974286314605551484e-01
2.974002726954674825e-01
2.973719836864515687e-01
2.973437641810546817e-01
2.973156139281987742e-01
2.972875326781695415e-01
2.972595201826056521e-01
2.972315761944880341e-01
2.972037004681293837e-01
2.971758927591639510e-01
2.971481528245367154e-01
2.971204804224936158e-01
2.970930310515970674e-01
2.970657004820599911e-01
2.970384359683188591e-01
2.970112372763943909e-01
2.969841041735488685e-01
2.969570364282773101e-01
2.969300338102973669e-01
2.969030960905404415e-01
2.968762230411420844e-01
2.968494144354326680e-01
2.968227507844948265e-01
2.967963227527218306e-01
2.967699580442537677e-01
2.967436564371251362e-01
2.967174892460455182e-01
2.966917138779817109e-01
2.966659998281057087e-01
2.966403468817702671e-01
2.966147548254478572e-01
2.965892817042571350e-01
2.965639967213093975e-01
2.965387710524936549e-01
2.965136044917845437e-01
2.964884968342352267e-01
2.964634599195057341e-01
2.964385400797081016e-01
2.964136781131817000e-01
2.963888738211817864e-01
2.963641270059902411e-01
2.963394374709084622e-01
2.963148050202491501e-01
2.962905123688686637e-01
2.962663380490245246e-01
2.962422190082576456e-01
2.962181550594145119e-01
2.961941460162998974e-01
2.961701916936710366e-01
2.961463711630270002e-01
2.961226051122585745e-01
2.960988922293999459e-01
2.960755441354788187e-01
2.960524084834152969e-01
2.960293242229100619e-01
2.960062911848789780e-01
2.959833454611591197e-01
2.959604691828194856e-01
2.959376434415945667e-01
2.959148680733184045e-01
2.958921429146307847e-01
2.958694678029716307e-01
2.958468425765753973e-01
2.958242670744651304e-01
2.958017411364471938e-01
2.957792646031051076e-01
2.957568373157949404e-01
2.957344591166388703e-01
2.957123284232939797e-01
2.956903038932123251e-01
2.956683271328049978e-01
2.956463979901222672e-01
2.956245163139461507e-01
2.956026819537858619e-01
2.955808947598721481e-01
2.955593618919741261e-01
2.955381581374557087e-01
2.955170007083816608e-01
2.954958894550918092e-01
2.954748242286587279e-01
2.954538048808827977e-01
2.954328312642865995e-01
2.954119032321100291e-01
2.953910206383051906e-01
2.953703584586112596e-01
2.953497855468616429e-01
2.953292567490625187e-01
2.953087719261524580e-01
2.952883337152173437e-01
2.952681305755066599e-01
2.952479703782146525e-01
2.952278529886752101e-01
2.952077782728645960e-01
2.951877460973963974e-01
2.951677563295171391e-01
2.951478088371024544e-01
2.951279034886520325e-01
2.951080401532860664e-01
2.950882187007399793e-01
2.950684390013613712e-01
2.950487009261049676e-01
2.950290043465287337e-01
2.950093491347899888e-01
2.949897351636408538e-01
2.949705104974275072e-01
2.949513413866669542e-01
2.949322122084002129e-01
2.949132928130526743e-01
2.948945687976077812e-01
2.948758833827531678e-01
2.948572364511747312e-01
2.948387759650674123e-01
2.948205247244450322e-01
2.948023106326584375e-01
2.947841335771773097e-01
2.947659934459932463e-01
2.947478901276167629e-01
2.947298235110736853e-01
2.947117934859014854e-01
2.946937999421460619e-01
2.946758427703579653e-01
2.946580610204884154e-01
2.946403693679936486e-01
2.946227132557283079e-01
2.946050925773018858e-01
2.945875072268138162e-01
2.945699570988498106e-01
2.945524503726230092e-01
2.945350389556055104e-01
2.945176626351539428e-01
2.945003213074922077e-01
2.944830148693077243e-01
2.944657432177479883e-01
2.944485062504177963e-01
2.944313038653764703e-01
2.944141770189482310e-01
2.943971904180777699e-01
2.943802375877261901e-01
2.943633184299193628e-01
2.943464328471090408e-01
2.943295807421704713e-01
2.943127620183998983e-01
2.942959765795114535e-01
