4.533824404597922575e-01
4.173823846900239776e-01
4.048816491483247515e-01
3.719750867534332706e-01
3.727592112873543417e-01
4.066230078037322837e-01
3.755572716301613934e-01
3.722665247730261862e-01
3.655713956555885491e-01
3.708097599966892477e-01
3.521750156888245331e-01
3.591314587605576314e-01
3.672269031882689494e-01
3.705869515814373960e-01
3.767647662890244442e-01
3.624580842221274968e-01
3.604999975964431336e-01
3.777809667495762858e-01
3.740711975517744814e-01
3.674104715690075795e-01
3.668281802111740264e-01
3.659426170895421215e-01
3.805216764125314288e-01
3.513600810988380951e-01
3.474373808762331040e-01
3.538717563777025732e-01
3.497815078516489096e-01
3.677454321868041665e-01
3.751252266593372298e-01
3.714981131646014068e-01
3.561429024186474335e-01
3.550367873825371889e-01
3.781041366207756327e-01
3.572566396897274288e-01
3.707743584546179805e-01
3.550720406058835987e-01
3.714633605580958675e-01
3.670032846948152461e-01
3.437609575209509272e-01
3.572679289059456642e-01
3.638165146959990159e-01
3.662136978953456357e-01
3.800031795650947730e-01
3.865330799842354170e-01
3.558119651115021487e-01
3.810391994513823710e-01
3.536718300192627229e-01
3.604888028478121509e-01
3.543049785640755567e-01
3.521622383535666923e-01
3.570430115880900424e-01
3.559114064890653295e-01
3.574713689554846474e-01
3.566089883623327905e-01
3.668926598763040392e-01
3.334113125670663536e-01
3.527978452111157348e-01
3.466004457774969905e-01
3.756527140716411917e-01
3.547965278097661157e-01
3.485403729067750311e-01
3.631319402606478786e-01
3.574017708622818645e-01
3.670775109300445371e-01
3.629764244677324281e-01
3.658720143812540515e-01
3.487312558135499674e-01
3.553830317406681538e-01
3.650624895676090609e-01
3.515799024916732018e-01
3.574556325154449876e-01
3.451923205598922961e-01
3.672680875621599506e-01
3.661078750975380047e-01
3.747397706993951805e-01
3.573302847792655390e-01
3.597197212035041503e-01
3.454156136315390535e-01
3.566168706906394648e-01
3.439150874703876815e-01
3.594975678101881567e-01
3.604696964259886949e-01
3.798040261004109186e-01
3.572258501979738710e-01
3.468199677258176905e-01
3.507087607769172610e-01
3.617054082045327856e-01
3.397352509303681045e-01
3.446361218539593652e-01
3.469200751999349519e-01
3.561277308596033642e-01
3.562687141499019661e-01
3.693754538047178126e-01
3.394361525495383503e-01
3.501542723387416900e-01
3.408139053014324626e-01
3.594936301877247886e-01
3.471145471400875482e-01
3.536940294509215432e-01
3.697750313163665203e-01
3.423082893354157386e-01
3.448744853445017133e-01
3.570124599269683952e-01
3.619388679456612135e-01
3.667845060516426448e-01
3.600292198867870441e-01
3.655315459714563175e-01
3.488445846941728434e-01
3.665309654492334701e-01
3.381223396154864336e-01
3.669768930148376018e-01
3.736246065147665885e-01
3.680971897975552909e-01
3.491537724339351390e-01
3.551932470516919182e-01
3.495870310602170461e-01
3.527978307484702647e-01
3.390205966930883719e-01
3.433839706377368461e-01
3.559412798886228413e-01
3.299715275158795480e-01
3.474454167348251521e-01
3.605000184809508124e-01
3.554136681169171030e-01
3.615434261410876982e-01
3.506064488470141960e-01
3.504446130933930870e-01
3.499433393375574464e-01
3.460450188139143624e-01
3.448636023840169207e-01
3.620453559861225301e-01
3.534983068981576437e-01
3.516904324422988615e-01
3.559248884527509982e-01
3.535252876563185209e-01
3.607966141853535813e-01
3.453712777322038296e-01
3.690377582131205147e-01
3.571479399754746153e-01
3.652141093694017959e-01
3.628862873918475285e-01
3.485338083904725992e-01
3.463099730868644532e-01
3.715919235814127419e-01
3.705410372281691123e-01
3.581364625806912061e-01
3.273160059265621258e-01
3.469962923476390126e-01
3.689740004839075493e-01
3.296051683654285802e-01
3.717895897137108441e-01
3.564446614444164441e-01
3.475304394364160387e-01
3.522416414855649713e-01
3.786272954265622603e-01
3.519698941340542175e-01
3.550670381230553452e-01
3.429345464350324613e-01
3.526745176267997994e-01
3.688092703107411774e-01
3.551954670199912178e-01
3.416395755608329643e-01
3.583415531906206097e-01
3.431260063639877123e-01
3.456846764304996600e-01
3.395357278294807157e-01
3.456290189876545793e-01
3.403890872852350369e-01
3.573998236219160241e-01
3.604666345585155196e-01
3.503641724533033130e-01
3.450406537728474277e-01
3.468370100102024511e-01
3.444721784407039911e-01
3.411772366504354781e-01
3.574036678076468188e-01
3.518005147354078543e-01
3.584402192473734594e-01
3.465775950984363862e-01
3.591261616060353878e-01
3.584772899101257848e-01
3.655989283639159426e-01
3.499025127566874338e-01
3.510420333780260860e-01
3.428323991833874262e-01
3.532823306643615990e-01
3.375619886075926779e-01
3.611711118692551015e-01
3.479876158422318122e-01
3.584661757479544186e-01
3.497880487759188473e-01
3.404585120168365786e-01
3.496060456649192627e-01
3.435231958678246489e-01
3.386526932594036698e-01
3.499816118192899395e-01
3.527932111693339867e-01
3.677705375675882626e-01
3.455282265779428541e-01
3.542154690713967269e-01
3.851274870773492842e-01
3.644228392316805065e-01
3.479913289927236697e-01
3.682086767473343736e-01
3.472757414926326835e-01
3.469607340872407075e-01
3.610150041360060680e-01
3.496208716482267498e-01
3.628699418076813399e-01
3.393125354708212416e-01
3.650508698500649629e-01
3.407459229394305122e-01
3.543906343782360913e-01
3.453141145894447761e-01
3.451909962375799279e-01
3.270097110982853605e-01
3.400035380665861751e-01
3.444352086822299319e-01
3.503082794018807511e-01
3.370997847385643897e-01
3.457475318591491376e-01
3.610597177092650933e-01
3.345938286642589077e-01
3.532894892337725690e-01
3.507214038558332803e-01
3.586925387547248989e-01
3.366619554902716693e-01
3.642194995070469621e-01
3.527809240633586474e-01
3.611546135069360064e-01
3.565727078135860206e-01
3.548665857259848955e-01
3.517683992031906959e-01
3.523413675869191963e-01
3.630120870666738719e-01
3.517167803312636898e-01
3.458627028905998935e-01
3.453195676887925725e-01
3.503129677500009254e-01
3.437668434857423794e-01
3.672281700198700150e-01
3.427305790818676590e-01
3.508420051173095078e-01
3.505092694829426980e-01
3.551182314131116069e-01
3.561077649681382851e-01
3.641574362273972687e-01
3.379952494780200656e-01
3.446254904798837226e-01
3.382446131294516434e-01
3.631374864439066985e-01
3.532172987258250241e-01
3.507605235082490447e-01
3.605905686112249597e-01
3.368170386580788267e-01
3.499111303059568301e-01
3.488034702183332447e-01
3.684499857598956818e-01
3.567370262283158233e-01
3.522033622643261364e-01
3.588176649366158211e-01
3.545751396281919265e-01
3.630505630727171029e-01
3.432020799485946960e-01
3.238054024243445794e-01
3.455649064556808869e-01
3.661277418122538818e-01
3.417173906387139248e-01
3.521570123466984392e-01
3.531189720215471284e-01
3.372341378556719671e-01
3.480852992371691879e-01
3.460871153640767139e-01
3.428981629585226010e-01
3.478250693547058625e-01
3.574789885247511845e-01
3.552839497223039267e-01
3.384131600671436702e-01
3.438356306103746429e-01
3.485989340360352573e-01
3.601545059998535470e-01
3.572821951120571105e-01
3.493131721812911539e-01
3.611673425627723311e-01
3.487216577306469500e-01
3.559367214713585192e-01
3.379491026872801784e-01
3.504831987068526278e-01
3.382722344671915127e-01
3.460239997489562569e-01
3.669425320844283966e-01
3.679232944097474700e-01
3.533771218825058624e-01
3.538139760923316168e-01
3.483468515098446239e-01
3.471326550774510578e-01
3.504353496951798652e-01
3.535845337774364272e-01
3.459370546857389872e-01
3.488273335220583582e-01
3.644875218476777423e-01
3.621683817283860574e-01
3.467690931439122437e-01
3.458399998347438942e-01
3.677847848494824046e-01
3.538823471369365592e-01
3.628111747270600373e-01
3.543933698645179708e-01
3.553718663330887595e-01
3.704369008194784985e-01
3.461560087820543807e-01
3.389653692603692425e-01
3.524664989014722472e-01
3.745243701966494143e-01
3.584610655838249560e-01
3.339602262674982724e-01
3.614690498141929220e-01
3.683534151685753932e-01
3.331945750369686432e-01
3.466915448505766273e-01
3.482709288459434616e-01
3.562006764270698733e-01
3.348245225962332428e-01
3.433896372548801978e-01
3.548197620859548373e-01
3.607772553946576033e-01
3.543256609131648638e-01
3.391747521803472054e-01
3.686209710677881835e-01
3.469775438623373121e-01
3.499898548871938631e-01
3.493247980216275805e-01
3.652756975474915624e-01
3.602398428312886258e-01
3.497797411427351344e-01
3.525234264846789367e-01
3.588667941850063881e-01
3.469720374204762758e-01
3.448877134540835887e-01
3.480841410216361509e-01
3.426943124462822898e-01
3.600637737517323744e-01
3.532647279713020394e-01
3.492111073350555039e-01
3.594620549002664478e-01
3.424940183639836877e-01
3.465477515401179098e-01
3.433089014605278377e-01
3.449597136451008073e-01
3.496694410847382972e-01
3.466086207292544130e-01
3.339937054387146498e-01
3.507841292735726091e-01
3.598746868407287636e-01
3.407606359239259697e-01
3.456980538838927419e-01
3.637918725467718661e-01
3.535167110876363261e-01
3.429743419876953303e-01
3.666168486433387663e-01
3.568999312896699028e-01
3.458367297217803116e-01
3.439403817355907722e-01
3.493482694452002546e-01
3.371541677412798199e-01
3.674334547413061203e-01
3.534664569905792142e-01
3.540212695126936371e-01
3.569132954722034623e-01
3.695600721746051254e-01
3.681966439772052513e-01
3.337633040873266843e-01
3.456330267721936522e-01
3.508096502637321201e-01
3.532878185268777949e-01
3.464966140137529793e-01
3.600583887337486799e-01
3.406487998837876008e-01
3.487802891103630176e-01
3.372175433081419094e-01
3.382789084942366964e-01
3.515724170580372676e-01
3.497548860799447601e-01
3.543886942096736714e-01
3.454269276602949801e-01
3.655259500902546255e-01
3.577158864764936608e-01
3.280701909517867443e-01
3.474953109796894424e-01
3.593893440222259428e-01
3.696998103805012592e-01
3.561936387272837679e-01
3.560642630776068573e-01
3.399260603921587798e-01
3.924312604476388744e-01
3.387398822755672279e-01
3.559289017226119900e-01
3.481977439393492690e-01
3.336396896935953649e-01
3.745553546503512243e-01
3.504708905201592839e-01
3.622164898317459802e-01
3.436059549543427627e-01
3.660690578057650413e-01
3.740160508755253632e-01
3.494799784729082370e-01
3.569744790137161505e-01
3.709200520649968968e-01
3.311715896746965648e-01
3.386386401740411056e-01
3.615299800526655116e-01
3.461071195632500763e-01
3.641170956631567535e-01
3.571055012667164741e-01
3.556876066506715617e-01
3.618283447314709078e-01
3.630563826657067228e-01
3.576486021150219741e-01
3.651838088816819483e-01
3.669919949695960582e-01
3.704796219822036329e-01
3.551254814888324951e-01
3.522142797054259589e-01
3.599097290313370556e-01
3.473049595874147522e-01
3.405608939983864603e-01
3.526113187720371078e-01
3.463315996881909942e-01
3.646577667551585411e-01
3.505470995286399938e-01
3.609221241454012574e-01
3.547628226105997706e-01
3.494803599877373546e-01
3.462208849578390368e-01
3.475775735768353858e-01
3.414692206314851597e-01
3.666317760382122315e-01
3.417333839746433122e-01
3.566280878427700585e-01
3.721062050921197795e-01
3.487143283620285916e-01
3.533086745401499140e-01
3.508432650914596329e-01
3.559622026969657682e-01
3.593533301325322338e-01
3.252646502231760772e-01
3.510960326719579361e-01
3.311172794573489231e-01
3.641459749184578487e-01
3.644073544035887346e-01
3.714794578925361135e-01
3.410601658475342912e-01
3.509975611402709750e-01
3.462580983991762063e-01
3.523028210924758485e-01
3.515985316708728492e-01
3.386239322919171735e-01
3.508436932850890200e-01
3.585981937444013834e-01
3.514669567671386274e-01
3.451903048060918078e-01
3.412014077606795315e-01
3.525544838426324934e-01
3.569337669594009332e-01
3.497178439516153148e-01
3.638066202851011344e-01
3.695948095651958032e-01
3.450198781023118277e-01
3.518538063456216891e-01
3.593666755473332586e-01
3.624906073053087985e-01
3.418170698490838322e-01
3.520191933259914085e-01
3.601451058366608171e-01
3.541087059156461381e-01
3.566671092078660954e-01
3.592246331282777927e-01
3.484483552681256202e-01
3.569654361685399291e-01
3.420276009466075018e-01
3.309982810282351973e-01
3.583322781218916675e-01
3.400314342143178070e-01
3.670772732483970624e-01
3.606106962410360328e-01
3.660952836499554164e-01
3.562268775266069776e-01
3.408618081550158219e-01
3.513878356495261368e-01
3.501862632304984513e-01
3.460416773340267427e-01
3.571623710316393363e-01
3.588073880824212969e-01
3.481285650641917639e-01
3.374920749695645705e-01
3.492933742742286851e-01
3.772531439121249441e-01
3.444297566368862973e-01
3.519136493437285962e-01
3.501551182633412251e-01
3.505734295823925706e-01
3.515450260618705469e-01
3.698178153315498928e-01
3.649761189745152068e-01
3.635826867154598463e-01
3.516786709638151098e-01
3.669454931006416176e-01
3.490329775573691173e-01
3.537852485502452904e-01
3.526297852002296396e-01
3.432688735201771535e-01
3.481098265043075513e-01
3.500721103130100542e-01
3.557869152293018367e-01
3.471583721520197785e-01
3.534326878063536181e-01
3.584270255855942500e-01
3.552193377621847836e-01
3.521820049714098344e-01
3.418056673818462010e-01
3.548571391392913998e-01
3.675484322732310849e-01
3.643960587981417421e-01
3.562347179949368337e-01
3.485218700771193223e-01
3.332817326226598098e-01
3.492202985927714276e-01
3.478338137665547558e-01
3.430554195316561916e-01
3.461966965675836727e-01
3.510827674840746315e-01
3.507108385060767608e-01
3.522526743611544275e-01
3.528060221939090524e-01
3.365081664921741877e-01
3.505201103242769345e-01
3.662211512256151047e-01
3.378443307123417672e-01
3.458811574019069468e-01
3.476848715633638065e-01
3.541838267076041213e-01
3.562364911343049445e-01
3.546001414757573023e-01
3.559174126666784788e-01
3.542961134685682079e-01
3.504306037104675808e-01
3.442699217216608765e-01
3.684043402599616046e-01
3.554268040438101073e-01
3.299075859417167078e-01
3.518389967588579914e-01
3.319512946777724016e-01
3.422365320414910150e-01
3.525951356620345423e-01
3.582415369156333740e-01
3.484702326796386695e-01
3.495067116002876229e-01
3.410710272232765905e-01
3.441731893087279781e-01
3.440835113122929223e-01
3.714790589404030619e-01
3.608526647528383924e-01
3.525163740274379620e-01
3.535753651583396495e-01
3.450875642177407832e-01
3.595903378773671055e-01
3.496492595306835427e-01
3.387177247298717719e-01
3.476525437559723763e-01
3.474224699956353080e-01
3.557033421568452369e-01
3.470289762181267279e-01
3.500583744819305010e-01
3.590477603321451938e-01
3.585054738066038582e-01
3.550000022700448010e-01
3.612077599591681509e-01
3.587836198353688277e-01
3.630973032959891600e-01
3.543880008582293017e-01
3.431513135140633053e-01
3.422110365725534176e-01
3.393134781778960885e-01
3.548691470851603191e-01
3.502779003009279801e-01
3.783494755660216646e-01
3.425956632881255182e-01
3.576772336939286756e-01
3.572336599112708733e-01
3.527248762281302019e-01
3.537638833214934442e-01
3.623131127207331881e-01
3.569118522886219336e-01
3.699823157444421251e-01
3.546319039233689074e-01
3.510746230877264673e-01
3.646842793642854352e-01
3.627030909531011038e-01
3.595025005834113219e-01
3.316424238068278463e-01
