1.280029112857344220e+00
8.468248774280001667e-01
8.123531728168744692e-01
7.805486459151315115e-01
7.575699342796946567e-01
7.356355294574851156e-01
7.161280738929396428e-01
6.974593108303858147e-01
6.811016675430289213e-01
6.643818616068956073e-01
6.511441273021465470e-01
6.357635679417430463e-01
6.246904535207974396e-01
6.104558804031335884e-01
6.009367848203558404e-01
5.881902798729187198e-01
5.797076910898157909e-01
5.684233969768323069e-01
5.606043909080318244e-01
5.504699046266016138e-01
5.434577254110116717e-01
5.342867247868885450e-01
5.280690263984715305e-01
5.198000099340166491e-01
5.142145123714272348e-01
5.067735756764246702e-01
5.016692316312546529e-01
4.948944264921799618e-01
4.902040870758049840e-01
4.840113063967433904e-01
4.795945493262472326e-01
4.740129213926695395e-01
4.697799206781280157e-01
4.648444009610604999e-01
4.607673396723724335e-01
4.563057453382791673e-01
4.524262624852565251e-01
4.484656016317283833e-01
4.447916094381971219e-01
4.412543326059157334e-01
4.376893190335219286e-01
4.345469059642775855e-01
4.311058394098648550e-01
4.283227125432662041e-01
4.249719831713384965e-01
4.224649771099683315e-01
4.192057605002655896e-01
4.169358354320354398e-01
4.138030778191170711e-01
4.117207885800902023e-01
4.087300621484890595e-01
4.067821574995017508e-01
4.039613408363549318e-01
4.021602743573609029e-01
3.994875282636285441e-01
3.978182946008524956e-01
3.953438656413649221e-01
3.937133066672004467e-01
3.914525860877510754e-01
3.898299534281003953e-01
3.878652917570302727e-01
3.861571567214377998e-01
3.844655162435954288e-01
3.826380512574671933e-01
3.812359791624264083e-01
3.792891695530911100e-01
3.781360051496810981e-01
3.761155227181660066e-01
3.751871067659809378e-01
3.730850473351666752e-01
3.723786818617355610e-01
3.701953158158812762e-01
3.696975251498612058e-01
3.674211036941486541e-01
3.671328463516571050e-01
3.648120546052402435e-01
3.646684576192215643e-01
3.623220862796174835e-01
3.623210042992868751e-01
3.599487270740722722e-01
3.601165229457492512e-01
3.576769601919561614e-01
3.580085886288925656e-01
3.554658356042100231e-01
3.560408120339593196e-01
3.533164878522253027e-01
3.541676562848177223e-01
3.512325905194169096e-01
3.523655175844205290e-01
3.492333360716528001e-01
3.506480589626129740e-01
3.473458518349069601e-01
3.490003073508784470e-01
3.455313545989674440e-01
3.474083658799707042e-01
3.438101829223651484e-01
3.458592565355010362e-01
3.421316438139871408e-01
3.443671255004739917e-01
3.404983429344540791e-01
3.429312279193019730e-01
3.389583010963003185e-01
3.415295628486640922e-01
3.374875398442431229e-01
3.401570482583242683e-01
3.360540358457920207e-01
3.388355132302030004e-01
3.346696134942834799e-01
3.375600628969920303e-01
3.333327900643573982e-01
3.363297210661242986e-01
3.320348179166692226e-01
3.351486094339362620e-01
3.307691752400069296e-01
3.340275621089511260e-01
3.295411713012160182e-01
3.329344015327840856e-01
3.283551711935834838e-01
3.318831250659380894e-01
3.272089780508646850e-01
3.308833718149682968e-01
3.260981744896437329e-01
3.299098075100049265e-01
3.250198861179198762e-01
3.289678633118817697e-01
3.239886525663462913e-01
3.280478217781870320e-01
3.229978016935156071e-01
3.271523705398391435e-01
3.220309950172074442e-01
3.262819704379964492e-01
3.210964235271479561e-01
3.254272892612480872e-01
3.201903785660101254e-01
3.245969037760131348e-01
3.193125155651729830e-01
3.237868053427664927e-01
3.184629850182484345e-01
3.229894018401119893e-01
3.176314287023560001e-01
3.222086862277709352e-01
3.168174153027678575e-01
3.214453934119582135e-01
3.160213543814870962e-01
3.207011734863152719e-01
3.152470691402686209e-01
3.199832544993408412e-01
3.144932346263039080e-01
3.192768548359381509e-01
3.137511551863919612e-01
3.185832894757748557e-01
3.130225310769801372e-01
3.179009025945190858e-01
3.123106105702203594e-01
3.172278620709340635e-01
3.116229095101615831e-01
3.165705053008393000e-01
3.109557031624973211e-01
3.159258670777100875e-01
3.103086477467864590e-01
3.152922331253883437e-01
3.096772471032440133e-01
3.146803516356807551e-01
3.090588799537011822e-01
3.140851232107845226e-01
3.084571417728276255e-01
3.134999422910179079e-01
3.078681373237694419e-01
3.129223014429424743e-01
3.072887310481907663e-01
3.123523425584361357e-01
3.067231869695458135e-01
3.117895532331076969e-01
3.061705851692211322e-01
3.112382816815865150e-01
3.056288951245682561e-01
3.107023068284740508e-01
3.050994007271367603e-01
3.101743204409011523e-01
3.045795008144624449e-01
3.096586181592115294e-01
3.040685442325748444e-01
3.091556564281501274e-01
3.035664087824983537e-01
3.086623321905749284e-01
3.030765903176738107e-01
3.081748897533603260e-01
3.025978671919094531e-01
3.076932332728650743e-01
3.021285690235230859e-01
3.072183337922217983e-01
3.016683434973022049e-01
3.067551937911165982e-01
3.012222682936278040e-01
3.063047655874372444e-01
3.007855974998172033e-01
3.058617875351100079e-01
3.003566683807835092e-01
3.054243167174568452e-01
2.999373632464591988e-01
3.049966681084361197e-01
2.995229628312234826e-01
3.045761505871417696e-01
2.991151769604399879e-01
3.041639236361681764e-01
2.987132747392902687e-01
3.037576010681239946e-01
2.983223273901808303e-01
3.033594363520015214e-01
2.979389626184290041e-01
3.029673144176621147e-01
2.975638251811112966e-01
3.025802970578983508e-01
2.971951292295446079e-01
3.021980252104820019e-01
2.968333333147269992e-01
3.018241128652804361e-01
2.964767478853829741e-01
3.014591060387666333e-01
2.961241659285790973e-01
3.011039406506241800e-01
2.957754295192096539e-01
3.007537478696222788e-01
2.954331035458297450e-01
3.004097983276734496e-01
2.950957965106812964e-01
3.000733968431921195e-01
2.947640134487121699e-01
2.997444177068610549e-01
2.944385531689334146e-01
2.994214774018656433e-01
2.941211227306922416e-01
2.991066441802928688e-01
2.938083416065009335e-01
2.987980811475048348e-01
2.934990258304228106e-01
2.985022187319482656e-01
2.931946391348983494e-01
2.982152141466601347e-01
2.928959283124765167e-01
2.979314666194269878e-01
2.926002651138385202e-01
2.976529554429048763e-01
2.923076023274627788e-01
2.973787570930166990e-01
2.920178937870529512e-01
2.971072592776059507e-01
2.917318455138694921e-01
2.968384243069875916e-01
2.914508533107306731e-01
2.965735287356112693e-01
2.911740408914205713e-01
2.963182334101338022e-01
2.909036768829488806e-01
2.960681295993298212e-01
2.906359418336839640e-01
2.958228595523498261e-01
2.903707972542638460e-01
2.955806735774484939e-01
2.901092614081346999e-01
2.953427332812035289e-01
2.898502403322428811e-01
2.951076122334482799e-01
2.895936763091843114e-01
2.948753103406229203e-01
2.893399145937207706e-01
2.946451829630232777e-01
2.890907518724657455e-01
2.944186407984031861e-01
2.888447833261305053e-01
2.941958901626591794e-01
2.886039197541631629e-01
2.939767504594252845e-01
2.883672113728681374e-01
2.937611858791418507e-01
2.881359360427203642e-01
2.935481407803518517e-01
2.879113948970067893e-01
2.933370516799302385e-01
2.876906178883064102e-01
2.931278924921257856e-01
2.874725701131301547e-01
2.929209574008216355e-01
2.872564406402322024e-01
2.927182141809197558e-01
2.870422045444210313e-01
2.925180522336766620e-01
2.868298373746539509e-01
2.923196880400690811e-01
2.866200265243093459e-01
2.921230978958675450e-01
2.864124620969182855e-01
2.919282584871811248e-01
2.862066821541530137e-01
2.917358199302993449e-01
2.860026641642094414e-01
2.915451560272583342e-01
2.858003860106365090e-01
2.913573067923836968e-01
2.856018003041953524e-01
2.911713417874577936e-01
2.854053306558526626e-01
2.909894809185231690e-01
2.852118925038105157e-01
2.908119578409084638e-01
2.850202632785298063e-01
2.906369780463413099e-01
2.848320283041940737e-01
2.904635736729362372e-01
2.846459109266978316e-01
2.902924141225646237e-01
2.844613279549854656e-01
2.901245075044655564e-01
2.842790270828371435e-01
2.899584673608030516e-01
2.841014885233416054e-01
2.897955993686913700e-01
2.839269436101816702e-01
2.896360447716338493e-01
2.837585691455741799e-01
2.894818379645118234e-01
2.835944300681367825e-01
2.893293853101120972e-01
2.834321873546671866e-01
2.891781739091906500e-01
2.832711937843330752e-01
2.890289972283686115e-01
2.831114356367803730e-01
2.888822907764426184e-01
2.829528994092205263e-01
2.887389137379038906e-01
2.827969431228226083e-01
2.885973839110433925e-01
2.826442676675748333e-01
2.884569654545471318e-01
2.824927369467796212e-01
2.883178685899452365e-01
2.823423388627994135e-01
2.881804866247047459e-01
2.821942976822455762e-01
2.880441666920262045e-01
2.820476289148750593e-01
2.879096943112682272e-01
2.819027748511642728e-01
2.877769180256886661e-01
2.817600351249024970e-01
2.876451445430441289e-01
2.816192468600728915e-01
2.875171152155125420e-01
2.814794850807421644e-01
2.873906629665722301e-01
2.813407393021177261e-01
2.872651416003705327e-01
2.812029991910480198e-01
2.871405403489448727e-01
2.810673361193161690e-01
2.870168486146403852e-01
2.809327841468987619e-01
2.868940559668104462e-01
2.807992712312757377e-01
2.867724925215681120e-01
2.806669112708247704e-01
2.866525912364583095e-01
2.805368198574660354e-01
2.865345015701835640e-01
2.804099473825574229e-01
2.864178131043958464e-01
2.802852857926308450e-01
2.863022587034738664e-01
2.801621242025524317e-01
2.861880053953090863e-01
2.800398066215055715e-01
2.860747400179657340e-01
2.799187474066176518e-01
2.859628684794973119e-01
2.797985989699663945e-01
2.858519535569115644e-01
2.796797776125161117e-01
2.857429868242603033e-01
2.795623095230755362e-01
2.856359933430495102e-01
2.794456385122470188e-01
2.855333291822192976e-01
2.793307718468284184e-01
2.854315912185079740e-01
2.792176033322890105e-01
2.853305270700808860e-01
2.791051899717901241e-01
2.852303746095377623e-01
2.789935249172350584e-01
2.851322993940563766e-01
2.788826014049058943e-01
2.850348687606855669e-01
2.787746104495027466e-01
2.849393059144048057e-01
2.786675598359950601e-01
2.848448491238074753e-01
2.785613415824349515e-01
2.847509967267828901e-01
2.784578614108584316e-01
2.846577427207280242e-01
2.783566241876391234e-01
2.845652644699280254e-01
2.782560459070640979e-01
2.844744510915488966e-01
2.781568905681123804e-01
2.843854485329767035e-01
2.780589854562190433e-01
2.842969915960938954e-01
2.779623437395195018e-01
2.842091342371487195e-01
2.778669510554519495e-01
2.841224705217845758e-01
2.777721612876066226e-01
2.840363428622003639e-01
2.776779693601560406e-01
2.839514017710714766e-01
2.775843702525428447e-01
2.838671241314966176e-01
2.774913589986432449e-01
2.837833609909181654e-01
2.773989306859494519e-01
2.837019380943332503e-01
2.773070804547707047e-01
2.836215966134469357e-01
2.772158034974511187e-01
2.835421935520797132e-01
2.771250950576054084e-01
2.834640130189387541e-01
2.770360352585042318e-01
2.833867262796581077e-01
2.769485645727960965e-01
2.833121236371460294e-01
2.768623352902916945e-01
2.832379467775154036e-01
2.767768785879856086e-01
2.831656213462755978e-01
2.766921427201301520e-01
2.830950382841035950e-01
2.766080561322431519e-01
2.830250731298096234e-01
2.765251123884647222e-01
2.829554944276714834e-01
2.764430072569357688e-01
2.828862989049341081e-01
2.763622300951262822e-01
2.828178260237357300e-01
2.762825053138673326e-01
2.827506606034611014e-01
2.762032706283973904e-01
2.826838833192342193e-01
2.761245221139284056e-01
2.826177831758190373e-01
2.760462558844550829e-01
2.825520354316803928e-01
2.759691619745295310e-01
2.824866371818314792e-01
2.758926672875814390e-01
2.824215855554560450e-01
2.758172701851900888e-01
2.823568777153917519e-01
2.757434135016818000e-01
2.822925108576233577e-01
2.756719156056414155e-01
2.822284822107842261e-01
2.756014242150384708e-01
2.821647890356680510e-01
2.755321259134650425e-01
2.821014286247484071e-01
2.754632310299236497e-01
2.820383983017070717e-01
2.753948106187519840e-01
2.819758500840354176e-01
2.753270379156749770e-01
2.819141950010389808e-01
2.752598992247463072e-01
2.818529017356271593e-01
2.751932382810953759e-01
2.817919218523704528e-01
2.751269617556948988e-01
2.817312528902029545e-01
2.750610666712962615e-01
2.816708924156560157e-01
2.749955500799166064e-01
2.816108380224622842e-01
2.749309749107289313e-01
2.815510873311669049e-01
2.748672570625825262e-01
2.814916379887442699e-01
2.748039029357787766e-01
2.814324876682223753e-01
2.747411426408285506e-01
2.813736340683130610e-01
2.746790708561749894e-01
2.813150749130481909e-01
2.746173492294513574e-01
2.812568079514226604e-01
2.745559751210310817e-01
2.811995751568231450e-01
2.744952775256896960e-01
2.811428251402466327e-01
2.744351276634969805e-01
2.810864721351608586e-01
2.743757124992364793e-01
2.810303925254798441e-01
2.743167310000924064e-01
2.809750955749015233e-01
2.742580788273434877e-01
2.809202426537192321e-01
2.741997535054339075e-01
2.808660822267365353e-01
2.741418760499799712e-01
2.808121770043678356e-01
2.740847381104766778e-01
2.807585251609773791e-01
2.740289187393354919e-01
2.807052146067094966e-01
2.739734033672126534e-01
2.806526694470085070e-01
2.739181897921806885e-01
2.806008841483902394e-01
2.738632758319182736e-01
2.805493314535599247e-01
2.738086593234928534e-01
2.804980097686110008e-01
2.737543381231468675e-01
2.804469175161249939e-01
2.737014547286682475e-01
2.803965715740853182e-01
2.736491385527627940e-01
2.803464661926384216e-01
2.735974395741480047e-01
2.802965812268474743e-01
2.735460183782726373e-01
2.802473560254775120e-01
2.734952551446070412e-01
2.801987990009400797e-01
2.734452515536087702e-01
2.801510433166070624e-01
2.733960560823230912e-01
2.801034922100810176e-01
2.733478914932885862e-01
2.800561443597219258e-01
2.733003357916369835e-01
2.800089984568687740e-01
2.732530280739527417e-01
2.799620532056624200e-01
2.732059666269989195e-01
2.799153073228723421e-01
2.731591497519670897e-01
2.798687595377260529e-01
2.731127436653627005e-01
2.798224085917413451e-01
2.730675218185234510e-01
2.797762532385612566e-01
2.730228558684061335e-01
2.797303976748759524e-01
2.729791831929405665e-01
2.796859197950533615e-01
2.729357346075978463e-01
2.796424426796584872e-01
2.728925086086469443e-01
2.795997187992333988e-01
2.728495037043626725e-01
2.795573101357716195e-01
2.728067184149150504e-01
2.795150769339560526e-01
2.727641512722600581e-01
2.794733695172924581e-01
2.727218008200320565e-01
2.794319046896941439e-01
2.726796656134371499e-01
2.793924235595663386e-01
2.726377442191482703e-01
2.793537716683216487e-01
2.725960352152003163e-01
2.793152755274104782e-01
2.725545371908887904e-01
2.792769341870831035e-01
2.725141215281036700e-01
2.792387467067177220e-01
2.724741324339223780e-01
2.792007121546938864e-01
2.724344678962998811e-01
2.791628296082678262e-01
2.723949975162262005e-01
2.791252967526938744e-01
2.723557200488160301e-01
2.790880223309123997e-01
2.723166342586193500e-01
2.790514877142293293e-01
2.722777389195424891e-01
2.790156465185547607e-01
2.722390528165927748e-01
2.789799460342365367e-01
2.722008180722206849e-01
2.789444190066929785e-01
2.721627666475460727e-01
2.789097157889638967e-01
2.721248973815572070e-01
