6.166834638761311549e-01
5.278116824680737507e-01
4.921293662717521888e-01
4.713431899217448429e-01
4.575842871876092954e-01
4.470761562296970415e-01
4.386059720181877952e-01
4.312407780413032299e-01
4.246033370508561222e-01
4.185541311158285649e-01
4.129339567869138583e-01
4.077341409201117872e-01
4.029623985539457220e-01
3.985628179152956863e-01
3.945233900944269956e-01
3.907665947206667156e-01
3.872315785278328537e-01
3.838633146328209733e-01
3.807309947821835294e-01
3.777598030211000713e-01
3.749214390974815458e-01
3.721893046299131202e-01
3.696027773268741323e-01
3.671258828494490811e-01
3.647632611767276933e-01
3.625260473151050156e-01
3.603636004987777475e-01
3.582868974239935556e-01
3.562863411463265684e-01
3.543730060782476765e-01
3.525801824713160615e-01
3.508555732071219624e-01
3.491835362320228620e-01
3.475821407346526559e-01
3.460568433104680430e-01
3.445895378022895694e-01
3.431652234301813542e-01
3.417896229316492174e-01
3.404643948002933906e-01
3.391782361429362402e-01
3.379315615926990479e-01
3.367347654084409392e-01
3.355665912558092323e-01
3.344251867854596272e-01
3.333204318168829228e-01
3.322459088664254101e-01
3.311936764141393263e-01
3.301677183391399928e-01
3.291685445136691146e-01
3.282002781905389299e-01
3.272553435243197306e-01
3.263336685064409104e-01
3.254400521699795656e-01
3.245683022240896665e-01
3.237140916511964117e-01
3.228765906530974283e-01
3.220576422907434622e-01
3.212558797332014660e-01
3.204656031687259654e-01
3.196900453760709304e-01
3.189303523348017699e-01
3.181845378694748705e-01
3.174584997913766360e-01
3.167450282066793243e-01
3.160445350136946718e-01
3.153582342026425844e-01
3.146808892828578119e-01
3.140123139648317574e-01
3.133610300237302804e-01
3.127235301504259213e-01
3.120989648944840211e-01
3.114910192615343854e-01
3.108927688775220410e-01
3.103057805878663977e-01
3.097310486884206626e-01
3.091727193073898206e-01
3.086239241153502233e-01
3.080848016320497096e-01
3.075592608764846636e-01
3.070465581595676618e-01
3.065418203725555069e-01
3.060499384346672680e-01
3.055656412155310364e-01
3.050870832068185989e-01
3.046161355250989189e-01
3.041587588008722309e-01
3.037087931341247993e-01
3.032715136114556009e-01
3.028455113772431928e-01
3.024285285813989033e-01
3.020169404482186404e-01
3.016094993957134096e-01
3.012079375718362817e-01
3.008118521894576625e-01
3.004231571499852427e-01
3.000483180414076356e-01
2.996808251144274515e-01
2.993184087265632343e-01
2.989628484395666086e-01
2.986115825866458851e-01
2.982636368155473505e-01
2.979220178024337695e-01
2.975840773983451371e-01
2.972524645406571797e-01
2.969257358684510018e-01
2.966095933904377424e-01
2.962980188053040975e-01
2.959932939488552628e-01
2.956924366106191693e-01
2.953949799163069212e-01
2.951024731111021593e-01
2.948157676324217880e-01
2.945334603047817246e-01
2.942537542764553926e-01
2.939786348794168336e-01
2.937063591672288143e-01
2.934369735848815219e-01
2.931750154575987199e-01
2.929185894734271378e-01
2.926668077295112025e-01
2.924172382365469169e-01
2.921730919494896495e-01
2.919337189788516751e-01
2.916972390561743955e-01
2.914641537162999119e-01
2.912332264948364613e-01
2.910062357515332265e-01
2.907822822020263986e-01
2.905636330058282701e-01
2.903467347738523663e-01
2.901316573483030958e-01
2.899181289192213073e-01
2.897081545962252869e-01
2.895010860508330786e-01
2.892954893494494861e-01
2.890913483544119145e-01
2.888917225375361442e-01
2.886944861468779266e-01
2.884999925643513818e-01
2.883069010151167455e-01
2.881153127393801805e-01
2.879266182843212007e-01
2.877392253134251066e-01
2.875533276408483441e-01
2.873720145617226218e-01
2.871921107113765692e-01
2.870134341429135816e-01
2.868359714536571348e-01
2.866597094492947528e-01
2.864846351396648227e-01
2.863121145835542669e-01
2.861416826691317028e-01
2.859751095381470321e-01
2.858104625909821950e-01
2.856468902339839300e-01
2.854843811889818950e-01
2.853229243471870902e-01
2.851625087659044322e-01
2.850031236653222666e-01
2.848447584253784859e-01
2.846881894304609251e-01
2.845329298535016482e-01
2.843794227136640096e-01
2.842268794366406559e-01
2.840757536025275143e-01
2.839259439429097087e-01
2.837773002746376561e-01
2.836301600694626224e-01
2.834851920544929071e-01
2.833411405937469874e-01
2.831979507377384575e-01
2.830557045779251157e-01
2.829166309409379410e-01
2.827795312947794515e-01
2.826432414583737729e-01
2.825077538402607225e-01
2.823730609505086253e-01
2.822393321931331855e-01
2.821069826841703931e-01
2.819769207779498355e-01
2.818476094121829534e-01
2.817190417490647580e-01
2.815916904977281421e-01
2.814658273314956105e-01
2.813406861268314407e-01
2.812162603694129959e-01
2.810929690783391388e-01
2.809718008183993976e-01
2.808521472209272174e-01
2.807331672353844398e-01
2.806148548727763758e-01
2.804972042196897664e-01
2.803804389313842016e-01
2.802656807998293309e-01
2.801522906877810248e-01
2.800395170422921853e-01
2.799273545643878314e-01
2.798167439254955480e-01
2.797072565906101871e-01
2.795988296068923074e-01
2.794914714307235593e-01
2.793846799770069445e-01
2.792784505050703303e-01
2.791727783316436118e-01
2.790676588299241256e-01
2.789630874286618822e-01
2.788593455613571082e-01
2.787573934164968015e-01
2.786559661377230879e-01
2.785550594442108840e-01
2.784546815896417060e-01
2.783551085718163898e-01
2.782575499046568424e-01
2.781618618939753484e-01
2.780666836118636520e-01
2.779719872444632589e-01
2.778790409056984267e-01
2.777894159424811882e-01
2.777011931658115995e-01
2.776134200792410023e-01
2.775263347034821471e-01
2.774396797983935126e-01
2.773534434893519252e-01
2.772676225722668919e-01
2.771826312334748077e-01
2.770983575120609110e-01
2.770144862793275653e-01
2.769310144851057642e-01
2.768481678421655934e-01
2.767660975750213526e-01
2.766844140962980148e-01
2.766031145214614684e-01
2.765229462171137076e-01
2.764435922110645705e-01
2.763651898666233953e-01
2.762876464495245821e-01
2.762109437165218284e-01
2.761345981911164094e-01
2.760586072301141614e-01
2.759829682184682387e-01
2.759078773732507317e-01
2.758340862305232455e-01
2.757606297746221236e-01
2.756879305437762717e-01
2.756156041879080920e-01
2.755436044078403146e-01
2.754719288592192838e-01
2.754005752220366476e-01
2.753296936008240992e-01
2.752599802753909475e-01
2.751929834306499068e-01
2.751265281991799871e-01
2.750603608808497302e-01
2.749944794532663828e-01
2.749290052852520483e-01
2.748638821036637481e-01
2.747998242253443246e-01
2.747369834100719110e-01
2.746749765554848954e-01
2.746134934950755779e-01
2.745522691171468632e-01
2.744913016392489524e-01
2.744305892970356764e-01
2.743701303440171380e-01
2.743099230513181830e-01
2.742499657074395358e-01
2.741902566180237089e-01
2.741307941056244646e-01
2.740715765094803857e-01
2.740126094492401077e-01
2.739545953314602156e-01
2.738969034488685228e-01
2.738394459434673744e-01
2.737822212793699639e-01
2.737252279353678541e-01
2.736684644047422954e-01
2.736119291950792620e-01
2.735556208280868762e-01
2.734995701056556761e-01
2.734437753061990106e-01
2.733882005416049532e-01
2.733329438305355796e-01
2.732781414866632397e-01
2.732241127274003256e-01
2.731702904741665217e-01
2.731166734681640951e-01
2.730634044300150887e-01
2.730104984616862351e-01
2.729581278174822989e-01
2.729062970708107105e-01
2.728548752402551458e-01
2.728036439812575598e-01
2.727526021710757753e-01
2.727017486967619475e-01
2.726510824550453793e-01
2.726006023522160038e-01
2.725503073040110857e-01
2.725001962355023677e-01
2.724502680809859356e-01
2.724005217838730286e-01
2.723509562965828468e-01
2.723015705804370246e-01
2.722523636055551588e-01
2.722033343507527792e-01
2.721544818034400404e-01
2.721058049595223571e-01
2.720573028233025381e-01
2.720089744073835858e-01
2.719608187325743276e-01
2.719128348277954355e-01
2.718650217299863892e-01
2.718173784840156038e-01
2.717699041425897799e-01
2.717225977661655301e-01
2.716754584228631142e-01
2.716284851883795648e-01
2.715816771459045875e-01
2.715351014007573172e-01
2.714890241556581763e-01
2.714433880733860827e-01
2.713979111240338860e-01
2.713525924350206342e-01
2.713077676942580174e-01
2.712631103395515275e-01
2.712186082788275443e-01
2.711743422538115955e-01
2.711309591830655674e-01
2.710885645103161545e-01
2.710472036075271540e-01
2.710060856435429488e-01
2.709651075809356158e-01
2.709242686678820511e-01
2.708835681585194943e-01
2.708430053128803028e-01
2.708025793968271144e-01
2.707622896819895653e-01
2.707221354457015616e-01
2.706821159709392188e-01
2.706422305462601319e-01
2.706024784657430904e-01
2.705628590289290702e-01
2.705233715407625583e-01
2.704840153115340984e-01
2.704447896568235032e-01
2.704056938974433444e-01
2.703667273593843845e-01
2.703278893737605104e-01
2.702891792767549983e-01
2.702507562765482652e-01
2.702125134940226436e-01
2.701743961195534061e-01
2.701364035094775962e-01
2.700985811188785779e-01
2.700608840960208590e-01
2.700233107585361947e-01
2.699859641421057388e-01
2.699491007597076275e-01
2.699124066605756989e-01
2.698758332000130156e-01
2.698393797591764343e-01
2.698030457238154711e-01
2.697668304842252840e-01
2.697307334352013197e-01
2.696947539759934620e-01
2.696588915102616779e-01
2.696231454460309984e-01
2.695875194754464577e-01
2.695536914375030180e-01
2.695199740043953129e-01
2.694863666123858970e-01
2.694528687018520330e-01
2.694194797172451694e-01
2.693869622124657193e-01
2.693549891324057421e-01
2.693233691319056322e-01
2.692924081198084796e-01
2.692617957441223453e-01
2.692312798559690634e-01
2.692008599812968916e-01
2.691705356494082935e-01
2.691403063929273531e-01
2.691101717477678013e-01
2.690801933915565325e-01
2.690503914226086146e-01
2.690208022405956023e-01
2.689913912220832648e-01
2.689620705829681713e-01
2.689330595372476096e-01
2.689041432832121603e-01
2.688753717123779641e-01
2.688467446556326856e-01
2.688182056851239898e-01
2.687897543830365388e-01
2.687617784475120897e-01
2.687339497957292878e-01
2.687067002919460990e-01
2.686798748874356657e-01
2.686531297876449398e-01
2.686264646174398307e-01
2.686000952407938680e-01
2.685739605784176476e-01
2.685479414700694401e-01
2.685219983570389379e-01
2.684961308934130653e-01
2.684703387355429904e-01
2.684446215420234760e-01
2.684189789736732834e-01
2.683934106935152997e-01
2.683679163667575529e-01
2.683424956607732281e-01
2.683171482450823486e-01
2.682920378868120515e-01
2.682672242527379680e-01
2.682424819965842921e-01
2.682178107996335270e-01
2.681932103452024374e-01
2.681686803186246748e-01
2.681442204072335689e-01
2.681198303003444194e-01
2.680955096892384537e-01
2.680712582671452293e-01
2.680470757292265360e-01
2.680229617725595759e-01
2.679989160961215311e-01
2.679749384007724111e-01
2.679510283892402311e-01
2.679271857661045808e-01
2.679034102377814697e-01
2.678797015125079506e-01
2.678560593003267987e-01
2.678324833130715787e-01
2.678089732643517684e-01
2.677855288695378255e-01
2.677621498457471438e-01
2.677388359118293981e-01
2.677155867883520002e-01
2.676924021975864432e-01
2.676692818634941462e-01
2.676465055836551032e-01
2.676238178566112125e-01
2.676011920466159766e-01
2.675786278914619731e-01
2.675561251305316190e-01
2.675336835047836259e-01
2.675113027567402324e-01
2.674889826304747142e-01
2.674667228715991163e-01
2.674445232272511519e-01
2.674223834460826010e-01
2.674003032782468203e-01
2.673782824753867526e-01
2.673563207906232697e-01
2.673344179785431263e-01
2.673125737951874692e-01
2.672907879980402357e-01
2.672690603460168290e-01
2.672473905994525722e-01
2.672257785200919944e-01
2.672042238710772843e-01
2.671827264169374661e-01
2.671612859235778514e-01
2.671399021582687716e-01
2.671185748896355294e-01
2.670973038876472971e-01
2.670760889236070690e-01
2.670549297701412805e-01
2.670338262011895947e-01
2.670129052366059241e-01
2.669920746311223447e-01
2.669712984180436233e-01
2.669505763792102693e-01
2.669299976095069749e-01
2.669095108290776008e-01
2.668890771135840057e-01
2.668686962526337636e-01
2.668483680370127287e-01
2.668280922586755977e-01
2.668078687107375280e-01
2.667876971874656999e-01
2.667675774842704350e-01
2.667475093976970912e-01
2.667276034489270975e-01
2.667078405535064922e-01
2.666881280878948268e-01
2.666684658547664455e-01
2.666488536578870971e-01
2.666292913021056088e-01
2.666097785933463915e-01
2.665903554432008105e-01
2.665710384592833160e-01
2.665520313025042110e-01
2.665332831442905337e-01
2.665145823018101878e-01
2.664959285916906340e-01
2.664773218315552583e-01
2.664587618400161562e-01
2.664402484366673041e-01
2.664217814420777319e-01
2.664033606777844732e-01
2.663849859662864028e-01
2.663666571310369102e-01
2.663483739964375707e-01
2.663301363878317063e-01
2.663120871166249626e-01
2.662942310876602048e-01
2.662764194560617859e-01
2.662586520504556797e-01
2.662409287004012248e-01
2.662232492363844072e-01
2.662056139309247338e-01
2.661881216266571148e-01
2.661706729476516764e-01
2.661532677241192912e-01
2.661359057872068612e-01
2.661185869689915995e-01
2.661013111024734812e-01
2.660840780215694146e-01
2.660668875611068018e-01
2.660497395568165446e-01
2.660326338453272710e-01
2.660155702641587849e-01
2.659985486517157383e-01
2.659815688472815798e-01
2.659646306910125602e-01
2.659477340239312371e-01
2.659308786879209241e-01
2.659140645257191959e-01
2.658972913809122818e-01
2.658805590979294586e-01
2.658638675220363345e-01
2.658472164993299636e-01
2.658306058767325730e-01
2.658140355019861789e-01
2.657977499273358468e-01
2.657815261536039531e-01
2.657653413437123802e-01
2.657491953524636630e-01
2.657330880354288327e-01
2.657170192489418103e-01
2.657009888500943551e-01
2.656850147166945897e-01
2.656691651270475796e-01
2.656533535106651578e-01
2.656375797250410398e-01
2.656218436284336071e-01
2.656061450798612444e-01
2.655904839390962890e-01
2.655748600666603676e-01
2.655592733238190672e-01
2.655437235725770506e-01
2.655282106756725047e-01
2.655129299898310591e-01
2.654981332946552142e-01
2.654835191520517057e-01
2.654689652995855242e-01
2.654544463182288982e-01
2.654399620769822832e-01
2.654255124455445758e-01
2.654111532828590247e-01
2.653969060364522736e-01
2.653826925902300626e-01
2.653685128184746223e-01
2.653544160731194368e-01
2.653404908746663238e-01
2.653265986149146438e-01
2.653127391711895267e-01
2.652989124214656380e-01
2.652851182443642375e-01
2.652713565191473499e-01
2.652576271257148788e-01
2.652439547286443711e-01
2.652303426914605078e-01
2.652167620923031044e-01
2.652032128183494653e-01
2.651896947573550989e-01
2.651762077976500542e-01
2.651627518281348683e-01
2.651493267382770691e-01
2.651359324181073451e-01
2.651225687582158819e-01
2.651092356497485869e-01
2.650959329844034817e-01
2.650826606544273156e-01
2.650694185526115132e-01
2.650562065722890659e-01
2.650430246073308682e-01
2.650298725521420540e-01
2.650167503016587212e-01
2.650036577513446012e-01
2.649908751988677147e-01
2.649782626660766027e-01
2.649657704695642657e-01
2.649534065031468044e-01
2.649410703372123144e-01
2.649287618754387341e-01
2.649164810219803434e-01
2.649042276814641550e-01
2.648920017589869169e-01
2.648798726319877561e-01
2.648680544653994051e-01
