1.260560109486589031e+00
8.187378953851373042e-01
7.371922152145886642e-01
7.160233776108947401e-01
7.291781952554199364e-01
7.012900710070353316e-01
6.983880315095778446e-01
6.653679662290915564e-01
6.920476215314629309e-01
6.979831489187825477e-01
6.707624390663714520e-01
6.384808857899459955e-01
5.986113496589285932e-01
6.094158859391529681e-01
6.398834458234295974e-01
6.218552342477504657e-01
6.019891105546579801e-01
5.948624274934192213e-01
5.985291087394269960e-01
5.986928086178057162e-01
5.771613163945130687e-01
5.599327114186457566e-01
5.399508177084725302e-01
5.447378534001826589e-01
5.302674365576205417e-01
5.464828834141022273e-01
5.242024396312983114e-01
5.283568321005401858e-01
4.982550601417137237e-01
5.280477238008370877e-01
5.079262143330898205e-01
4.897364414597562554e-01
4.954767201944531019e-01
4.935389059134022149e-01
4.982641610244410990e-01
4.784069117378398905e-01
4.839906475060414270e-01
4.826921219714738198e-01
4.553677655463503338e-01
4.734922961041671541e-01
4.490978519460979701e-01
4.588563695022626621e-01
4.632043296661293441e-01
4.473087465852449984e-01
4.660383483377522063e-01
4.544305467831384338e-01
4.634643668546859496e-01
4.554819828954403960e-01
4.290389609076669664e-01
4.468549839826207459e-01
4.378315378485309606e-01
4.027136477990960195e-01
4.484949396189093496e-01
4.264179683053265224e-01
4.106235377521820218e-01
4.104276789121240610e-01
4.206278412068181205e-01
4.384733905956126887e-01
3.979363361005192612e-01
4.453509071395966301e-01
4.184138281926995107e-01
4.019843019767309067e-01
3.712530634641224569e-01
4.257637242190887017e-01
4.293636214881166868e-01
4.171077690938332916e-01
3.985423908226679024e-01
3.833820843919941712e-01
3.872138128644336263e-01
3.856246901049061315e-01
3.893330137115422196e-01
3.801505050257972806e-01
4.103247642762676839e-01
3.980467071522209577e-01
3.879380067209993732e-01
3.862431160842342281e-01
3.869822830152603310e-01
3.861550732938636710e-01
3.925093941107271056e-01
3.712389934010474346e-01
3.689734103546926103e-01
3.882496919417411929e-01
3.610471642473839782e-01
3.560973835923444963e-01
3.681604152280151254e-01
3.465541628172064126e-01
3.802338745012990295e-01
3.806587799103591241e-01
3.874579667365402047e-01
3.682740551645173332e-01
3.679091706538407114e-01
3.751697406053519646e-01
3.629660078767251163e-01
3.712153936849227343e-01
3.768980908029754273e-01
3.489636761573218227e-01
3.329732709043917160e-01
3.577282579005514052e-01
3.638099831602877865e-01
3.647712503642899229e-01
3.690253853658768124e-01
3.554550707025101453e-01
3.643563746006862059e-01
3.480684503944886377e-01
3.640121586710979296e-01
3.431203901892024288e-01
3.663907369879940146e-01
3.695476624684468359e-01
3.395763055875131164e-01
3.641292514732892283e-01
3.467110285404065850e-01
3.849282659375303228e-01
3.661173588283117564e-01
3.561391697510563059e-01
3.486463718802755296e-01
3.421523525611941952e-01
3.567720679741003265e-01
3.176703795733138991e-01
3.442371125992827463e-01
3.526978948070086939e-01
3.626830822687565625e-01
3.410676588782465823e-01
3.658420314427821562e-01
3.296439482827440148e-01
3.220013190802745173e-01
3.658344480348760808e-01
3.439203744054725176e-01
3.462245287634439506e-01
3.504252104527042500e-01
3.435838015392810862e-01
3.459646692188502182e-01
3.412781688153479487e-01
3.464320391523922904e-01
3.264848176952783176e-01
3.344726854834200735e-01
3.309603930244689463e-01
3.297284807925907058e-01
3.420393469572246548e-01
3.501825520544215031e-01
3.378102229010202517e-01
3.367899271638341019e-01
3.296479594364863930e-01
3.420771758344040570e-01
3.275056455209303663e-01
3.334711041982086344e-01
3.368541976362338097e-01
3.207560405216483557e-01
3.291357111324739737e-01
3.193069933573561281e-01
3.412266496816837025e-01
3.375681985517438033e-01
3.352214850290514137e-01
3.316716286627512944e-01
3.546279349353326782e-01
3.482559480616691516e-01
3.369382612357970097e-01
3.280060103473713129e-01
3.384381193496105444e-01
3.437418984304909109e-01
3.492277073173349899e-01
3.464526312287913856e-01
3.458216584392214132e-01
3.287726511795976969e-01
3.381616778554337732e-01
3.283669035534958480e-01
3.324356404886938399e-01
3.270835634720627993e-01
3.375143912463276497e-01
3.122547910416312300e-01
3.498655983961215798e-01
3.369150281769807131e-01
3.299399425796143981e-01
3.319723821541760711e-01
3.460692197388898217e-01
3.202523205866953937e-01
3.053185463030769764e-01
3.268976953185093182e-01
3.518060193555354043e-01
3.531823408045599577e-01
3.204556487834204215e-01
3.301608303806488065e-01
3.274656268029874084e-01
3.138230395402249462e-01
3.351645123041289143e-01
3.225469528507579620e-01
3.478188468302589320e-01
3.460828154852915728e-01
3.201406172900468361e-01
3.188698942675808889e-01
3.363051198482285287e-01
3.243310779572915470e-01
3.102876141101028051e-01
3.191354463558462307e-01
3.330632935979455089e-01
3.247470933827536488e-01
3.698436214074573569e-01
3.219541243613082693e-01
3.363478965570908530e-01
3.283653297179934816e-01
3.246667670324034916e-01
3.181372508114724273e-01
3.277256883157930734e-01
3.204075697883577156e-01
3.110472231620162731e-01
3.041067760711280155e-01
3.415120662583260858e-01
3.127373886594748686e-01
3.178305746985308766e-01
3.420750911984915543e-01
3.115925108094048102e-01
3.405079880449340957e-01
3.002179692587695903e-01
3.185721591405777375e-01
3.365674188771787256e-01
3.390707614565292016e-01
3.239037564038889649e-01
3.154439142650226069e-01
3.478504194574642550e-01
3.193046403952192192e-01
3.166186604281878703e-01
3.192473239131156659e-01
3.279006718357310168e-01
3.499876181217866367e-01
3.269610927104473208e-01
3.226039625902069052e-01
3.342687086201643343e-01
3.214122053328716255e-01
3.313681178852473375e-01
3.270277504269563096e-01
3.205881832764451711e-01
3.539547504706857528e-01
3.258283527290980475e-01
3.161239574028827937e-01
3.106613499431261083e-01
3.189319677400891950e-01
3.117999622664310855e-01
3.159063719134539427e-01
3.369803604246651707e-01
3.052263576187018712e-01
3.323048750948839891e-01
3.327382601027996656e-01
3.469082266147742732e-01
3.213138910883321930e-01
3.082662650181154929e-01
3.522841319186195697e-01
3.217056256943952586e-01
3.185491408842144323e-01
3.365729770452086100e-01
3.465769431481087737e-01
3.139835885155371487e-01
3.509603477229771284e-01
3.547126077493122365e-01
3.127070183570553885e-01
3.264650355863036313e-01
3.316702004444025409e-01
3.137070937559299777e-01
3.009354664242163135e-01
3.220827291761996225e-01
3.049457312404297848e-01
3.182694120154389572e-01
3.058598766668489954e-01
3.408564359955563172e-01
3.235843107704368116e-01
3.112225444400115171e-01
3.081613787923918601e-01
3.338032071155970226e-01
3.245294094447679356e-01
3.273562086251861625e-01
3.006760773717975788e-01
3.152489784886512991e-01
3.172521362976388759e-01
3.223524876669942585e-01
3.285060455411109581e-01
3.115364505728436262e-01
3.281303742583274174e-01
3.472661855029999800e-01
3.418151948319275157e-01
3.199197638671624766e-01
3.200906536255196944e-01
3.026734885149322540e-01
3.203610166244779678e-01
3.222527579350614735e-01
3.223749323130331024e-01
3.276867473293416655e-01
3.244565575252381651e-01
3.058065237080547782e-01
3.167943911092221398e-01
3.062919517305592865e-01
2.998005934550791451e-01
3.253402089042845002e-01
3.323038844895116473e-01
3.144430534906469954e-01
3.086809719403057484e-01
3.168332589872943084e-01
3.084785204823904947e-01
3.092923484686054825e-01
3.224385105664433482e-01
3.120540589508883911e-01
3.216604097830234599e-01
3.040991759832356589e-01
3.437367557093120030e-01
3.158369102124667371e-01
3.175805778563928761e-01
3.071530454832929191e-01
3.121122217096861107e-01
3.176946888718517603e-01
3.187356721460162801e-01
3.419748275053384190e-01
3.333466286924587907e-01
3.055097946060833514e-01
3.065332919828697711e-01
3.317010684074234161e-01
3.232299632025469327e-01
3.193821943489720261e-01
3.328479410947972617e-01
3.367249686281439947e-01
3.106337284201504678e-01
3.171049813573265097e-01
3.338612609583347934e-01
3.073090086511352514e-01
3.251715540813403527e-01
3.213105238976906031e-01
3.120789609539652010e-01
3.075843330948681009e-01
3.384263822151519774e-01
3.289842805040614215e-01
3.153537124921048651e-01
3.340222487070643731e-01
3.312515464697146639e-01
3.283443395790385244e-01
3.250859826823851439e-01
3.014247426736475499e-01
3.311474820811239894e-01
3.359882956070135984e-01
3.151977133926883168e-01
3.142782643361333728e-01
3.298368225703362522e-01
3.247221096597617263e-01
3.183513639035683851e-01
3.223298456463650763e-01
3.230038430158978513e-01
3.381152225470477890e-01
3.305588573285551113e-01
3.461008390358549236e-01
2.983468602435169204e-01
3.165320885313342436e-01
3.279379564594115393e-01
3.225293122547222557e-01
3.162756820846406858e-01
3.188241363522861804e-01
2.962618579476494762e-01
3.143245498001367433e-01
3.282915278456742803e-01
3.312726051328589438e-01
3.042857263050602890e-01
3.255910993939387099e-01
3.363350656973330688e-01
3.325390352700595686e-01
3.091723724535579421e-01
3.293362386055826430e-01
2.948695908356286366e-01
3.164797523930795164e-01
3.187041100658082327e-01
3.297078397787037152e-01
3.053668839449100725e-01
3.004757460635542055e-01
3.170951524666424937e-01
3.098391627940230153e-01
3.314611315268888858e-01
3.288091808688176632e-01
3.024279739458881067e-01
2.990418924520600319e-01
3.087172982830831414e-01
3.221194033299886739e-01
3.212107804727681315e-01
3.088511652413873931e-01
3.469721098634994116e-01
3.356583332963759547e-01
3.182855589899925008e-01
3.158446134575449427e-01
3.176052142745730000e-01
3.399689331649225488e-01
3.220606690627540458e-01
3.306446087359233288e-01
3.267826663268191822e-01
3.321407556910846437e-01
3.058204343745714593e-01
3.036184978115264443e-01
3.385945918818892286e-01
3.334280412589514242e-01
3.261189349928398373e-01
3.192225081802050335e-01
3.285136951715831310e-01
3.216297836201886251e-01
3.308018991903696193e-01
3.341718783780160407e-01
3.338148852617031648e-01
3.274554215592344053e-01
3.242235200461754396e-01
3.138824974861062489e-01
3.103158240441727944e-01
3.098473390389527293e-01
3.250680861750029349e-01
3.003754758492932497e-01
3.393852719028410680e-01
3.599718405640137675e-01
3.044486431213088706e-01
3.324552527540078906e-01
3.398108731622718204e-01
3.164983774023766849e-01
3.233161717528073020e-01
3.313930439329872413e-01
3.059481528165561293e-01
3.343876572629628785e-01
3.314883200278652131e-01
3.265324118651344865e-01
3.228088546442682838e-01
3.002928920239478772e-01
3.238717680353401795e-01
3.318522934713337147e-01
3.225806397178864193e-01
3.340801186085159968e-01
3.483118285748989518e-01
3.289907424831638449e-01
3.447371688155584368e-01
3.077799505257325929e-01
3.318650102394764545e-01
2.977028496667875057e-01
3.384812322624730085e-01
3.039728433226470683e-01
3.110433837292347903e-01
2.922636724497827965e-01
3.315882995653257614e-01
3.272981110498114909e-01
3.119486640967078506e-01
3.198187653901372607e-01
3.383364677717267122e-01
3.242663534069376574e-01
3.213838499232015145e-01
3.338158221553784166e-01
3.237730017729626986e-01
3.074925068764706171e-01
3.159928173388173445e-01
3.099183936652216143e-01
3.496817347232429318e-01
3.081913433768692090e-01
3.437893239980536753e-01
3.233832216052898723e-01
3.111352427688711675e-01
3.258483333870031418e-01
3.217528052147510809e-01
3.275253655461590196e-01
3.173744141403382346e-01
3.258253902639587363e-01
3.107383999490970772e-01
3.409733248745701051e-01
3.155447528463545259e-01
3.276385123045476022e-01
3.376861339103267579e-01
3.361940127859677219e-01
3.241389176645239067e-01
3.319320955536003148e-01
3.201821682911156208e-01
3.085361895908785845e-01
3.068456944366678152e-01
3.332893138321142978e-01
3.237682095322874654e-01
3.301265032113662734e-01
3.195337880304893186e-01
3.214185091383889858e-01
3.121858246339353493e-01
3.165541952100577316e-01
3.245535060176887865e-01
3.142032614981625227e-01
3.171251393520599926e-01
3.281920784418267401e-01
2.932473568864568669e-01
3.139118191090153887e-01
3.490797004612798404e-01
3.354232907714721490e-01
3.093322690727337010e-01
3.210379782094119894e-01
3.276773675320413526e-01
3.100262054977649950e-01
3.182649722611270438e-01
3.079083656963756965e-01
3.377631921892738642e-01
3.124666029752805607e-01
3.230361552078336307e-01
3.313462991446243788e-01
3.114358386277288893e-01
3.316025865224996871e-01
3.088731460922157779e-01
2.911697345614496779e-01
3.001789507159750570e-01
3.224268581875602280e-01
3.019050162833786244e-01
3.272138413214746855e-01
3.125396828669367855e-01
3.428941986274076648e-01
3.164721669545186855e-01
2.997849053321101631e-01
3.044608693630051488e-01
3.090608300921482976e-01
3.205297251980416262e-01
3.372386740353066070e-01
3.038857847874925078e-01
3.300461910747924388e-01
3.324057288102882368e-01
3.399402828350114869e-01
3.164540155200305516e-01
3.216947080831352723e-01
3.242396790934358175e-01
3.196219280602587420e-01
3.176702423670934028e-01
3.282370092303602549e-01
3.312088686818296934e-01
3.099461656114640973e-01
3.296472572138139934e-01
3.186682155725925614e-01
2.915650004195766698e-01
3.061854794414114456e-01
3.356158537721387058e-01
3.224458104969233352e-01
3.238165133091072678e-01
3.020313245229651611e-01
3.432793671682740078e-01
3.133037630276398477e-01
3.226998850438683175e-01
3.200500955506236922e-01
2.968720866645053191e-01
3.451155093094964155e-01
3.105661390308773195e-01
3.160420884858941570e-01
3.317037217035508356e-01
3.107299707658000565e-01
3.071970321724437625e-01
3.058878092815456307e-01
3.246542701501956008e-01
3.253060016521490128e-01
3.182242660387925581e-01
3.382429187962951445e-01
3.204164644354994818e-01
3.133160856837600705e-01
3.280462589814708285e-01
3.434715809772975748e-01
3.256252308687957453e-01
3.103438872475417498e-01
3.214814228108243688e-01
3.183572988240161439e-01
3.042271804706623839e-01
2.970372064774154941e-01
3.201927358547010938e-01
3.119186604927241535e-01
3.385507230952630175e-01
3.320155080157377592e-01
3.316594559529474906e-01
3.131747570447261930e-01
3.248289690678332065e-01
3.229726341154045000e-01
3.247248467437261477e-01
3.210788149790934076e-01
3.222686037350810384e-01
3.317855735424417585e-01
3.231985899989983091e-01
3.219703238193915573e-01
3.218665452136271199e-01
3.173980193942532169e-01
3.344156569051996986e-01
3.169982369885122053e-01
3.026008792426416738e-01
3.102610515347992148e-01
3.414128203434247943e-01
3.426269789252974762e-01
3.146399378361133814e-01
3.362337481988529886e-01
3.003253595077197136e-01
3.420632560105369979e-01
3.181840061626632910e-01
3.439512836370511306e-01
3.527474068388143369e-01
3.376660082274172137e-01
3.266788956708742697e-01
3.354319004290914341e-01
3.263310507128464044e-01
3.175408132771018188e-01
3.183281217404963503e-01
3.432082472028666897e-01
3.358787782112593323e-01
3.158124293860551934e-01
3.296445880796581296e-01
3.213468904027047546e-01
3.188174067587223881e-01
3.215869203369534080e-01
3.494077585476836334e-01
3.192366417992572036e-01
3.256810014998597902e-01
3.345163937579693769e-01
3.144315533700756671e-01
3.166910981124368418e-01
