6.169622804572871821e-01
5.491655319638820698e-01
5.261294105454936698e-01
5.105004351849067312e-01
4.981541384376134141e-01
4.875005524871113272e-01
4.779263967130213953e-01
4.695064930502212408e-01
4.620429353871677303e-01
4.550745166124333663e-01
4.486504420004903126e-01
4.427162170864693547e-01
4.372373602132437753e-01
4.320672134385366570e-01
4.271702009329043648e-01
4.225168207028593415e-01
4.181005589433406389e-01
4.138974280794796567e-01
4.099274988382699547e-01
4.061455547821860024e-01
4.025067571112912468e-01
3.989917041633237460e-01
3.956658777850372011e-01
3.924959856928668112e-01
3.894327064885793610e-01
3.865168203233256827e-01
3.836879544661034869e-01
3.809785726107580706e-01
3.783990281538525680e-01
3.759598388945518121e-01
3.736048273762469507e-01
3.713261787022976712e-01
3.691164197732118568e-01
3.669953413538269427e-01
3.649534910931218623e-01
3.629695948156470009e-01
3.610556714725876581e-01
3.591983754587664834e-01
3.574012169056596799e-01
3.556540180986589861e-01
3.539643390058398453e-01
3.523194121668262180e-01
3.507418329802768908e-01
3.492107171728368042e-01
3.477154535432080973e-01
3.462567765367937089e-01
3.448270168059427987e-01
3.434400712164180081e-01
3.420920160999283421e-01
3.407712382800419104e-01
3.394876371892529554e-01
3.382264359845093549e-01
3.369909934429599629e-01
3.357971195212073323e-01
3.346549742225726209e-01
3.335396176183633710e-01
3.324607286489028590e-01
3.314157226155118874e-01
3.303910692647818448e-01
3.293845379634455228e-01
3.283999336255891133e-01
3.274426873797145476e-01
3.265025542711118001e-01
3.255849793933349723e-01
3.246926262697634735e-01
3.238302975506975878e-01
3.229943320735420564e-01
3.221746244500023892e-01
3.213711194253476289e-01
3.205823124168534766e-01
3.198116641795892834e-01
3.190584641250676645e-01
3.183309933749762233e-01
3.176312832880768267e-01
3.169437394894100701e-01
3.162662803187977212e-01
3.155997197472363847e-01
3.149430207496236589e-01
3.142939703533288998e-01
3.136651311173931367e-01
3.130531314762812212e-01
3.124545387645665806e-01
3.118663831523800778e-01
3.112947072616826794e-01
3.107352052114678020e-01
3.101841523080610119e-01
3.096498254662031768e-01
3.091269343271207393e-01
3.086114663336775865e-01
3.081042418303868713e-01
3.076022164901575096e-01
3.071072054334196277e-01
3.066269340571935453e-01
3.061562300408849358e-01
3.056956545538024872e-01
3.052416312040115431e-01
3.047928530349911513e-01
3.043508764603630734e-01
3.039182015781622392e-01
3.034947133438562483e-01
3.030758710255107569e-01
3.026639185809359422e-01
3.022587680477789029e-01
3.018572404472496529e-01
3.014592889769362460e-01
3.010654615074934148e-01
3.006768989617863985e-01
3.002936385113959550e-01
2.999176080329088445e-01
2.995468193291216386e-01
2.991791950130742173e-01
2.988170007167956777e-01
2.984597511614618948e-01
2.981077430082603730e-01
2.977607033382035362e-01
2.974176219064726956e-01
2.970789461431699863e-01
2.967433612497376583e-01
2.964104612591314525e-01
2.960819646817172690e-01
2.957584483270335185e-01
2.954392444941480456e-01
2.951238859108540336e-01
2.948132293189910103e-01
2.945107375495222835e-01
2.942152079095845529e-01
2.939254038613917097e-01
2.936418659940354670e-01
2.933623578604839799e-01
2.930890589139648061e-01
2.928206012043814699e-01
2.925555233535344080e-01
2.922932618708737329e-01
2.920339010169242244e-01
2.917765096131185176e-01
2.915209157464757617e-01
2.912671019098635461e-01
2.910160272646873381e-01
2.907667970675190117e-01
2.905196340565439628e-01
2.902749829237136203e-01
2.900319971294312293e-01
2.897910439780332914e-01
2.895534263626368121e-01
2.893224998863739295e-01
2.890944227082976048e-01
2.888678548507543908e-01
2.886427822477560801e-01
2.884191910079355603e-01
2.881990936829446626e-01
2.879811168572858904e-01
2.877652770757548883e-01
2.875551393091218544e-01
2.873473860133832214e-01
2.871431593140727490e-01
2.869412758810544473e-01
2.867408467914746573e-01
2.865423367084561357e-01
2.863452972052008549e-01
2.861510960039165274e-01
2.859580969462014455e-01
2.857662894287790745e-01
2.855758420238094231e-01
2.853885592123381332e-01
2.852027343790866643e-01
2.850180359447547218e-01
2.848344542657641476e-01
2.846525680416112647e-01
2.844741321104085618e-01
2.842985715011238090e-01
2.841245414289048643e-01
2.839532964381411007e-01
2.837835707242445382e-01
2.836165181850053840e-01
2.834506493481789846e-01
2.832863970365286921e-01
2.831242343331019096e-01
2.829630110830546608e-01
2.828039689177870852e-01
2.826471270681619186e-01
2.824928911590928182e-01
2.823396952050016284e-01
2.821877277370558601e-01
2.820366302644228829e-01
2.818863957415908006e-01
2.817370171990897787e-01
2.815884877423772137e-01
2.814408005507464394e-01
2.812939488762603024e-01
2.811479260427051652e-01
2.810039969176588714e-01
2.808611279648719483e-01
2.807190490082767109e-01
2.805777538918088343e-01
2.804374139592636372e-01
2.802983435076911722e-01
2.801609587519169886e-01
2.800248129374796058e-01
2.798895131851228957e-01
2.797553527869465206e-01
2.796225510552594606e-01
2.794904719026945483e-01
2.793606364803680187e-01
2.792318263854313698e-01
2.791037056337614675e-01
2.789762690298699388e-01
2.788495114301307587e-01
2.787234277420879147e-01
2.785980129237747849e-01
2.784740561446537033e-01
2.783514990275633427e-01
2.782303519074422749e-01
2.781098434953708232e-01
2.779899690445349347e-01
2.778707238545455871e-01
2.777521699995296744e-01
2.776347360612972937e-01
2.775179122093062167e-01
2.774016939836148610e-01
2.772860769669581171e-01
2.771710567842154416e-01
2.770566453209885038e-01
2.769434484733851454e-01
2.768309441458728926e-01
2.767203550948474922e-01
2.766103253944560691e-01
2.765008510742941739e-01
2.763919282005641853e-01
2.762846649888344719e-01
2.761780982380791505e-01
2.760724683382889122e-01
2.759675374657857838e-01
2.758631252625391994e-01
2.757592281372726606e-01
2.756558425310173810e-01
2.755533261160705294e-01
2.754517530664666869e-01
2.753506796397862666e-01
2.752501024143270691e-01
2.751505641002940372e-01
2.750518721013852641e-01
2.749537031231810147e-01
2.748571176024770524e-01
2.747609932007848976e-01
2.746653268864346353e-01
2.745707917446087443e-01
2.744777784828272282e-01
2.743852012217826153e-01
2.742930571443323862e-01
2.742017371695525396e-01
2.741115328589744382e-01
2.740217458449984989e-01
2.739329949372277251e-01
2.738447443662027636e-01
2.737568993518949556e-01
2.736694573395111463e-01
2.735842998899126743e-01
2.735001515931453353e-01
2.734165769266548307e-01
2.733336984510285617e-01
2.732511924825977712e-01
2.731692513455827864e-01
2.730879482663869928e-01
2.730070068930263716e-01
2.729264250452679841e-01
2.728463691989324036e-01
2.727672158824449578e-01
2.726884253963610116e-01
2.726120122068771967e-01
2.725362666030272663e-01
2.724619790577920142e-01
2.723886856133742040e-01
2.723157083122748623e-01
2.722432883908676438e-01
2.721712640866251198e-01
2.720998429151028075e-01
2.720290955200049821e-01
2.719586469862975697e-01
2.718884956065440450e-01
2.718186396851798858e-01
2.717499714307936021e-01
2.716825299456219200e-01
2.716154720776989273e-01
2.715487226360391304e-01
2.714822511108100356e-01
2.714160559495462643e-01
2.713501356100551654e-01
2.712845269648071489e-01
2.712197448398571686e-01
2.711552278447159625e-01
2.710909745309394436e-01
2.710269834594126737e-01
2.709636736624431719e-01
2.709009976894463101e-01
2.708385737092290357e-01
2.707764703355976521e-01
2.707149997688664822e-01
2.706539976547956972e-01
2.705932389189735776e-01
2.705327222532805664e-01
2.704724463579480931e-01
2.704124099415008975e-01
2.703526117206997981e-01
2.702934802689082594e-01
2.702360735532609581e-01
2.701793752708064877e-01
2.701231125294136781e-01
2.700676242085442436e-01
2.700123524324039015e-01
2.699580904891741295e-01
2.699043573351040948e-01
2.698508715949430870e-01
2.697975931515127490e-01
2.697447368787349031e-01
2.696922537574839573e-01
2.696399731484158124e-01
2.695878939658057916e-01
2.695362021047065237e-01
2.694850848549130706e-01
2.694344149258975918e-01
2.693843487190852870e-01
2.693348422522630625e-01
2.692855210277531053e-01
2.692363840781269446e-01
2.691874304422781083e-01
2.691387121812524597e-01
2.690906284729113751e-01
2.690427213525076189e-01
2.689949899200710370e-01
2.689474332812883395e-01
2.689000505474617442e-01
2.688528408354682320e-01
2.688058606003220774e-01
2.687594644704275337e-01
2.687132365814142165e-01
2.686677087631660354e-01
2.686226474123161734e-01
2.685780712281773952e-01
2.685336551077768807e-01
2.684893982438001370e-01
2.684460228995803055e-01
2.684029495499236639e-01
2.683600296717711386e-01
2.683180656589377877e-01
2.682767170201337814e-01
2.682359822713350495e-01
2.681953909632720512e-01
2.681549406195881113e-01
2.681147040532976256e-01
2.680747769166250127e-01
2.680349883566435776e-01
2.679953376864026571e-01
2.679560908201453762e-01
2.679178693552367041e-01
2.678799193432279124e-01
2.678421451193596092e-01
2.678050828803451022e-01
2.677682904894844174e-01
2.677321310803660870e-01
2.676960938449360894e-01
2.676601781851962181e-01
2.676245969945864056e-01
2.675891620102898161e-01
2.675538453038321385e-01
2.675188406219785042e-01
2.674851225986345504e-01
2.674515169928985414e-01
2.674180232605218865e-01
2.673846408606045943e-01
2.673513692555710697e-01
2.673182079111480203e-01
2.672851562963404759e-01
2.672522138834096950e-01
2.672197477748455841e-01
2.671877208140585602e-01
2.671557990989291143e-01
2.671239821196946806e-01
2.670922693698122852e-01
2.670612452844611795e-01
2.670303268124006313e-01
2.669995088725722332e-01
2.669687909824975391e-01
2.669386171371680438e-01
2.669086152044443661e-01
2.668787093971548563e-01
2.668488992600646648e-01
2.668191843407635711e-01
2.667895641896456671e-01
2.667600383598885960e-01
2.667306064074331240e-01
2.667012678909633228e-01
2.666720223718859750e-01
2.666428694143110900e-01
2.666138085850321415e-01
2.665848394535063615e-01
2.665559615918354774e-01
2.665276196410534815e-01
2.664995499590897543e-01
2.664715667805761523e-01
2.664436697108596985e-01
2.664158583576723416e-01
2.663881323311140248e-01
2.663604912436354777e-01
2.663329347100213407e-01
2.663054623473733451e-01
2.662780737750936599e-01
2.662508878188998840e-01
2.662240421845676885e-01
2.661977065860247071e-01
2.661714509323338529e-01
2.661452887369260556e-01
2.661196651386432688e-01
2.660941187098415650e-01
2.660686490981806207e-01
2.660432559534954278e-01
2.660179389277794737e-01
2.659926976751691985e-01
2.659675318519278964e-01
2.659424411164297841e-01
2.659174251291444024e-01
2.658924835526210173e-01
2.658676160514733544e-01
2.658428222923638895e-01
2.658181019439894155e-01
2.657936439463394751e-01
2.657694291871300907e-01
2.657452851231155155e-01
2.657212114384458479e-01
2.656972078192136877e-01
2.656733872208379976e-01
2.656501468428619228e-01
2.656269837025941882e-01
2.656038873530299771e-01
2.655808574966926905e-01
2.655578938379170584e-01
2.655349960828362055e-01
2.655121639393683286e-01
2.654893971172037070e-01
2.654666953277917130e-01
2.654441832258664924e-01
2.654219774232242646e-01
2.653999787377963049e-01
2.653780418382278850e-01
2.653561664551853383e-01
2.653343523209449328e-01
2.653125991693816021e-01
2.652909067359573991e-01
2.652692747577100607e-01
2.652477029732422387e-01
2.652261911227101199e-01
2.652047389478121020e-01
2.651833461917784684e-01
2.651620125993600086e-01
2.651410144969019167e-01
2.651202608717758702e-01
2.650995635950528229e-01
2.650789224290670543e-01
2.650583371375460628e-01
2.650378074856002408e-01
2.650173332397133819e-01
2.649970529266880148e-01
2.649768777176120804e-01
2.649567566671630070e-01
2.649366895466798155e-01
2.649166761288634930e-01
2.648967161877672782e-01
2.648771025608218643e-01
2.648577066623985510e-01
2.648383614049047430e-01
2.648190665795197019e-01
2.647998219786478202e-01
2.647806273959090739e-01
2.647615119257110128e-01
2.647425387279455644e-01
2.647236151533459703e-01
2.647047409971711174e-01
2.646860184929592519e-01
2.646677906488386633e-01
2.646499548302954086e-01
2.646321644098404424e-01
2.646144192057828248e-01
2.645967190374716727e-01
2.645790637252884991e-01
2.645614530906402195e-01
2.645438869559515460e-01
2.645263651446579933e-01
2.645089780083975106e-01
2.644918242843861123e-01
2.644747127955039967e-01
2.644576433783821234e-01
2.644406158705690513e-01
2.644236301105239995e-01
2.644066859376111300e-01
2.643897831920924979e-01
2.643729217151223332e-01
2.643561013487405464e-01
2.643393219358664004e-01
2.643225833202924591e-01
2.643058853466786484e-01
2.642892278605459833e-01
2.642726107082704612e-01
2.642560337370775114e-01
2.642394967950355555e-01
2.642229997310504563e-01
2.642065423948598557e-01
2.641901246370267908e-01
2.641737463089345317e-01
2.641574072627807523e-01
2.641411073515715358e-01
2.641248464291163223e-01
2.641086243500218034e-01
2.640924409696869812e-01
2.640762961442970624e-01
2.640601897308185175e-01
2.640441215869935299e-01
2.640280915713345000e-01
2.640120995431190498e-01
2.639961453623843601e-01
2.639802288899223415e-01
2.639643499872741383e-01
2.639485085167252443e-01
2.639327043413001728e-01
2.639169373247575723e-01
2.639012073315849527e-01
2.638855142269940224e-01
2.638698578769154701e-01
2.638542381479942467e-01
2.638386549075846244e-01
2.638231080237453119e-01
2.638075973652344586e-01
2.637921573792357255e-01
2.637771265725665781e-01
2.637627579583555204e-01
2.637484219420401788e-01
2.637341184071395062e-01
2.637199155392319638e-01
2.637058144536727489e-01
2.636918342346358246e-01
2.636780137591144269e-01
2.636642896970918803e-01
2.636506627014684190e-01
2.636370664255048291e-01
2.636235194761429868e-01
2.636100330882925058e-01
2.635965766645826380e-01
2.635831500997441457e-01
2.635697532890638461e-01
2.635563861283809484e-01
2.635430485140832779e-01
2.635297403431030583e-01
2.635164615129139132e-01
2.635032480748484840e-01
2.634903371263532801e-01
2.634774542334634706e-01
2.634645992988708940e-01
2.634517722257844197e-01
2.634390166647878617e-01
2.634266228585823155e-01
2.634145036026608322e-01
2.634027995623182128e-01
2.633912273773442725e-01
2.633797904542532486e-01
2.633684780679990123e-01
2.633571898645638010e-01
2.633459257591325708e-01
2.633346856673479119e-01
2.633234695053064400e-01
2.633122771895559100e-01
2.633011086370919962e-01
2.632899637653546288e-01
2.632788424922256065e-01
2.632677447360248779e-01
2.632567060422135730e-01
2.632458212146226995e-01
2.632349591362578289e-01
2.632241197283459178e-01
2.632133029125425239e-01
2.632025086109294199e-01
2.631917367460109847e-01
2.631814361752306541e-01
2.631713602791236895e-01
2.631613050219452909e-01
2.631512703323761748e-01
2.631412561394922967e-01
2.631312623727608546e-01
2.631212889620382356e-01
2.631113358375666844e-01
2.631014029299713619e-01
2.630915493637935310e-01
2.630819730786220778e-01
2.630724160165786030e-01
2.630628781124959570e-01
2.630533593015635385e-01
2.630438595193237972e-01
2.630343787016699575e-01
2.630249167848435210e-01
2.630154737054315461e-01
2.630061554206109542e-01
2.629968879714859598e-01
2.629876385341706202e-01
