1.305697266149638436e+00
8.099713617606019156e-01
7.735187645776363530e-01
8.044774204416407226e-01
7.345124789184669378e-01
7.407357427469247746e-01
7.190027223056110195e-01
7.099811956596815410e-01
6.968063450351283938e-01
7.048395069613233588e-01
6.925020986597950623e-01
6.642604586488844998e-01
6.762239584801105208e-01
6.438000782953053891e-01
6.654436452899478160e-01
6.559629851577879478e-01
6.083776425920015551e-01
6.137801063216226094e-01
6.088491596230901637e-01
6.337544875342061568e-01
6.051181746504123993e-01
6.354891935656388213e-01
5.882117205083222666e-01
5.868100181345526911e-01
5.594023375778974794e-01
5.694468982050695516e-01
5.545882308336517186e-01
5.743929768831262939e-01
5.546590406459772638e-01
5.360680139753553064e-01
5.251030965760631330e-01
5.232932597883341863e-01
5.343104600239837465e-01
5.340172845849738836e-01
5.184290364796322326e-01
5.333483953833846325e-01
5.282834779732238362e-01
5.039146730029232524e-01
5.101980983511239520e-01
5.088266427904327704e-01
5.095652902088406710e-01
5.017990493434657528e-01
4.905006041571792208e-01
4.874135339484760299e-01
5.078605287923669831e-01
4.688340819707542684e-01
4.776866130714964576e-01
4.546905721712750093e-01
4.583284533010205108e-01
4.625194233143545275e-01
4.707512986088871476e-01
4.714674022620087279e-01
4.628245707595094460e-01
4.566161009323935760e-01
4.628929520717006141e-01
4.451019630051914477e-01
4.605807577020262777e-01
4.566265271826357997e-01
4.355014549110098332e-01
4.580714090300134766e-01
4.296795555184455551e-01
4.203554323439807616e-01
4.051137320282399701e-01
4.140714184171736534e-01
4.135045089828177645e-01
3.966426289739448663e-01
4.108666074312036787e-01
4.108168739632434008e-01
4.031132544978236476e-01
4.068215474082370608e-01
4.124232208731282712e-01
4.243184111134108427e-01
4.215096791070062632e-01
4.079888323605281863e-01
4.111392814908142457e-01
4.033131193248189472e-01
3.951043216753639120e-01
3.997151406743453261e-01
3.958676849912923235e-01
3.999827815972966105e-01
4.089442686345882705e-01
3.863428019340829911e-01
4.011948481267549882e-01
3.658311149616407798e-01
3.886423891415337617e-01
3.816832341860545985e-01
3.859489259194239241e-01
3.718375605513744020e-01
3.829376688051469579e-01
3.922746368478617351e-01
3.884657479959616744e-01
3.889400138953265640e-01
3.836344820144896861e-01
3.681601978755489890e-01
3.763931303990639687e-01
3.905875702546353634e-01
3.809857647871872643e-01
3.752334847206234558e-01
3.845289669944488842e-01
3.791200593529432950e-01
3.608778203644461002e-01
3.919463540008921165e-01
3.643908048973292790e-01
3.834827664837260341e-01
3.655814896547145421e-01
3.575757869436509973e-01
3.702629501988052851e-01
3.782152186952225659e-01
3.787006588930175166e-01
3.818292499019912967e-01
3.741997992016607433e-01
3.923082311553070523e-01
3.712931735267017141e-01
3.559428147773744389e-01
3.667293201968942484e-01
3.569169375994532545e-01
3.578436208085596371e-01
3.500835704597535791e-01
3.661976340443027222e-01
3.516302410883004326e-01
3.712813604809475643e-01
3.534040866700365324e-01
3.482325500385421990e-01
3.686582575605929502e-01
3.372575253130533079e-01
3.553247798516360745e-01
3.604085339234670560e-01
3.723622234837767886e-01
3.638295836675979888e-01
3.582894103513395989e-01
3.475329472761675143e-01
3.439792444836736740e-01
3.531216329986530678e-01
3.742370115962740940e-01
3.281908513938357475e-01
3.522044001697804405e-01
3.542097886202955070e-01
3.448750742915142053e-01
3.381674876847269862e-01
3.484298981043960075e-01
3.607985204640186683e-01
3.493879569075956648e-01
3.583619259289362313e-01
3.574091408743677589e-01
3.555415082644536873e-01
3.560862304007061385e-01
3.411986519623084746e-01
3.580763413778297322e-01
3.399145427742263914e-01
3.342976026838965220e-01
3.381027807615938907e-01
3.357668770174513928e-01
3.274622897698401536e-01
3.425123373069307586e-01
3.469558078248177746e-01
3.242235254657383492e-01
3.438564269103790427e-01
3.612145224948796751e-01
3.522441072507192517e-01
3.552310958109423655e-01
3.220977577944252879e-01
3.319589228829430416e-01
3.340498021822849717e-01
3.459523521251825495e-01
3.389952559690225242e-01
3.398468419966018117e-01
3.288260051558077324e-01
3.304822115571092178e-01
3.474100995015413917e-01
3.543190017428533012e-01
3.308148736951981306e-01
3.590536107512976582e-01
3.528844485416449683e-01
3.336335418594948976e-01
3.488945436424923385e-01
3.409608329093131163e-01
3.345908302457762384e-01
3.458939578387427716e-01
3.242438735567841901e-01
3.483411616436561942e-01
3.433309072617019009e-01
3.477900150883291297e-01
3.211694177674424000e-01
3.522837328692992043e-01
3.369314750666260183e-01
3.263287889164075972e-01
3.263016387208971802e-01
3.511950682701882598e-01
3.221961364492698099e-01
3.329805243990382468e-01
3.335742387712786750e-01
3.497987803384003391e-01
3.293858020899322891e-01
3.415548265616586421e-01
3.263598290945705638e-01
3.507207223279622532e-01
3.488290665755931497e-01
3.267615308873464963e-01
3.527208097569659029e-01
3.323056469087213305e-01
3.314894906554041176e-01
3.342877966296137759e-01
3.418939052097764719e-01
3.418599071070431705e-01
3.190401761510172629e-01
3.422659993148676194e-01
3.404383319647076300e-01
3.376369671671928807e-01
3.307922333387984803e-01
3.657718406944863165e-01
3.445863549352540245e-01
3.494763363392185962e-01
3.551940441907521784e-01
3.392280131143038946e-01
3.636030558737300966e-01
3.356739461338058006e-01
3.546255693075333060e-01
3.514983943776908148e-01
3.051887253263415589e-01
3.384947685453350008e-01
3.241438891388552235e-01
3.307894131898632684e-01
3.528798905372752537e-01
3.334813196997051810e-01
3.367926424276290742e-01
3.491742770162382659e-01
3.311519740302523163e-01
3.418408931783168958e-01
3.310749690178360627e-01
3.458660934698427614e-01
3.286822297603757548e-01
3.201831401007306233e-01
3.271306050123931053e-01
3.570823542248035554e-01
3.512519069770952407e-01
3.458049899104569391e-01
3.317151565074704656e-01
3.432606371272811652e-01
3.241342768548106656e-01
3.504523151281507265e-01
3.561018622788026389e-01
3.345679885797957498e-01
3.405676493505743196e-01
3.139964741831693940e-01
3.549450167484392016e-01
3.407855549705917642e-01
3.454434829347244329e-01
3.458244742919469039e-01
3.467533791058173276e-01
3.162576493907456321e-01
3.332170888188904501e-01
3.401325036774424659e-01
3.091245411625574424e-01
3.362079393865478605e-01
3.448732950275321119e-01
3.267070371518822625e-01
3.414402197297213282e-01
3.269328203688373624e-01
3.162611045078735361e-01
3.375202603743983065e-01
3.279443749034079425e-01
3.320328435175664006e-01
3.406253015107063020e-01
3.399063876909367843e-01
3.332359311472650742e-01
3.279016612086046445e-01
3.307411711456204606e-01
3.439724485743920757e-01
3.484420355384855728e-01
3.462180836175220988e-01
3.295044582820504941e-01
3.422461954786445437e-01
3.293780401459568408e-01
3.260904442917763046e-01
3.368471828389918987e-01
3.405570256691314857e-01
3.421361116040999573e-01
3.429146272847156118e-01
3.196958271504477533e-01
3.212597263374362688e-01
3.171648889485238487e-01
3.309186602727394733e-01
3.375552603910613181e-01
3.461721155562504371e-01
3.483936453926594345e-01
3.292886344368280427e-01
3.312017926344408281e-01
3.317690425632660589e-01
3.281402104208724912e-01
3.424597452971817058e-01
3.301138469086443150e-01
3.224322989550856278e-01
3.360386451649475803e-01
3.346773908315512358e-01
3.477539268608565437e-01
3.214735815111118833e-01
3.354567484991266557e-01
3.223016158169426659e-01
3.226843642288172442e-01
3.084913826016990601e-01
3.378824146008093665e-01
3.411162425747517046e-01
3.348261817207796032e-01
3.411741914293180966e-01
3.594274903581071712e-01
3.504027400824231142e-01
3.335724083262696649e-01
3.323875227142901179e-01
3.286606328377025266e-01
3.423763242073261659e-01
3.625109798667162098e-01
3.383252690224702319e-01
3.227599763846586978e-01
3.192546158763940323e-01
3.328036095093098723e-01
3.451087936897856978e-01
3.137523797106021028e-01
3.296617418854269621e-01
3.169699891114066692e-01
3.445762333638849872e-01
3.349863966909255586e-01
3.275451025452408294e-01
3.391454028815913402e-01
3.310528417853935701e-01
3.358563504546782097e-01
3.465256818691883622e-01
3.390712353863726825e-01
3.253690934221233899e-01
3.497224093737732464e-01
3.245171553535586284e-01
3.150744162240897706e-01
3.262325888763550896e-01
3.091597053928212824e-01
3.265526919810168849e-01
3.353825363033359763e-01
3.350617332816007710e-01
3.467983688087398209e-01
3.352946367348795809e-01
3.381292793257453244e-01
3.630179474347037250e-01
3.186275369568712934e-01
3.265756843738327198e-01
3.136012149263645021e-01
3.300273094080858893e-01
3.248806620295053849e-01
3.455261715499817754e-01
3.253098016285015381e-01
3.283742881160688354e-01
3.181162911554631934e-01
3.242766230876434341e-01
3.532147882523461457e-01
3.339720952894085770e-01
3.389377517317426758e-01
3.349428782306903551e-01
3.332482483098250792e-01
3.257568733799007243e-01
3.307518530310340488e-01
3.435334882541149493e-01
3.246460864800608248e-01
3.392644339726179070e-01
3.331644126968262842e-01
3.409615754573288582e-01
3.303761390692255273e-01
3.326297863366620144e-01
3.385274637912472628e-01
3.476439719576417953e-01
3.282777375159669497e-01
3.277827043957850517e-01
3.230716993386702485e-01
3.303524266594429215e-01
3.297137380351872760e-01
3.221668107830426564e-01
3.108959669127600023e-01
3.460384134638551101e-01
3.309232355289590255e-01
3.367586772044539600e-01
3.342860391930917996e-01
3.439049790477199386e-01
3.365305073063814545e-01
3.067603850240443464e-01
3.303440922571336258e-01
3.281613995334393685e-01
3.427306779509554091e-01
3.235016750392615270e-01
3.125135809029975786e-01
3.381441272255449326e-01
3.463648804090351807e-01
3.407952786470904161e-01
3.468284442436737058e-01
3.181410476395765130e-01
3.329947283711931494e-01
3.390273258034409154e-01
3.386462581689120843e-01
3.402763478845268752e-01
3.366961820174023678e-01
3.239743537721791466e-01
3.169275318286504661e-01
3.317178626517590656e-01
3.205465671612822698e-01
3.341161876540073017e-01
3.299968106530941636e-01
3.398472484599378562e-01
3.301257927793160296e-01
3.231801072874466163e-01
3.340767573388319645e-01
3.329550121587144251e-01
3.242805499530601043e-01
3.152237974451410074e-01
3.302055184176870273e-01
3.295064960222612860e-01
3.118509679018336977e-01
3.191784995473286313e-01
3.237482274361027645e-01
3.275635076677744228e-01
3.411120339900660658e-01
3.227177841114025614e-01
3.213686299818070968e-01
3.265231279842699674e-01
3.177376923804022257e-01
3.224478517852882309e-01
3.321156960640238576e-01
3.212095280811047004e-01
3.095327837933612436e-01
3.411661822626503304e-01
3.257876315063208406e-01
3.489369915986847981e-01
3.120197792356590449e-01
3.672533992603375097e-01
3.380851056669417209e-01
3.390366932768010266e-01
3.280771768645771025e-01
3.352428435292748587e-01
3.231758257694720138e-01
3.344796859853750304e-01
3.194303319734830282e-01
3.461761383474187270e-01
3.170273919979613719e-01
3.483294846107403142e-01
3.499965699677612951e-01
3.473714260650787033e-01
3.489925402905322271e-01
3.375468690329006538e-01
3.358463051888024298e-01
3.489265010099484310e-01
3.348971710945707891e-01
3.274568852827854371e-01
3.332377080895627119e-01
3.343778725800589657e-01
3.393487614154835352e-01
3.169229446410333773e-01
3.404177722424501229e-01
3.270202436699816140e-01
3.300074478083779295e-01
3.454047464952459401e-01
3.221847876265834798e-01
3.343319298236764880e-01
3.348952246425567214e-01
3.348643395896565012e-01
3.413749707496191443e-01
3.337377678508517409e-01
3.366542906674503954e-01
3.268629310270044219e-01
3.310037918262047074e-01
3.225222408066720781e-01
3.409555821247051144e-01
3.335006142004916518e-01
3.392510560475171522e-01
3.301099192683511485e-01
3.465700079850037585e-01
3.321292519979493485e-01
3.330918925175582745e-01
3.278367195046111848e-01
3.348449974525239403e-01
3.220937621947306817e-01
3.333532443835712233e-01
3.322321086272723156e-01
3.344768927955735216e-01
3.238084766817031501e-01
3.560010055340069868e-01
3.203997981852473864e-01
3.431139277973037083e-01
3.372525232896209091e-01
3.378425119278942179e-01
3.408875727465413563e-01
3.359421250860047392e-01
3.406747740439634575e-01
3.214027670907925183e-01
3.307396931257141626e-01
3.311710725715366066e-01
3.281866884666045925e-01
3.206793006277769420e-01
3.235571922549457802e-01
3.307953996127557805e-01
3.164712737370808937e-01
3.351743883250782319e-01
3.389234953709780451e-01
3.335599456935889884e-01
3.434455787819464256e-01
3.442303700670716893e-01
3.089199860740782233e-01
3.463093602433390261e-01
3.191022695521545938e-01
3.438111333797471136e-01
3.416919752786655717e-01
3.391317451847567499e-01
3.158836065240995250e-01
3.208997039253221328e-01
3.178278654012202664e-01
3.413981960885117406e-01
3.233226864509622933e-01
3.222772800659619574e-01
3.287777861449693306e-01
3.198919618087490147e-01
3.436305243027800715e-01
3.374668938670994378e-01
3.193086950171652449e-01
3.218782431383736542e-01
3.388679469364569985e-01
3.416807279047950896e-01
3.351950612269123941e-01
3.467376478995482514e-01
3.279661569305561963e-01
3.298310118760758858e-01
3.331590941006996043e-01
3.328139848387569044e-01
3.362948270129586525e-01
3.294181932537310065e-01
3.309433504253774250e-01
3.188172875721848598e-01
3.152554903797916142e-01
3.497306618931664279e-01
3.258355389321467288e-01
3.337583369898741159e-01
3.228027272529043201e-01
3.260335255834129198e-01
3.266959023075714508e-01
3.303459390778621940e-01
3.344389808128535035e-01
3.315746658836349336e-01
3.358842234862760567e-01
3.375498562675877667e-01
3.234005008918596213e-01
3.336389390645995157e-01
3.245072397623432470e-01
3.350075694334514465e-01
3.239896126238224205e-01
3.262581268823348535e-01
3.363084096048978844e-01
3.341246826127131087e-01
3.283915613327351712e-01
3.210028818726342603e-01
3.352547576332982615e-01
3.111668946541402692e-01
3.284063860447115624e-01
3.162306022589252974e-01
3.388898053742033789e-01
3.361422803649906643e-01
3.197618890652394463e-01
3.309633167906504969e-01
3.492887809407825839e-01
3.260552544046417811e-01
3.518683207678773295e-01
3.165806795291906672e-01
3.497702206351475662e-01
3.092029020178740373e-01
3.432303440139328199e-01
3.332463208381791220e-01
3.394474494476245052e-01
3.514508571006909610e-01
3.258482619139933534e-01
3.427250129490488351e-01
3.251353832533358523e-01
3.147168063839147489e-01
3.543448457862943823e-01
3.305522303428740649e-01
3.274967931691932788e-01
3.198024371850426983e-01
3.360399207303918501e-01
3.275777597273330510e-01
3.240642376063974095e-01
3.430375595256252019e-01
3.344041143587888620e-01
3.242565585954042540e-01
3.299664310865652039e-01
3.348616317983204582e-01
3.302818854323282260e-01
3.262848070188774097e-01
3.264190399649350982e-01
3.187583523476156810e-01
3.218666852002163292e-01
3.361114263428235382e-01
3.345166815206578326e-01
3.090071625715484771e-01
3.337383788170881216e-01
3.237577367029874642e-01
3.551791689038970024e-01
3.243283557870394462e-01
3.330503110242295506e-01
3.251788203253753173e-01
3.308923760354588461e-01
