4.389617436802407124e-01
3.845383364873211640e-01
3.637660661124262340e-01
3.708775979756762098e-01
3.530094269406836016e-01
3.534610944585582781e-01
3.360254861425572281e-01
3.281590148123131878e-01
3.445839884223644289e-01
3.367980768152525339e-01
3.371373492125405713e-01
3.383425820721620014e-01
3.377796987554709252e-01
3.348729469613808685e-01
3.450953437507874311e-01
3.455492072280088589e-01
3.469755569265345896e-01
3.406981407233067305e-01
3.393646091026986666e-01
3.424401494977552529e-01
3.568114344859851239e-01
3.453420803103309233e-01
3.497953261955689674e-01
3.288531199421068640e-01
3.238391545018399764e-01
3.383705158233469845e-01
3.281636589782734315e-01
3.331593031478699563e-01
3.307134880209193217e-01
3.300107326307266664e-01
3.379022189487943528e-01
3.415596561217296712e-01
3.369331357334227617e-01
3.439570971786248821e-01
3.235670436124966631e-01
3.227476513449933360e-01
3.313126038307706023e-01
3.359134122012540913e-01
3.440298885483962787e-01
3.291857762973082191e-01
3.257394419130378860e-01
3.267291411357630126e-01
3.385003208479046566e-01
3.361322055826690414e-01
3.249609657345180480e-01
3.338557323861780501e-01
3.264703527006619921e-01
3.393275726072568776e-01
3.276464270168038539e-01
3.317739326319437132e-01
3.301809639093547522e-01
3.221169593707711165e-01
3.298115853565521949e-01
3.372639443093226053e-01
3.206961211827293878e-01
3.314734982634257032e-01
3.355977175820376579e-01
3.471355817036295144e-01
3.193600978563412296e-01
3.254820434661072071e-01
3.398186276278763462e-01
3.021753827427475225e-01
3.154214283910752870e-01
3.504841391146035212e-01
3.436152420860277279e-01
3.378623749878981730e-01
3.126152749940874220e-01
3.174829780398454315e-01
3.158817484871841996e-01
3.369601135882441256e-01
3.268997873006980748e-01
3.179379530244155205e-01
3.416812406283102899e-01
3.221670242807893603e-01
3.328271648193747434e-01
3.413837996195855373e-01
3.364785775894870712e-01
3.297749295263207037e-01
3.240287794488561079e-01
3.288021852935449907e-01
3.307954701156183841e-01
3.127158198465942451e-01
3.359192860608289921e-01
3.161678986036837724e-01
3.365299439894134381e-01
3.340339298198125584e-01
3.310152949083512430e-01
3.146645434340582526e-01
3.355716421264090532e-01
3.323837971205849673e-01
3.362254483321043819e-01
3.387921946684413488e-01
3.363491163016808505e-01
3.365866396193640808e-01
3.394817380699557408e-01
3.198901603741055588e-01
3.391188786804951727e-01
3.415871746121693087e-01
3.224771463729680931e-01
3.339888386682215993e-01
3.308796156224672047e-01
3.206256113261126139e-01
3.367698790975034440e-01
3.403517153576142151e-01
3.289357726120552550e-01
3.213324340962402381e-01
3.252106545898724166e-01
3.272383339818002446e-01
3.211376511962902303e-01
3.276725282698384478e-01
3.257842814659011044e-01
3.325278055220395879e-01
3.440472414629183184e-01
3.375976196613994507e-01
3.231122535595351009e-01
3.289728074930950985e-01
3.333469876866368420e-01
3.281961253753502561e-01
3.365504403584697601e-01
3.372359627317323416e-01
3.258987795468272775e-01
3.229783664039008184e-01
3.222686173401333454e-01
3.287201160234799469e-01
3.398780075120257371e-01
3.168632782070598397e-01
3.440248480858309477e-01
3.427411195982711378e-01
3.298631709552943270e-01
3.301469050014294582e-01
3.247864553698117662e-01
3.425342298423708631e-01
3.271305702967615692e-01
3.419148449007611834e-01
3.362116593374563367e-01
3.232252166068844135e-01
3.162634243288893754e-01
3.363069685746459814e-01
3.314069761021095628e-01
3.148593455829989951e-01
3.378879597399270240e-01
3.329714622703734972e-01
3.387400972628180629e-01
3.156390509259455746e-01
3.401761237715695274e-01
3.286598109035160920e-01
3.242491257664084636e-01
3.301233849304112677e-01
3.312091166721483626e-01
3.398936945229628082e-01
3.297832106346985648e-01
3.350149477618982741e-01
3.286823437139548831e-01
3.379166679348875046e-01
3.239860047404889420e-01
3.301926529202381388e-01
3.381348876368761025e-01
3.279204971858936113e-01
3.238931394640555683e-01
3.229106947278650996e-01
3.292618017471643510e-01
3.150664164149317714e-01
3.310387121993582094e-01
3.237933096132836197e-01
3.310503414595218907e-01
3.287174912405486094e-01
3.151414548760491097e-01
3.307070336038566150e-01
3.124424162248467529e-01
3.322553792261632166e-01
3.285580286378745885e-01
3.359017063329585162e-01
3.291118474712692588e-01
3.261448735966864798e-01
3.365296995924562662e-01
3.306657790702275945e-01
3.312067828579785544e-01
3.119101648774908475e-01
3.222491685071239287e-01
3.185411375125148381e-01
3.243857562143466211e-01
3.316692235757527918e-01
3.483805829516670727e-01
3.246255850330931891e-01
3.280400397164860427e-01
3.220330317378385376e-01
3.200127409089181807e-01
3.327962797822986984e-01
3.228706523686333818e-01
3.350480004929025646e-01
3.401581958375564652e-01
3.169159249534944656e-01
3.258015897341682843e-01
3.216963651003431068e-01
3.222325021683248303e-01
3.369339161360868085e-01
3.242558619059565106e-01
3.195138731654525999e-01
3.203855753521185346e-01
3.276935209691458906e-01
3.339921036607835236e-01
3.331845853297464854e-01
3.396297460574684290e-01
3.242425909907021842e-01
3.245412347155884891e-01
3.251231342809777214e-01
3.357895900769932718e-01
3.185724370951517614e-01
3.283253150599366732e-01
3.316002030408127244e-01
3.239394594650353842e-01
3.236545437479900755e-01
3.252481244336826727e-01
3.235643739754595627e-01
3.300767263199820833e-01
3.232845359967255194e-01
3.215092221904602421e-01
3.425047950315771028e-01
3.305703566395747917e-01
3.126503854617735945e-01
3.276097587449263160e-01
3.205226476305733097e-01
3.348271506995742497e-01
3.293797934599425603e-01
3.149931370786553386e-01
3.249452038085778316e-01
3.399264196513699376e-01
3.190865551988700810e-01
3.332643757349656455e-01
3.305189469228780319e-01
3.261453163896586571e-01
3.264779005323644734e-01
3.252548303110351924e-01
3.222939391906150530e-01
3.249808895453087931e-01
3.238561888213066231e-01
3.402603855451035164e-01
3.225412619547126103e-01
3.348254452674969128e-01
3.142697772231789477e-01
3.227569123311858634e-01
3.278832198792784314e-01
3.269776866811412996e-01
3.307957734298855867e-01
3.318025188113621904e-01
3.309763090951556297e-01
3.166788175982008791e-01
3.259639000761313521e-01
3.300249724388421013e-01
3.116454765764750667e-01
3.313932717485758017e-01
3.420798204018332678e-01
3.217727488970997252e-01
3.279580545839606009e-01
3.446594223053021655e-01
3.282092208440161030e-01
3.105264098443156207e-01
3.289961771000099455e-01
3.379057851690663306e-01
3.278485150195881714e-01
3.255294283530336674e-01
3.312784722103042090e-01
3.361248750275665498e-01
3.296907663067360494e-01
3.157289390410883967e-01
3.199183580100478097e-01
3.249277233886687100e-01
3.240550097016964282e-01
3.358618603741314046e-01
3.352547291082240144e-01
3.254951975411379261e-01
3.027386218323234179e-01
3.285554857008158858e-01
3.078932024905071119e-01
3.275558722734045469e-01
3.274108184985076719e-01
3.261813929408749479e-01
3.134319001349670786e-01
3.249670548904666223e-01
3.265675572684165751e-01
3.308371044948354434e-01
3.253004481759378397e-01
3.414511641349756710e-01
3.186529814405824612e-01
3.270823739160655386e-01
3.269028196700837774e-01
3.254449749707101769e-01
3.245873332488623531e-01
3.174175609852977753e-01
3.165691151197939091e-01
3.358018072065204196e-01
3.167087934834740270e-01
3.319994810876267244e-01
3.288841624043882805e-01
3.289838101119383906e-01
3.415932169571720411e-01
3.276746030356670336e-01
3.155102020970151355e-01
3.168949269615700115e-01
3.356841142569988445e-01
3.244392021091327405e-01
3.205377603684782528e-01
3.300748095064726106e-01
3.434619275305699215e-01
3.261536967999335568e-01
3.141590902017854514e-01
3.264167024170891440e-01
3.202952502177912053e-01
3.398648971044104794e-01
3.097754543899677859e-01
3.343990547029275784e-01
3.347085749886622441e-01
3.258647755935495938e-01
3.121788020317471379e-01
3.264620233417048767e-01
3.187493192787831942e-01
3.305868361819855328e-01
3.315942500254036585e-01
3.367902591595925421e-01
3.186653545028342860e-01
3.481051806683785887e-01
3.250656003951485351e-01
3.319841737722302732e-01
3.181031954276531404e-01
3.228614612432469388e-01
3.304998298808820012e-01
3.256210451796214822e-01
3.129377887266585612e-01
3.225244025255700753e-01
3.261034224320975006e-01
3.285591158408259216e-01
3.284326514215311077e-01
3.503128125740331833e-01
3.136422532121727613e-01
3.354268949592324467e-01
3.287675580624092597e-01
3.266369911031222206e-01
3.297256133965589808e-01
3.307001548675750913e-01
3.459844217597469740e-01
3.425084480836676493e-01
3.287528114740138618e-01
3.248091254255027760e-01
3.130474512662400066e-01
3.358501835350308773e-01
3.237191891789937270e-01
3.185943679111288840e-01
3.420343414113277691e-01
3.350544355966698640e-01
3.175175196651317533e-01
3.360691522714616686e-01
3.332640369044567730e-01
3.263365908554003991e-01
3.413742781817009631e-01
3.168338386787593608e-01
3.196280187906452852e-01
3.261072561028961481e-01
3.274467935483252878e-01
3.354554184827652219e-01
3.330790476209308237e-01
3.227364579217658069e-01
3.412026915352991963e-01
3.157855532040423907e-01
3.222358357878034596e-01
3.176594383781486397e-01
3.233089015072641015e-01
3.257488569129353695e-01
3.332003705207334243e-01
3.316374922530742619e-01
3.390923195723576922e-01
3.366461627886302432e-01
3.378871171848472632e-01
3.251944028697322242e-01
3.449024100501143497e-01
3.229940297471568522e-01
3.202545237932017952e-01
3.321657492884166896e-01
3.333423904433656659e-01
3.212853527670329057e-01
3.168324229184663055e-01
3.236975537180406537e-01
3.204035158289044172e-01
3.209459242877037433e-01
3.295955975969995233e-01
3.242520976303799318e-01
3.323823907154549451e-01
3.180007694478075853e-01
3.335181564015283207e-01
3.208421425668372406e-01
3.276807465099361716e-01
3.439062077555422037e-01
3.460292243279101121e-01
3.281503831578391761e-01
3.250993549345206346e-01
3.321210101566708928e-01
3.322263095557727031e-01
3.199961697483996170e-01
3.255587523478852274e-01
3.307966148126028072e-01
3.239961281275892668e-01
3.229443325472803883e-01
3.322311647087308750e-01
3.284154130118978610e-01
3.197328380588850272e-01
3.201317781784973060e-01
3.206641512605575839e-01
3.396420879092649781e-01
3.313030027923447030e-01
3.432605778491323312e-01
3.117041586855285318e-01
3.389454199839713189e-01
3.213937350782466451e-01
3.262948931461884805e-01
3.394883530395795823e-01
3.257094483040081645e-01
3.283188196329510089e-01
3.246574521327756924e-01
3.292423900147686822e-01
3.310986828933469295e-01
3.436939886877787287e-01
3.211096524979275002e-01
3.224077798970877429e-01
3.348961321299460669e-01
3.160802763762042833e-01
3.245040555081156741e-01
3.383532642523070511e-01
3.261618378238498317e-01
3.366342636480791906e-01
3.112621868031072991e-01
3.282499030240840776e-01
3.334009686243364357e-01
3.282916035974520752e-01
3.298503136556298343e-01
3.302192918759676021e-01
3.253250751717011169e-01
3.238592551421730636e-01
3.224182008905743246e-01
3.215566253640886885e-01
3.344454479001068292e-01
3.306891014323672939e-01
3.250874909411791691e-01
3.357203154543409451e-01
3.175705458652134938e-01
3.342310822714814056e-01
3.252025315385542736e-01
3.300894824793671467e-01
3.285723900893842697e-01
3.180589077674486620e-01
3.140302729742921461e-01
3.274905576793645245e-01
3.446433059648410513e-01
3.246516370490493131e-01
3.265331316358131009e-01
3.243747910094295084e-01
3.163599959554231345e-01
3.405343363322092531e-01
3.341618096636150836e-01
3.441160907960981730e-01
3.293857039627786643e-01
3.171880714557240855e-01
3.324514855629598920e-01
3.326616051562218956e-01
3.184280390430966889e-01
3.254990344035683103e-01
3.281217606464827963e-01
3.274033129377708073e-01
3.213468856640275817e-01
3.243237579551701555e-01
3.260102977298126592e-01
3.309382435505421882e-01
3.250546183437601488e-01
3.322894934406936951e-01
3.334980779314030697e-01
3.277759509542681471e-01
3.172693286427978876e-01
3.376950658086191326e-01
3.305510575705910004e-01
3.233919853893398866e-01
3.079230547642163307e-01
3.469115038991432698e-01
3.256090966559395672e-01
3.374752221534744190e-01
3.230349101223450869e-01
3.231586865905258232e-01
3.502573699135090313e-01
3.220575054226016420e-01
3.159300688324217510e-01
3.246129037783395677e-01
3.347380854504662384e-01
3.304481545636105966e-01
3.466431913576600299e-01
3.217744282271614020e-01
3.278002283372784542e-01
3.305012385146491871e-01
3.199281186720503989e-01
3.451342995147002601e-01
3.209986669738009724e-01
3.372451796825913228e-01
3.288461498211810996e-01
3.326993324320104417e-01
3.196215520769453700e-01
3.143737094512280561e-01
3.189356169469215185e-01
3.280797077397341055e-01
3.306327845532038290e-01
3.284488745219929506e-01
3.351452302353238322e-01
3.242690696288086927e-01
3.299194630169497988e-01
3.321039345723036385e-01
3.369049950165434737e-01
3.180836517218851855e-01
3.147143018855478314e-01
3.355402624147048041e-01
3.211555290351290060e-01
3.288663295724114088e-01
3.085240124606720702e-01
3.209161530788579020e-01
3.235662848186323104e-01
3.466504265464006584e-01
3.158110272581799438e-01
3.303269713896007653e-01
3.209709597596834829e-01
3.293815031648834046e-01
3.224614971801151309e-01
3.205875026750239498e-01
3.165556433014507509e-01
3.278949853226543198e-01
3.161852020254865003e-01
3.372576700854834075e-01
3.329937884511478541e-01
3.334875787318445917e-01
3.298932445331128060e-01
3.415556112448351334e-01
3.391754269467267546e-01
3.366380568712895038e-01
3.235111241704491936e-01
3.382905069015950672e-01
3.247664715547136094e-01
3.241969631137781027e-01
3.234341299143632664e-01
3.216867769390424625e-01
3.352591346368640757e-01
3.197219476786483106e-01
3.289040397554202633e-01
3.162984540699314562e-01
3.259310179557874387e-01
3.373096031773428760e-01
3.220217832814174508e-01
3.293314034785740363e-01
3.265355163926869642e-01
3.247595590729653869e-01
3.213229004361749519e-01
3.269657786447711656e-01
3.171768109739317998e-01
3.153405401764391436e-01
3.265478689577510640e-01
3.293468245419621798e-01
3.290600265386957601e-01
3.204247423662188177e-01
3.311199954444324356e-01
3.372210237490666507e-01
3.365575479118160240e-01
3.173672618978586324e-01
3.274397013189389583e-01
3.232027259967731325e-01
3.181159181244370693e-01
3.308829067102094235e-01
3.287886515481419081e-01
3.247411751741032804e-01
3.295512703473099658e-01
3.248588169410093207e-01
3.149681084188200586e-01
3.211755416154520315e-01
3.192712953271908405e-01
3.198784512520788104e-01
3.246292427738406983e-01
3.151782809793282625e-01
3.248812385680873716e-01
3.173875245171198234e-01
3.311580503320019075e-01
3.326830925323835397e-01
3.225028984792950859e-01
3.347999470540272693e-01
3.311547652174508527e-01
3.178326641095936544e-01
3.227082580237143339e-01
3.170948745600595253e-01
3.449675982969614418e-01
3.226334701475078170e-01
3.249741606453168119e-01
3.215756093843807895e-01
3.256123563541039601e-01
3.443449933975750721e-01
3.275188028092357873e-01
3.197569029426047260e-01
3.105653012719931660e-01
3.174315754317516558e-01
3.124054114678386229e-01
3.167859606151096075e-01
