8.905654240275425737e-01
3.247729889354763477e-01
3.140245681957138935e-01
3.051866652653157930e-01
2.975150166599158097e-01
2.908983956965888740e-01
2.849129089891787037e-01
2.796582151887781476e-01
2.748897050606793346e-01
2.704443113391221676e-01
2.663321419742679108e-01
2.625672294171474408e-01
2.590209671378400635e-01
2.557697030000954941e-01
2.527236478497666972e-01
2.498221907409751141e-01
2.470291330790200801e-01
2.443523200039371956e-01
2.418029687645774084e-01
2.393548780215827287e-01
2.369900277286441093e-01
2.347112235959693816e-01
2.325368657935980021e-01
2.304437311759871265e-01
2.284225302694596060e-01
2.264605367740350761e-01
2.245584398178180896e-01
2.227262879694016651e-01
2.209581472900417898e-01
2.192595307497631485e-01
2.176071377028567233e-01
2.159932417570676610e-01
2.144180475152621390e-01
2.128814695352094222e-01
2.113831260998521311e-01
2.099257578273705238e-01
2.085113753139689052e-01
2.071281170726702314e-01
2.057796071491034828e-01
2.044607985625895297e-01
2.031760362950111587e-01
2.019307383704366521e-01
2.007163644680013126e-01
1.995300270172279400e-01
1.983856384772751114e-01
1.972675505696558085e-01
1.961814264933954555e-01
1.951175323084395341e-01
1.940762138124345892e-01
1.930563536610679365e-01
1.920644396637887497e-01
1.910907067612119536e-01
1.901340051322073510e-01
1.891904819619699973e-01
1.882593352603299519e-01
1.873450860215718772e-01
1.864432616938354326e-01
1.855554958045987912e-01
1.846840692677765572e-01
1.838303535469728855e-01
1.829884688872287224e-01
1.821612957444838088e-01
1.813467073519867689e-01
1.805466567336596606e-01
1.797573913143891977e-01
1.789805517480364261e-01
1.782174467521761563e-01
1.774712695337123669e-01
1.767437607716179082e-01
1.760273758792291476e-01
1.753214184628941741e-01
1.746259995351882588e-01
1.739429752720481059e-01
1.732756074028042881e-01
1.726222034528464566e-01
1.719859641716109389e-01
1.713581951243707546e-01
1.707366770280257240e-01
1.701232845144146355e-01
1.695222868983990439e-01
1.689279669826288799e-01
1.683395101116329506e-01
1.677579605810913810e-01
1.671833120144504137e-01
1.666169122701474381e-01
1.660613645373849590e-01
1.655147083621895110e-01
1.649748266460042134e-01
1.644433087546514904e-01
1.639237334572934413e-01
1.634103614480127975e-01
1.629023787385740774e-01
1.623988455289353261e-01
1.618997042727594315e-01
1.614066794274326977e-01
1.609235757630372021e-01
1.604454313795575238e-01
1.599725137007079467e-01
1.595103455074318444e-01
1.590523983706151889e-01
1.585981460849016922e-01
1.581475450664167337e-01
1.577049185857973823e-01
1.572661587409283357e-01
1.568310742616071951e-01
1.563998193032066220e-01
1.559727906427543775e-01
1.555504935939725775e-01
1.551314818336823609e-01
1.547175724083186821e-01
1.543100131123680829e-01
1.539073825796776762e-01
1.535100512465996381e-01
1.531192371058859858e-01
1.527319638135371249e-01
1.523483323482427709e-01
1.519676892752788444e-01
1.515899145102092282e-01
1.512148897714862550e-01
1.508425853649321691e-01
1.504735860302165995e-01
1.501073703285951688e-01
1.497445966194256017e-01
1.493849501123578338e-01
1.490310191754926072e-01
1.486797901577517067e-01
1.483315617351766424e-01
1.479871358845424589e-01
1.476462040169196632e-01
1.473076270916523489e-01
1.469713806090759411e-01
1.466374404170772972e-01
1.463057827046999326e-01
1.459771780186143175e-01
1.456508130773009335e-01
1.453290087780468309e-01
1.450119151993046751e-01
1.446978078277577351e-01
1.443860273256110383e-01
1.440763484493586544e-01
1.437725830988322018e-01
1.434712876554480321e-01
1.431719377874423049e-01
1.428745147771936508e-01
1.425793621379375653e-01
1.422867978736499783e-01
1.419963633721847696e-01
1.417078865716369374e-01
1.414217528276162372e-01
1.411389481398240553e-01
1.408585266338331643e-01
1.405811832649015714e-01
1.403055627614278322e-01
1.400316342211348486e-01
1.397596511497553873e-01
1.394909636704901035e-01
1.392239020960651941e-01
1.389585339107128892e-01
1.386949382360931626e-01
1.384329141657152928e-01
1.381741633943904257e-01
1.379174904440458871e-01
1.376635715864645559e-01
1.374137547862423758e-01
1.371675543008918086e-01
1.369232095160554108e-01
1.366802559209695511e-01
1.364386813482850180e-01
1.361984737804919354e-01
1.359596213474144610e-01
1.357221123237593863e-01
1.354870196405199012e-01
1.352553532555290927e-01
1.350256186253258051e-01
1.347972018785353332e-01
1.345713662484055162e-01
1.343478251183087002e-01
1.341283698576626882e-01
1.339104610834583875e-01
1.336948929340870396e-01
1.334808160766327023e-01
1.332678571813164237e-01
1.330560071878090500e-01
1.328452571402991000e-01
1.326371354630846988e-01
1.324303874239950718e-01
1.322247108623939849e-01
1.320200970858861067e-01
1.318165375019497987e-01
1.316140236163867716e-01
1.314125470318018851e-01
1.312120994461139500e-01
1.310130927953749025e-01
1.308161393009344975e-01
1.306204239491942642e-01
1.304256872160589331e-01
1.302319215284289400e-01
1.300391193951513924e-01
1.298483612378385221e-01
1.296592899909534968e-01
1.294711480106444657e-01
1.292842255310673316e-01
1.290984597742654838e-01
1.289136476863908809e-01
1.287298676303973710e-01
1.285469787426748722e-01
1.283649742998713983e-01
1.281839501757766064e-01
1.280050644590725595e-01
1.278270305606533375e-01
1.276498421513616865e-01
1.274734929678708051e-01
1.272980722502256579e-01
1.271235339421465105e-01
1.269498156774264142e-01
1.267769114520982954e-01
1.266048153236522811e-01
1.264335443654334978e-01
1.262630724281662842e-01
1.260936558389831319e-01
1.259258721150576521e-01
1.257603872895872998e-01
1.255972243147160661e-01
1.254353992015360963e-01
1.252744856950624985e-01
1.251142909333231579e-01
1.249548098503391602e-01
1.247960374302450326e-01
1.246379687066325598e-01
1.244816831424741949e-01
1.243283061635119952e-01
1.241755895715638963e-01
1.240235288434744371e-01
1.238721195002174952e-01
1.237213654692132653e-01
1.235712814590371328e-01
1.234218355946523071e-01
1.232730235662615054e-01
1.231249321117046658e-01
1.229778737356095886e-01
1.228315613914220256e-01
1.226869209439143821e-01
1.225433640476369102e-01
1.224005987630243514e-01
1.222584238061382028e-01
1.221168353264322909e-01
1.219758295087841060e-01
1.218354025730508661e-01
1.216955507736337816e-01
1.215562703990490240e-01
1.214177512756654670e-01
1.212803981593169461e-01
1.211436013983962223e-01
1.210073574323942691e-01
1.208734722425450769e-01
1.207402123409236222e-01
1.206074788053647096e-01
1.204752683489352522e-01
1.203435777137680657e-01
1.202124036707073462e-01
1.200817516413463792e-01
1.199533161002686033e-01
1.198257553274210685e-01
1.196996068654230527e-01
1.195743161523220438e-01
1.194498998639781373e-01
1.193259429670568417e-01
1.192024427867785369e-01
1.190793966702546752e-01
1.189568019862427689e-01
1.188346561249051109e-01
1.187131949942171055e-01
1.185922938664454723e-01
1.184724224732039977e-01
1.183535628616953078e-01
1.182351558617095316e-01
1.181171741366265349e-01
1.179996152548970917e-01
1.178826499640868303e-01
1.177662335186163284e-01
1.176502315131908311e-01
1.175346415974596881e-01
1.174194614398519354e-01
1.173046887273729577e-01
1.171903211654039545e-01
1.170763564775041954e-01
1.169632519739502857e-01
1.168508357204822989e-01
1.167388134701116270e-01
1.166271830148482291e-01
1.165159421641170506e-01
1.164055955065869119e-01
1.162957388673339088e-01
1.161862629179605116e-01
1.160773734292212672e-01
1.159690191952866128e-01
1.158610351989808607e-01
1.157534194229146995e-01
1.156461698651373438e-01
1.155395517869993866e-01
1.154334851724046485e-01
1.153281941493616292e-01
1.152232572066153871e-01
1.151186710546446695e-01
1.150144338357996371e-01
1.149105437060859436e-01
1.148073161638383383e-01
1.147046026328251839e-01
1.146030209641442088e-01
1.145020129251348023e-01
1.144017295672580814e-01
1.143028079830472471e-01
1.142046016245291257e-01
1.141073716437647351e-01
1.140112501448863752e-01
1.139154248694982663e-01
1.138198943733742530e-01
1.137247984197101158e-01
1.136304661113815700e-01
1.135364204361344331e-01
1.134426600210851205e-01
1.133491835025277061e-01
1.132559895258499066e-01
1.131630767454500641e-01
1.130704438246551147e-01
1.129780894356399723e-01
1.128860122593474402e-01
1.127942109854091629e-01
1.127026843120680077e-01
1.126114309461010432e-01
1.125204496027432943e-01
1.124297390056129553e-01
1.123393504352825506e-01
1.122496230810282741e-01
1.121602015046833239e-01
1.120712744023515117e-01
1.119826052986804682e-01
1.118941930069383417e-01
1.118060363481085673e-01
1.117183043017265232e-01
1.116308346752538233e-01
1.115436157730791134e-01
1.114566464715951860e-01
1.113699256541606092e-01
1.112834522110410507e-01
1.111972250393512551e-01
1.111112430429973541e-01
1.110255051326203279e-01
1.109400102255399811e-01
1.108547572456992092e-01
1.107700331320734810e-01
1.106855904728179935e-01
1.106013848415375450e-01
1.105174151989613690e-01
1.104337399597970504e-01
1.103504645580970223e-01
1.102676978131199026e-01
1.101852897131049419e-01
1.101031100513544386e-01
1.100211578306818511e-01
1.099399162355107068e-01
1.098592348580253175e-01
1.097787739462124379e-01
1.096985325485713009e-01
1.096185097193256713e-01
1.095387045183769670e-01
1.094591160112585032e-01
1.093797432690898630e-01
1.093005853685319329e-01
1.092216413917425216e-01
1.091429104263320626e-01
1.090646056195813535e-01
1.089865682551483667e-01
1.089087398252832906e-01
1.088311194447074137e-01
1.087537062333721882e-01
1.086764993164174575e-01
1.085994978241305864e-01
1.085227008919057434e-01
1.084461076602035307e-01
1.083697172745117093e-01
1.082935288853052874e-01
1.082175416480080088e-01
1.081419840367551927e-01
1.080670885946727056e-01
1.079927290119514494e-01
1.079185613280568001e-01
1.078447384195120040e-01
1.077713835683473120e-01
1.076982153172612450e-01
1.076252329174026690e-01
1.075524356240737112e-01
1.074799154613127472e-01
1.074077933243599986e-01
1.073361206045625599e-01
1.072648211686403064e-01
1.071937492580577050e-01
1.071228529333851237e-01
1.070521315168077997e-01
1.069815843341011263e-01
1.069112317835152343e-01
1.068410719044766977e-01
1.067710842779817232e-01
1.067012682427978254e-01
1.066316231411769400e-01
1.065621483188313873e-01
1.064928431249104468e-01
1.064237069119768619e-01
1.063547390359838168e-01
1.062859388562516494e-01
1.062173263738763335e-01
1.061488820343693684e-01
1.060806691498090149e-01
1.060127584608167306e-01
1.059450121320135996e-01
1.058774295406464533e-01
1.058100100671768296e-01
1.057427530952600309e-01
1.056756580117240579e-01
1.056087242065489595e-01
1.055420321526286676e-01
1.054757606137950721e-01
1.054098293579431023e-01
1.053440554951462355e-01
1.052786939883606498e-01
1.052136256671374753e-01
1.051489571799258116e-01
1.050844400986189059e-01
1.050200738718491261e-01
1.049558579509647926e-01
1.048917917900136915e-01
1.048278748457259768e-01
1.047641065774976982e-01
1.047008681553956433e-01
1.046379313338245132e-01
1.045751592542633474e-01
1.045125309452509671e-01
1.044500458948805083e-01
1.043877035937104125e-01
1.043255144074717311e-01
1.042636069214313982e-01
1.042018400067637601e-01
1.041402131658294011e-01
1.040787259033897627e-01
1.040173777265929050e-01
1.039561681449583247e-01
1.038950966703629519e-01
1.038341628170262043e-01
1.037736379608284881e-01
1.037138286339902432e-01
1.036541551861374227e-01
1.035946130040484719e-01
1.035352016362323380e-01
1.034759206333254467e-01
1.034167695480785326e-01
1.033577479353442741e-01
1.032989907012569208e-01
1.032404500113316137e-01
1.031820373005590680e-01
1.031237521314877781e-01
1.030655940687082717e-01
1.030075626788411330e-01
1.029496575305247352e-01
1.028918781944035687e-01
1.028342242431165010e-01
1.027766952512849108e-01
1.027192907955015166e-01
1.026620104543184003e-01
1.026048538082356826e-01
1.025478204396903514e-01
1.024909099330449103e-01
1.024341986154018724e-01
1.023777249070615264e-01
1.023213708025957069e-01
1.022655734187351700e-01
1.022099169647059796e-01
1.021544080629639972e-01
1.020990967274950784e-01
1.020439753347593681e-01
1.019889689082234957e-01
1.019340770740398000e-01
1.018792994600190432e-01
1.018246989682458914e-01
1.017703450997792802e-01
1.017161036272390129e-01
1.016619741900665896e-01
1.016079564292696608e-01
1.015540499874136721e-01
1.015005293271677295e-01
1.014474652268359811e-01
1.013945089308208175e-01
1.013416600965392073e-01
1.012889183829022016e-01
1.012362834503072045e-01
1.011837549606292158e-01
1.011313325772132815e-01
1.010790159648659731e-01
1.010268047898476851e-01
1.009746987198646140e-01
1.009226974240608754e-01
1.008708005730105939e-01
1.008190078387102007e-01
1.007673188945705095e-01
1.007157334154093475e-01
1.006642510774436172e-01
1.006128715582819827e-01
1.005615945369170566e-01
1.005104196937180866e-01
1.004593467104233639e-01
1.004083752701331184e-01
1.003575050573019128e-01
1.003067357577313579e-01
1.002560670585630059e-01
1.002054986482711491e-01
1.001550412652701672e-01
1.001048567745445733e-01
1.000547701694554231e-01
1.000047811549854282e-01
9.995488943733034370e-02
9.990509472389319523e-02
9.985539672327770067e-02
9.980579514528209462e-02
9.975628970089328584e-02
9.970688010228030695e-02
9.965756606278844409e-02
9.960834729693331113e-02
9.955964597316956100e-02
9.951128998445613050e-02
9.946302545508642345e-02
9.941485212011348660e-02
9.936676971563221383e-02
9.931877797877426695e-02
9.927087664770274655e-02
9.922306546160747365e-02
9.917534416069959113e-02
9.912771248620652620e-02
9.908017018036717471e-02
9.903271698642682197e-02
9.898535264863225769e-02
9.893807691222684941e-02
9.889088952344553263e-02
9.884385620207325474e-02
9.879704111344415896e-02
9.875031322664863664e-02
9.870367229279021493e-02
9.865711806393531735e-02
9.861065029310858709e-02
9.856426873428805746e-02
9.851797314240065551e-02
9.847176327331763623e-02
9.842563888385010007e-02
9.837959973174426054e-02
9.833364557567710051e-02
9.828777617525198684e-02
9.824199129099388250e-02
9.819629068434525265e-02
9.815067411766170702e-02
9.810514135420717041e-02
9.805969215815005247e-02
9.801432629455861245e-02
9.796907976734545165e-02
9.792395110878970854e-02
9.787890491292075557e-02
9.783394094885806969e-02
9.778905898660007756e-02
9.774425879701974240e-02
9.769954015186058105e-02
9.765512922686210573e-02
9.761093342772304837e-02
9.756681742171259553e-02
9.752278098656298744e-02
9.747882390084959547e-02
9.743494594398710573e-02
9.739114689622541121e-02
9.734742653864587869e-02
9.730378465315712988e-02
9.726022102249143320e-02
9.721673543020055430e-02
9.717332766065200911e-02
9.712999749902530289e-02
9.708674473130794735e-02
9.704356914429174141e-02
9.700048876329502023e-02
9.695775394041102058e-02
9.691509488611700640e-02
9.687251139342729911e-02
9.683000325612110826e-02
9.678757026873904823e-02
9.674521222657972430e-02
9.670292892569613830e-02
9.666072016289251057e-02
9.661858573572069953e-02
9.657652544247681548e-02
9.653453908219777890e-02
9.649262645465810084e-02
9.645078736036644118e-02
9.640902160056222248e-02
9.636732897721252133e-02
9.632591158819507615e-02
9.628499179916287509e-02
