4.374823072761414022e-01
3.910264622635262199e-01
3.582277543171998868e-01
3.594548812680136152e-01
3.602734491869715172e-01
3.393228270077750519e-01
3.368793692782721672e-01
3.428873896883590788e-01
3.397930675339320694e-01
3.217645951316935315e-01
3.285804776479333555e-01
3.353957149996443232e-01
3.382391931468465285e-01
3.259494442906528677e-01
3.377651856715639389e-01
3.230237297517415951e-01
3.520171699537946175e-01
3.244632090348548714e-01
3.126031963130088687e-01
3.168894013815045652e-01
3.322375353512910801e-01
3.341758119885320788e-01
3.178556008487429807e-01
3.185206288683771758e-01
3.098914764373688624e-01
3.253085510005615522e-01
3.152336033814737148e-01
3.081717238419000582e-01
3.221432408853292517e-01
3.220555393537122280e-01
3.069855393741296457e-01
3.211039157288903545e-01
3.111951400426597458e-01
3.180875375520571535e-01
3.205331165584208164e-01
3.231796749647110056e-01
3.119162248490917611e-01
3.139679406497889458e-01
3.331949122120136941e-01
3.260881756707861290e-01
3.105568071192608692e-01
3.252474237220154829e-01
3.190041174765911869e-01
3.242049491365461278e-01
3.197660540328634560e-01
3.299296453783069349e-01
3.005731747032258094e-01
3.059825594153833817e-01
3.221033887668334206e-01
3.153002191277406996e-01
3.220923256431134640e-01
3.171040136339881577e-01
3.172655350743083247e-01
3.259858713763503779e-01
3.296237821479035546e-01
3.136790442943251933e-01
3.181858924081764073e-01
3.275383320287466593e-01
3.292603704234867701e-01
3.135509716887631693e-01
3.147865691273377120e-01
3.228746132323784268e-01
3.233001940626854531e-01
3.210694967177269987e-01
3.182777002451616100e-01
3.104008106313724813e-01
3.155352421021768716e-01
3.139944380877000563e-01
3.169973736648339924e-01
3.129190830388665634e-01
3.123446074091671965e-01
3.256898813859007147e-01
3.202508507631894319e-01
3.186323198803586165e-01
3.200907273018610555e-01
3.084058046309175460e-01
3.189057182302311722e-01
3.236019015727070736e-01
3.285840215643329176e-01
3.266667899602554992e-01
3.211891223054196276e-01
3.133576308846057201e-01
3.210498919035456589e-01
3.116222218306000102e-01
3.141289713841793896e-01
3.303333957048195657e-01
3.121753357310811938e-01
3.034740192155145344e-01
3.161076137748179415e-01
3.056489490463730196e-01
3.172003861574803074e-01
3.143459841214713557e-01
3.126665884583169075e-01
3.331298858331601109e-01
3.090246302941770384e-01
3.279675118509098319e-01
3.093511720232905438e-01
3.210676088981290754e-01
3.063584011964247122e-01
3.190086843046554543e-01
3.080032573411539687e-01
3.165419313177294525e-01
3.181488839926161494e-01
3.181107957672344444e-01
3.214555595943754396e-01
3.248158465969350761e-01
3.174587759461669489e-01
3.223703746785125390e-01
3.320712064078713555e-01
3.226688522479060350e-01
3.302576943024453926e-01
3.056560561897062045e-01
3.343097347019485244e-01
3.225759355658885941e-01
3.181286935820903938e-01
3.198444002999829006e-01
3.203114827561647227e-01
3.181852518470019708e-01
3.228483577841068652e-01
3.056849207755496511e-01
3.213847588872761896e-01
3.181110388201588979e-01
3.258793675426647773e-01
3.056776013922623547e-01
3.245917448022280771e-01
3.278265833276334806e-01
3.234217232747677029e-01
3.087790859178778380e-01
3.231999728294071561e-01
3.209389041088801520e-01
3.188549197908183697e-01
3.241285186769488069e-01
3.262228311876355091e-01
3.098554132273877437e-01
3.235788582356224907e-01
3.161330345711864664e-01
3.139470742958526683e-01
3.113880737937600451e-01
3.166146035000765857e-01
3.214225726968174546e-01
3.159632777886211552e-01
3.052216014422117207e-01
3.100861647019285683e-01
3.236836994558126013e-01
3.131250766858431067e-01
3.167627056412341546e-01
3.201307321330982281e-01
3.281342694525261616e-01
3.159864555519705798e-01
3.315134295216173310e-01
3.299464390276570791e-01
3.368646521591099341e-01
3.254354350438933841e-01
3.079195255849381252e-01
3.119377255145034944e-01
3.185928102475523715e-01
3.098241599264945356e-01
3.068476217529831906e-01
3.225674363647246801e-01
3.086695655319083853e-01
3.154613809488944209e-01
3.140926363867033166e-01
3.114544832933111573e-01
3.125130460724810932e-01
3.184212572602588276e-01
3.067131465589870709e-01
3.310716209555553680e-01
3.001211085997160799e-01
3.019483694384677008e-01
3.069065649697125253e-01
3.150203341965209236e-01
3.261150493332024003e-01
3.257576594123892111e-01
3.226117233279895968e-01
3.157320039848117155e-01
3.110960446668739054e-01
3.088106965862958408e-01
3.339323331290700025e-01
3.037131372622304260e-01
3.134157668926138007e-01
3.127391377694614949e-01
3.129551450956972181e-01
3.237657307941370632e-01
3.119092896674754978e-01
3.175783371243010578e-01
3.205349158357223560e-01
3.146524503527918237e-01
3.025296759741833430e-01
3.117040865555845697e-01
3.147935043236769759e-01
3.285071028694618867e-01
3.102512854336124115e-01
3.091190487416715649e-01
3.151795622667444841e-01
3.093451980749299945e-01
3.183445919102282917e-01
3.227591379112793590e-01
3.206563365633042784e-01
3.256131764284635466e-01
3.357046510446774490e-01
3.229985683637259797e-01
3.205025400783881318e-01
3.169609159524209852e-01
3.106651454183333438e-01
3.131144840882542080e-01
3.183373855914460315e-01
3.010191184269258025e-01
3.184846679062798280e-01
3.159364467548643196e-01
3.096904974887766948e-01
3.216089156947699590e-01
3.143982572333338110e-01
3.126432839927413831e-01
3.128869880827419014e-01
3.122198528945919760e-01
3.183243887594065513e-01
3.337120310738518336e-01
3.194790159235889604e-01
3.030697863940428616e-01
3.138066476797256033e-01
3.137340972638666958e-01
3.125588047351948728e-01
3.113278180360921077e-01
3.230583394500396999e-01
3.155028175022365766e-01
3.196771301390525233e-01
3.147640510189610996e-01
3.096532630025461974e-01
3.072695829485386221e-01
3.238464926455530968e-01
3.122291759420508517e-01
3.187748343425385600e-01
3.185248095921209277e-01
3.187963601690043114e-01
3.080856252713847221e-01
3.222688800005809040e-01
3.297102537917383502e-01
3.092326796699921831e-01
3.237738025143119258e-01
3.107022598873213637e-01
2.999523099381486424e-01
3.098141701242188573e-01
3.149249938307741581e-01
3.118587636250332862e-01
3.238331948754874512e-01
3.120311443990317346e-01
3.128398663093641119e-01
3.063821381744298855e-01
3.275973275347970337e-01
3.129962473942224932e-01
3.184176184735769133e-01
3.334764443722151861e-01
3.193432583179038331e-01
3.158023951304276267e-01
3.147594193369131488e-01
3.068675143397005534e-01
3.129104979917605167e-01
3.250516092653922828e-01
3.048093719043226124e-01
3.200792512574832105e-01
3.101125986849959659e-01
3.171226690393409431e-01
3.016269664523237859e-01
3.168085757912006972e-01
2.939786393170521483e-01
3.032075516741751797e-01
3.169778860836224843e-01
3.128318086226585248e-01
3.161734112086767023e-01
3.211699294615285583e-01
3.271283036136183875e-01
2.949978257729434228e-01
3.136441207696033517e-01
3.092158552731533172e-01
3.257829833824664179e-01
3.281783536890079400e-01
3.228682661973767964e-01
3.216619534267040059e-01
3.143722616475305709e-01
3.276632032691315644e-01
3.144309559631533468e-01
3.290937728070926216e-01
3.140444621590773311e-01
3.099010233497242472e-01
3.174623353742237475e-01
3.279905744455051675e-01
3.347830358644396376e-01
3.175920616971955046e-01
3.197700145663522342e-01
3.268066473770465663e-01
3.163391315884219734e-01
3.177444452417361731e-01
3.136160601524014546e-01
3.305473844933657368e-01
3.161944476890221623e-01
3.091906983844812107e-01
3.121792647751585603e-01
3.337797771707778360e-01
3.162685400251270540e-01
3.258368632065486437e-01
3.026674315362987144e-01
3.140464081280542885e-01
3.213512661183317021e-01
3.162911921718331021e-01
3.223803860220076367e-01
3.097270763392885318e-01
3.199487967821962875e-01
3.171461662704990192e-01
3.108090565955861084e-01
3.108617588063383730e-01
3.155404556292207841e-01
3.212986031333404657e-01
3.124493309273104202e-01
3.312198347316829272e-01
3.104601862227918119e-01
3.145659100179695744e-01
3.048777509673559760e-01
3.217822848608203334e-01
3.057960615997355469e-01
3.147088748645047729e-01
3.170172747709433803e-01
3.080487950707826439e-01
3.146238919398380296e-01
3.166998520333463296e-01
3.239904195586685298e-01
3.137133311636523536e-01
3.113327658531265807e-01
3.214205017495058714e-01
3.168452176275152743e-01
3.226586532496500959e-01
3.254008803369871639e-01
3.262650848633842915e-01
3.014261739330975631e-01
3.185083822140193921e-01
3.103793044628379572e-01
3.090549571644125026e-01
3.128419805438047430e-01
3.165803066537953292e-01
3.120195660141853455e-01
3.118705602236889196e-01
3.054874332545795546e-01
3.209120218511349876e-01
3.108242722435577421e-01
3.212034108359748119e-01
3.180026811813017051e-01
3.048244850943354622e-01
3.211177903133349276e-01
3.067716357668223703e-01
3.194282081938492057e-01
3.007326792777115232e-01
3.088128014435291835e-01
3.282740340038918792e-01
3.037262650191981939e-01
3.091671812207431591e-01
3.163851432303531608e-01
3.146264630164433140e-01
3.277470724493891652e-01
3.045015779553440494e-01
3.223340545027024162e-01
3.162094626820163290e-01
3.203139418991979293e-01
3.245488394936287269e-01
3.192543549313255902e-01
3.152466238679964006e-01
3.179052879530576137e-01
3.152040648257564692e-01
2.983264856283147082e-01
3.107147168696063333e-01
3.059728344286855028e-01
3.268811364518658946e-01
3.148388392839693850e-01
3.290428139880117175e-01
3.105963691105213531e-01
3.255858027579920377e-01
3.189657581665648056e-01
3.153733463109539281e-01
3.102064558483766943e-01
3.067232361928298179e-01
3.317380731023329976e-01
3.158918765142559870e-01
3.252249719782111526e-01
3.075688121995676649e-01
3.203823505206387368e-01
3.159332709427229990e-01
3.163380039393124954e-01
3.164753117947718963e-01
3.197019331242459406e-01
3.067901150996447668e-01
3.203251391610095200e-01
3.126238423665891886e-01
3.152110352236161539e-01
3.132588249189675045e-01
3.247682767531922532e-01
3.226040674266694719e-01
3.253715751447351368e-01
3.198543298128860290e-01
3.068878829569436362e-01
3.137268434842722664e-01
3.201263804803872182e-01
3.054687773895115033e-01
3.094154991752953165e-01
3.155792390808169201e-01
3.196350098652587235e-01
3.137864754703399428e-01
3.114441652939081706e-01
3.194709710129413072e-01
3.208000366629460420e-01
3.182920336039918308e-01
3.089846044956083282e-01
3.157042503619639229e-01
3.127250985194401922e-01
3.229122117614848242e-01
3.073668036105127177e-01
3.044845701844510200e-01
2.997350477317392015e-01
3.343686345921550451e-01
3.186709446367031462e-01
3.228596263874444205e-01
3.102874039912433823e-01
3.196665375151161448e-01
3.003116954088908552e-01
3.192762811126231837e-01
3.235974122285061871e-01
3.161254739129126801e-01
3.039074142539871515e-01
3.045910058742911097e-01
3.266456721103190852e-01
3.070338776546235326e-01
3.259990303206730111e-01
3.069155767705486482e-01
3.192273530923907532e-01
3.106797787682027967e-01
3.220169595218215775e-01
3.354730155262368729e-01
3.043663048708453722e-01
3.269466239858568324e-01
3.173459886058730972e-01
3.079430777138585373e-01
3.164647327806788257e-01
3.151055549086843599e-01
3.201053112819777224e-01
3.239589221017785681e-01
3.129025093352131304e-01
3.059299482599202036e-01
3.192255670582729299e-01
3.040972115595550473e-01
3.177129807014849594e-01
3.308222806964907781e-01
3.114428888856919930e-01
3.113053978088884954e-01
3.086377917320660136e-01
3.274118683911300121e-01
3.175897929983744206e-01
3.184559149971813441e-01
3.253107685329769683e-01
3.188344802850507920e-01
3.180118903155566001e-01
3.174575817235609221e-01
3.116043392878057872e-01
3.153285831729043531e-01
3.202115674080465713e-01
3.164394721150837753e-01
3.315514544503719296e-01
3.241114429207327396e-01
3.060324135052354677e-01
3.071825684121170519e-01
3.266412103888673424e-01
3.103011229281412708e-01
3.232567435547324397e-01
3.243610281684129459e-01
3.288693719884328015e-01
3.146239009216083571e-01
3.230902952542493156e-01
3.131181800394226000e-01
3.145538807281959559e-01
3.150802487735048230e-01
3.224010731901518212e-01
3.071101576074879436e-01
3.281645483562493637e-01
3.201845460096865992e-01
3.266638285354475091e-01
3.306696464147700909e-01
3.306389199714284688e-01
3.169500144968311339e-01
3.114480539134767412e-01
3.154121162351390395e-01
3.148341085481552448e-01
3.175365441697319269e-01
3.250317812342504720e-01
3.123096087805283250e-01
3.230675660253663484e-01
3.168123905861005007e-01
3.006900819438100836e-01
3.145269738548148730e-01
3.149222732018650550e-01
3.091954558206710391e-01
3.199808669278852435e-01
3.279561873548739737e-01
3.196605356800659714e-01
3.119353256657734219e-01
3.107679032948490461e-01
3.196911035139674562e-01
3.191812486491383827e-01
3.209548021077682778e-01
3.128110762463189864e-01
3.164784620631568846e-01
3.245941239878402107e-01
3.079440904424274317e-01
3.234576017062995024e-01
3.126805457374909891e-01
3.187885941884894825e-01
3.073262761206114746e-01
3.199241291451941915e-01
3.167198817469769057e-01
3.061764998507790492e-01
3.129185447487549121e-01
3.115707895629060697e-01
3.344945074817948782e-01
3.153732476285355801e-01
3.137865460129787287e-01
3.147872369610886234e-01
3.144848192743677773e-01
3.136837629219733081e-01
3.106023479783689978e-01
3.173319315425752740e-01
3.116206295061087483e-01
3.070101219900197020e-01
3.142435050592354284e-01
3.094520438366030191e-01
3.104200921874396557e-01
3.089204473704506015e-01
3.105318268623863953e-01
3.273072393200317509e-01
3.113341749283721205e-01
3.215686622318295607e-01
3.155120510729982342e-01
3.243645207035067979e-01
3.143103045523125694e-01
3.229383386278603663e-01
3.237714419204252847e-01
3.163954033068941407e-01
3.206173940354274388e-01
3.255043218455655474e-01
3.080663553199158300e-01
3.219036351340705537e-01
3.101099724966032700e-01
3.079795100294384635e-01
3.098897927303380651e-01
3.151995207930086140e-01
3.158062235406153828e-01
3.070051390226654076e-01
3.225560921365477896e-01
3.196573102256464183e-01
3.320290550630888293e-01
3.246271412550745250e-01
3.246651885531625648e-01
3.202354906639152121e-01
3.161759250834776935e-01
3.122154218990319530e-01
3.151926237120877827e-01
3.124020760032255040e-01
3.238073878219801527e-01
3.089177589571075466e-01
3.114090946223535550e-01
3.118705540791842368e-01
3.219616852457472533e-01
3.278222500975612186e-01
3.100160678975744100e-01
3.021191033901490242e-01
3.348168222153109497e-01
3.179909081598056297e-01
3.127127897777130516e-01
3.022956655083358646e-01
3.019053161813516906e-01
3.058061995064875194e-01
3.138909980977070413e-01
3.081902903256552029e-01
3.080366519057440300e-01
3.242133062024956103e-01
3.152357754405689660e-01
3.120374245087144671e-01
3.214747989846173382e-01
3.180980605872574252e-01
3.201823583709306198e-01
3.120393676606162403e-01
3.151512428160049284e-01
3.247888879526863448e-01
3.093233079656274587e-01
3.105904332697992931e-01
3.282560135124588108e-01
3.179794871095789621e-01
3.069179362406277423e-01
3.182927589297681603e-01
3.133023147603783976e-01
3.233534677940178015e-01
2.990340628353225227e-01
3.060954727252661600e-01
3.178010211302365606e-01
3.275344644772513747e-01
3.117989269711433642e-01
