7.162779305015729570e-01
6.303937706919583439e-01
6.103535337227434798e-01
5.962127440921540789e-01
5.833611110129880428e-01
5.715283371392916312e-01
5.608042742285529458e-01
5.511470757620174910e-01
5.430435626951682915e-01
5.357516494431419085e-01
5.290306572639552618e-01
5.231850465779420700e-01
5.177328199341540982e-01
5.126170724845326987e-01
5.078872706925217084e-01
5.033983217617397088e-01
4.991480712653750262e-01
4.951885472604697358e-01
4.913971203662208520e-01
4.877582586786390340e-01
4.843262085160689456e-01
4.810447321342951055e-01
4.778708362969701917e-01
4.747953432710108057e-01
4.718452116374655669e-01
4.690185081252199462e-01
4.662624698589177830e-01
4.635717316711225888e-01
4.609414740566530888e-01
4.583673647564840414e-01
4.559367836251012607e-01
4.536396581313406062e-01
4.513859692249698186e-01
4.491727855437573913e-01
4.469974699730671630e-01
4.448576481395655202e-01
4.427511803145296465e-01
4.407061133996279523e-01
4.387036754959870444e-01
4.367275380795401230e-01
4.347764386116432234e-01
4.328492311213626986e-01
4.309448738992061601e-01
4.290624185200763718e-01
4.272010000513317696e-01
4.253598283174729877e-01
4.235381801068980878e-01
4.217670083399029379e-01
4.200158864005791304e-01
4.182816261073858954e-01
4.165637700288851164e-01
4.148618935919707318e-01
4.131756017873775555e-01
4.115045262281777916e-01
4.098483225229961335e-01
4.082066679298417267e-01
4.065792592601484290e-01
4.049658110059191629e-01
4.033660536658115747e-01
4.018041236713952857e-01
4.002595711306285997e-01
3.987275593157382225e-01
3.972078887694057703e-01
3.957276359365060059e-01
3.943017535331918566e-01
3.928858224874164917e-01
3.914797240925999011e-01
3.900833437731791031e-01
3.886965707307808993e-01
3.873192976279090094e-01
3.859514203050639636e-01
3.845928375276656541e-01
3.832439589084780107e-01
3.819338876805639105e-01
3.806549941443821417e-01
3.793845779355714543e-01
3.781225567670261078e-01
3.768688499052223473e-01
3.756233780727996074e-01
3.743860633613519950e-01
3.731568291533029491e-01
3.719356000518574401e-01
3.707223018181408647e-01
3.695168613147251646e-01
3.683192064548388989e-01
3.671292661566253335e-01
3.659469703018933817e-01
3.647722496988575758e-01
3.636222613749321431e-01
3.624857829402129417e-01
3.613564562486693554e-01
3.602342187356988301e-01
3.591190085056642500e-01
3.580107643195444278e-01
3.569094255834952545e-01
3.558149323382147067e-01
3.547272252490137334e-01
3.536462455965097007e-01
3.525719352678682861e-01
3.515042367485257113e-01
3.504430931143349692e-01
3.493884480240858070e-01
3.483402457123503382e-01
3.472984309826175897e-01
3.462629492006825127e-01
3.452337462882552610e-01
3.442107687167693109e-01
3.431939635013615542e-01
3.421832781950048252e-01
3.411786608827763745e-01
3.401800601762441922e-01
3.391916926181579583e-01
3.382267578481267800e-01
3.372673796299544557e-01
3.363135136542551029e-01
3.353651160213113602e-01
3.344221432376016656e-01
3.334845522123439099e-01
3.325523002540496931e-01
3.316253450670944014e-01
3.307036447482951669e-01
3.298097643595296891e-01
3.289467975608983408e-01
3.280881535023378870e-01
3.272338057341304118e-01
3.263837278994006774e-01
3.255378937372939707e-01
3.246962770859924130e-01
3.238588518855752829e-01
3.230255921807285713e-01
3.221964721233104845e-01
3.213714659747787250e-01
3.205505481084834352e-01
3.197336930118314102e-01
3.189208752883283537e-01
3.181120696595003405e-01
3.173072509667024255e-01
3.165063941728176733e-01
3.157094743638491074e-01
3.149164667504116277e-01
3.141273466691260619e-01
3.133420895839181819e-01
3.125606710872297356e-01
3.117830669011403821e-01
3.110092528784085264e-01
3.102392050034302184e-01
3.094728993931226135e-01
3.087103122977322700e-01
3.079514201015732811e-01
3.071961993236971278e-01
3.064446266184957524e-01
3.056966787762438464e-01
3.049523327235784675e-01
3.042115655239221450e-01
3.034815135490077642e-01
3.027677069061103787e-01
3.020571991488412711e-01
3.013499706048101690e-01
3.006460016976116312e-01
2.999452729475595714e-01
2.992477649723736532e-01
2.985534584878192232e-01
2.978623343083032782e-01
2.971743733474264682e-01
2.964895566184945208e-01
2.958078652349872550e-01
2.951292804109903467e-01
2.944537834615885141e-01
2.937813558032223438e-01
2.931119789540093112e-01
2.924456345340307184e-01
2.917823042655865451e-01
2.911219699734171606e-01
2.904646135848950039e-01
2.898102171301858432e-01
2.891587627423818918e-01
2.885102326576068354e-01
2.878646092150938252e-01
2.872218748572383795e-01
2.865820121296256406e-01
2.859450036810329832e-01
2.853108322634108074e-01
2.846794807318397402e-01
2.840509320444670194e-01
2.834251692624212837e-01
2.828021755497075462e-01
2.821819341730834041e-01
2.815644285019157089e-01
2.809496420080196954e-01
2.803375582654807907e-01
2.797281609504598809e-01
2.791214338409825357e-01
2.785173608167130777e-01
2.779159258587129422e-01
2.773171130491861036e-01
2.767209065712100124e-01
2.761272907084535433e-01
2.755362498448827302e-01
2.749477684644539566e-01
2.743618311507956542e-01
2.737784225868790111e-01
2.731975275546789095e-01
2.726191309348223180e-01
2.720432177062296342e-01
2.714697729457452025e-01
2.708987818277593385e-01
2.703302296238215829e-01
2.697641017022463505e-01
2.692003835277103074e-01
2.686390606608425879e-01
2.680801187578085165e-01
2.675235435698855024e-01
2.669693209430338832e-01
2.664174368174602181e-01
2.658762708006459641e-01
2.653645627044004529e-01
2.648548228095802259e-01
2.643470406906187065e-01
2.638412059708427626e-01
2.633373083227953382e-01
2.628353374685340471e-01
2.623352831799095619e-01
2.618371352788221862e-01
2.613408836374596089e-01
2.608465181785150078e-01
2.603540288753861121e-01
2.598634057523562801e-01
2.593746388847582574e-01
2.588877183991215580e-01
2.584026344733020841e-01
2.579193773365974773e-01
2.574379372698467616e-01
2.569583046055148867e-01
2.564804697277628387e-01
2.560044230725060377e-01
2.555301551274565264e-01
2.550576564321543338e-01
2.545869175779859050e-01
2.541179292081913732e-01
2.536506820178586197e-01
2.531851667539083972e-01
2.527213742150671294e-01
2.522592952518299958e-01
2.517989207664146911e-01
2.513402417127043043e-01
2.508832490961825368e-01
2.504279339738588184e-01
2.499742874541856508e-01
2.495223006969673474e-01
2.490719649132611402e-01
2.486232713652704318e-01
2.481762113662312752e-01
2.477307762802908597e-01
2.472869575223805294e-01
2.468447465580813349e-01
2.464041349034839512e-01
2.459651141250422945e-01
2.455276758394218106e-01
2.450918117133417118e-01
2.446575134634126902e-01
2.442247728559695241e-01
2.437935817068972999e-01
2.433639318814566077e-01
2.429358152940999938e-01
2.425092239082878576e-01
2.420841497362980488e-01
2.416605848390326883e-01
2.412385213258214645e-01
2.408179513542204608e-01
2.403988671298095681e-01
2.399812609059840396e-01
2.395651249837462138e-01
2.391504517114919348e-01
2.387412052900379777e-01
2.383342198365234199e-01
2.379286059813856824e-01
2.375243570700526496e-01
2.371214664837378305e-01
2.367199276393786578e-01
2.363197339895683480e-01
2.359230513238646243e-01
2.355281470677363931e-01
2.351345302573295826e-01
2.347421947511225959e-01
2.343511344431200294e-01
2.339613432627071776e-01
2.335728151745016523e-01
2.331855441782018368e-01
2.327995243084345911e-01
2.324147496345997099e-01
2.320312142607130756e-01
2.316489123252479798e-01
2.312678380009740853e-01
2.308879854947951116e-01
2.305093490475851881e-01
2.301319229340233197e-01
2.297557014624272698e-01
2.293806789745846120e-01
2.290068498455847534e-01
2.286342084836481825e-01
2.282627493299551058e-01
2.278924668584737523e-01
2.275233555757870951e-01
2.271554100209196569e-01
2.267886247651616782e-01
2.264229944118960891e-01
2.260585135964209291e-01
2.256951769857743206e-01
2.253329792785573604e-01
2.249719152047572890e-01
2.246119795255701046e-01
2.242531670332231775e-01
2.238954725507967813e-01
2.235388909320468742e-01
2.231834170612265467e-01
2.228290458529081086e-01
2.224757722518043157e-01
2.221235912325910111e-01
2.217724977997282410e-01
2.214224869872827572e-01
2.210735538587497440e-01
2.207256935068754033e-01
2.203789010534792647e-01
2.200331716492772705e-01
2.196885004737041958e-01
2.193448827347376229e-01
2.190023136687211658e-01
2.186607885401894158e-01
2.183203026416910553e-01
2.179808512936153297e-01
2.176424298440159111e-01
2.173050336684378969e-01
2.169686581697437278e-01
2.166332987779404362e-01
2.162989509500063412e-01
2.159656101697199904e-01
2.156332719474881032e-01
2.153019318201753463e-01
2.149715853509337471e-01
2.146481491748751524e-01
2.143382289808359875e-01
2.140291689203963343e-01
2.137209654070373333e-01
2.134136148740646832e-01
2.131071137745009225e-01
2.128014585809751280e-01
2.124966457856147239e-01
2.121926718999358474e-01
2.118895334547344911e-01
2.115872269999774791e-01
2.112857491046937208e-01
2.109850963568654370e-01
2.106852653633188577e-01
2.103862527496168922e-01
2.100880551599495494e-01
2.097906692570271070e-01
2.094940917219709209e-01
2.091983192542065662e-01
2.089033485713553961e-01
2.086091764091289602e-01
2.083157995212201186e-01
2.080232146791973213e-01
2.077314186723984990e-01
2.074404083078240646e-01
2.071501804100318311e-01
2.068607318210313739e-01
2.065720594001786148e-01
2.062841600240713780e-01
2.059970305864451123e-01
2.057106679980681696e-01
2.054250691866388034e-01
2.051402310966820020e-01
2.048561506894458206e-01
2.045728249427997414e-01
2.042902508511320880e-01
2.040084254252484686e-01
2.037273456922711612e-01
2.034470086955373624e-01
2.031674114944997667e-01
2.028885511646259521e-01
2.026104247972991823e-01
2.023330294997202072e-01
2.020563623948073984e-01
2.017804206210996321e-01
2.015052013326584790e-01
2.012307016989711983e-01
2.009569189048539262e-01
2.006838501503557248e-01
2.004114926506626315e-01
2.001398436360035116e-01
1.998689003515536633e-01
1.995986600573421144e-01
1.993291200281576969e-01
1.990602775534555113e-01
1.987921299372641115e-01
1.985246744980943279e-01
1.982579085688465914e-01
1.979918294967202008e-01
1.977278941477164653e-01
1.974648084047427588e-01
1.972023753124307333e-01
1.969405925368339916e-01
1.966794577554656920e-01
1.964234095565780547e-01
1.961709665501555067e-01
1.959191154274725344e-01
1.956678542214160821e-01
1.954171809739324583e-01
1.951670937359779590e-01
1.949175905674704612e-01
1.946686695372396858e-01
1.944203287229789578e-01
1.941725662111962736e-01
1.939253800971667274e-01
1.936787684848834956e-01
1.934327294870103464e-01
1.931872612248340393e-01
1.929423618282163910e-01
1.926980294355469248e-01
1.924542621936964071e-01
1.922110582579691640e-01
1.919684157920568401e-01
1.917263329679916584e-01
1.914848079661002900e-01
1.912438389749574752e-01
1.910034241913410313e-01
1.907635618201849459e-01
1.905242500745352452e-01
1.902854871755038924e-01
1.900472713522242951e-01
1.898096008418063696e-01
1.895724738892922423e-01
1.893358887476114805e-01
1.891060744274642991e-01
1.888773831272920201e-01
1.886492012069889146e-01
1.884215270600827219e-01
1.881943590873082772e-01
1.879676956965666279e-01
1.877415353028833167e-01
1.875158763283679142e-01
1.872907172021731070e-01
1.870660563604546744e-01
1.868418922463308540e-01
1.866182233098431231e-01
1.863950480079156480e-01
1.861723648043163704e-01
1.859501721696174836e-01
1.857284685811567693e-01
1.855072525229983227e-01
1.852865224858947224e-01
1.850662769672477836e-01
1.848465144710715047e-01
1.846272335079529592e-01
1.844084325950159919e-01
1.841901102558828884e-01
1.839722650206374044e-01
1.837548954257880729e-01
1.835380000142314560e-01
1.833215773352148970e-01
1.831056259443012979e-01
1.828901444033325385e-01
1.826751312803934768e-01
1.824605851497765607e-01
1.822465045919465232e-01
1.820328881935052712e-01
1.818197345471564141e-01
1.816070422516709582e-01
1.813948099118527224e-01
1.811830361385041166e-01
1.809717195483917795e-01
1.807608587642131059e-01
1.805504524145621903e-01
1.803404991338965202e-01
1.801309975625042525e-01
1.799219463464699076e-01
1.797133441376430329e-01
1.795051895936048414e-01
1.792974813776354592e-01
1.790902181586830622e-01
1.788878766825185151e-01
1.786882169785510288e-01
1.784889767881752687e-01
1.782901548606158626e-01
1.780917499503979762e-01
1.778937608173186691e-01
1.776961862264185565e-01
1.774990249479540261e-01
1.773022757573687325e-01
1.771059374352658700e-01
1.769100087673804444e-01
1.767144885445515734e-01
1.765193755626955352e-01
1.763246686227777638e-01
1.761303665307862587e-01
1.759364680977048567e-01
1.757429721394855038e-01
1.755498774770226089e-01
1.753571829361257606e-01
1.751648873474942192e-01
1.749729895466899110e-01
1.747814883741116987e-01
1.745903826749694854e-01
1.743996712992589015e-01
1.742093531017346597e-01
1.740194269418861017e-01
1.738298916839116359e-01
1.736407461966929799e-01
1.734519893537710966e-01
1.732636200333208254e-01
1.730756371181259579e-01
1.728880394955551736e-01
1.727008260575371990e-01
1.725139957005366320e-01
1.723275473255299339e-01
1.721414798379813371e-01
1.719557921478190032e-01
1.717704831694111811e-01
1.715855518215424758e-01
1.714009970273910055e-01
1.712168177145046433e-01
1.710330128147777851e-01
1.708495812644285627e-01
1.706665220039758624e-01
1.704838339782164536e-01
1.703015161362024799e-01
1.701195674312190320e-01
1.699379868207617217e-01
1.697567732665143936e-01
1.695759257343270598e-01
1.693954431941940009e-01
1.692153246202318106e-01
1.690355689906581915e-01
1.688561752877693056e-01
1.686771424979197631e-01
1.684984696114999458e-01
1.683201556229159679e-01
1.681421995305676931e-01
1.679646003368282792e-01
1.677873570480236942e-01
1.676104686744110950e-01
1.674339342301592037e-01
1.672577527333274361e-01
1.670819232058455561e-01
1.669064446734935814e-01
1.667313161658820486e-01
1.665565367164310862e-01
1.663827816170076468e-01
1.662096912198662291e-01
1.660369473262666706e-01
1.658645489506982429e-01
1.656924951117628997e-01
1.655207848321516295e-01
1.653494171386222511e-01
1.651783910619768203e-01
1.650077056370385098e-01
1.648373599026303205e-01
1.646673529015519055e-01
1.644976836805580878e-01
1.643283512903369603e-01
1.641593547854878488e-01
1.639906932245000781e-01
1.638223656697308794e-01
1.636543711873845730e-01
1.634867088474911412e-01
1.633193777238851063e-01
1.631523768941847696e-01
1.629857054397709226e-01
1.628193624457669186e-01
1.626533470010172733e-01
1.624876581980676804e-01
1.623222951331447783e-01
1.621572569061358604e-01
1.619925426205685859e-01
1.618281513835915231e-01
1.616640823059539989e-01
1.615003345019865033e-01
1.613369070895810942e-01
1.611737991901723288e-01
1.610110099287174745e-01
1.608485384336777457e-01
1.606863838369987363e-01
1.605245452740920731e-01
1.603630218838161536e-01
1.602067001437754157e-01
1.600518252093152960e-01
1.598972284333516070e-01
1.597429091479333763e-01
1.595888666875162898e-01
1.594351003889491747e-01
1.592816095914617036e-01
1.591283936366503782e-01
1.589754518684666496e-01
1.588227836332033738e-01
1.586703882794824605e-01
1.585182651582422164e-01
1.583664136227247166e-01
1.582148330284634807e-01
1.580635227332708448e-01
1.579124820972260257e-01
