4.976642840927110178e+00
8.149936267566308956e-01
6.369065972604089909e-01
6.121037615145865640e-01
5.901268538909222316e-01
5.708181165694713455e-01
5.547784057433962079e-01
5.400701490054933274e-01
5.269441017788618620e-01
5.157113418281361605e-01
5.060985491086075205e-01
4.974630345491213301e-01
4.896285627875237023e-01
4.828530347139888823e-01
4.763002362423386926e-01
4.701043551209129201e-01
4.641292505277729297e-01
4.582658979276746369e-01
4.525115837524234519e-01
4.468638088172329770e-01
4.413202303326280163e-01
4.358786215067761427e-01
4.305368435679597927e-01
4.253385668595681124e-01
4.203870333002369120e-01
4.155133108826479238e-01
4.107166754638814088e-01
4.059963465072378708e-01
4.014378030996566538e-01
3.970036033011176135e-01
3.927196564363067965e-01
3.885421891498276326e-01
3.844168546892067773e-01
3.803440813832643652e-01
3.763241611389407382e-01
3.723572636066698194e-01
3.684434491077052121e-01
3.645826804115026576e-01
3.607748334501914567e-01
3.570197070542109885e-01
3.533170317891346501e-01
3.496664779689911962e-01
3.460676629164224360e-01
3.425201575349579031e-01
3.390235254410716159e-01
3.355775979027333378e-01
3.321814504455814498e-01
3.288890663116139645e-01
3.257394018994984597e-01
3.226334714874386500e-01
3.195707840958479373e-01
3.165563433874869492e-01
3.137184256641218916e-01
3.109186684745554041e-01
3.081565859181747968e-01
3.054316867909476207e-01
3.027434760283647663e-01
3.000914559981742724e-01
2.974751276567448310e-01
2.948939915816607971e-01
2.923475488920244669e-01
2.898353020669152680e-01
2.873567556715200255e-01
2.849114169995918266e-01
2.824987966401232287e-01
2.801184089754041318e-01
2.777697726169959247e-01
2.754524107855581549e-01
2.731658516399323999e-01
2.709096285603981857e-01
2.686832803905694900e-01
2.665307771977968310e-01
2.644106615230958912e-01
2.623176245716539179e-01
2.603195938789016339e-01
2.583949276925414096e-01
2.564936817049950912e-01
2.546155376778858614e-01
2.527601803479433418e-01
2.509619041729252986e-01
2.492115125331522407e-01
2.474809131793512251e-01
2.457698680114052125e-01
2.441260181205542057e-01
2.425024171590259570e-01
2.408963254634201578e-01
2.393075427549077039e-01
2.377358704250186749e-01
2.361811115833744035e-01
2.346430710988950952e-01
2.331215556350950402e-01
2.316163736800239681e-01
2.301273355713548407e-01
2.286542535170816570e-01
2.271969416122389673e-01
2.257552158520255980e-01
2.243288941416758664e-01
2.229177963033879273e-01
2.215217440805966609e-01
2.201405611398470907e-01
2.187740730705039771e-01
2.174221073825095274e-01
2.160844935023828184e-01
2.147610627676382333e-01
2.134516484197818142e-01
2.121560855960300807e-01
2.108742113198855406e-01
2.096058644906863000e-01
2.083508858722409873e-01
2.071091180806488574e-01
2.058804055713906178e-01
2.046645946257787951e-01
2.034615333368360868e-01
2.022710715946726967e-01
2.010930610714248001e-01
1.999273552058066783e-01
1.987738091873302027e-01
1.976322799402392971e-01
1.965026261071965152e-01
1.953847080327646979e-01
1.942783877467157694e-01
1.931835289472005057e-01
1.920999969838043664e-01
1.910276588405199205e-01
1.899663831186561014e-01
1.889160400197061329e-01
1.878765013281978591e-01
1.868476403945356912e-01
1.858293321178603186e-01
1.848214529289329000e-01
1.838238807730605828e-01
1.828364950930745914e-01
1.818591768123718200e-01
1.808918083180294512e-01
1.799342734440017022e-01
1.789906044970943078e-01
1.780750445622914790e-01
1.771687189306870858e-01
1.762715155771812925e-01
1.753996824281201239e-01
1.745424269429045883e-01
1.736935364030688100e-01
1.728597351290493966e-01
1.720487909448913388e-01
1.712456605079493432e-01
1.704529249239330191e-01
1.696747363308485634e-01
1.689220624430600726e-01
1.681863775379182635e-01
1.674642569536460845e-01
1.667483219750832135e-01
1.660385089409806558e-01
1.653347549285825724e-01
1.646369977443777610e-01
1.639451759149840038e-01
1.632592286781580082e-01
1.625790959739313035e-01
1.619047184358681502e-01
1.612360373824419935e-01
1.605729948085288517e-01
1.599155333770167497e-01
1.592635964105243440e-01
1.586260621101528157e-01
1.580083356365915848e-01
1.573955491295028764e-01
1.567876546723870612e-01
1.561846048803972042e-01
1.555933220416748919e-01
1.550105392311049990e-01
1.544322706551656821e-01
1.538584727968472510e-01
1.532891026565946779e-01
1.527241177448065146e-01
1.521634760744656201e-01
1.516071361538934292e-01
1.510550569796291487e-01
1.505071980294310496e-01
1.499635192553951668e-01
1.494239810771921251e-01
1.488885443754166815e-01
1.483571704850503437e-01
1.478298211890328728e-01
1.473064587119426450e-01
1.467870457137805118e-01
1.462715452838596053e-01
1.457599209347944513e-01
1.452521365965912248e-01
1.447521609421215660e-01
1.442562844620148832e-01
1.437640498019817914e-01
1.432754238942842429e-01
1.427903740409093847e-01
1.423088679085644515e-01
1.418308735237503171e-01
1.413563592679102643e-01
1.408852938726539716e-01
1.404176464150549974e-01
1.399533863130214828e-01
1.394924833207371873e-01
1.390349075241727461e-01
1.385806293366669550e-01
1.381296194945748068e-01
1.376818490529826411e-01
1.372374077470538134e-01
1.367979626975779905e-01
1.363616940698256230e-01
1.359285728978003316e-01
1.354985705510119987e-01
1.350716587295465454e-01
1.346478094592231667e-01
1.342269950868379691e-01
1.338091882754946504e-01
1.333943620000151986e-01
1.329824895424348286e-01
1.325735444875748015e-01
1.321675007186950412e-01
1.317643324132214133e-01
1.313640140385500810e-01
1.309665203479236095e-01
1.305738338385471764e-01
1.301858948565092766e-01
1.298005967987015119e-01
1.294179174745242744e-01
1.290378349299776684e-01
1.286603274443607614e-01
1.282853735270305662e-01
1.279129519142178095e-01
1.275430415658990735e-01
1.271756216627237257e-01
1.268106716029947512e-01
1.264481709997024583e-01
1.260880996776094498e-01
1.257304376703867188e-01
1.253751652177975129e-01
1.250222627629332672e-01
1.246717109494918790e-01
1.243234906191072742e-01
1.239775828087216342e-01
1.236339687480027677e-01
1.232926298568059048e-01
1.229535477426775408e-01
1.226167041984015799e-01
1.222820811995859597e-01
1.219496609022903688e-01
1.216194256406932656e-01
1.212913579247965196e-01
1.209654404381689946e-01
1.206416560357271156e-01
1.203199877415516428e-01
1.200004187467394318e-01
1.196829324072915118e-01
1.193675122420344292e-01
1.190541419305753135e-01
1.187428053112899867e-01
1.184334863793435472e-01
1.181261692847424549e-01
1.178208383304171214e-01
1.175174779703360844e-01
1.172160728076485636e-01
1.169166075928582543e-01
1.166190672220233093e-01
1.163234367349867959e-01
1.160297013136332295e-01
1.157378462801733482e-01
1.154512478281486260e-01
1.151688842811574437e-01
1.148882654773617784e-01
1.146093785836305445e-01
1.143322108819448818e-01
1.140567497680245596e-01
1.137829827499752117e-01
1.135108974469609122e-01
1.132404815878950005e-01
1.129767147621737189e-01
1.127187040765604276e-01
1.124622025946311471e-01
1.122072001777393579e-01
1.119536867648010664e-01
1.117016523715408660e-01
1.114510870897500311e-01
1.112019810865536723e-01
1.109543246036908126e-01
1.107081079568025678e-01
1.104633215347322062e-01
1.102199557988334522e-01
1.099780012822902664e-01
1.097374485894439117e-01
1.094982883951315933e-01
1.092605114440322878e-01
1.090241085500232576e-01
1.087890705955429499e-01
1.085553885309651634e-01
1.083230533739791279e-01
1.080920562089792980e-01
1.078623881864631123e-01
1.076340405224354008e-01
1.074070044978222283e-01
1.071812714578902898e-01
1.069568328116765749e-01
1.067336800314217654e-01
1.065118046520140693e-01
1.062911982704375230e-01
1.060718525452287453e-01
1.058537591959395757e-01
1.056369100026071650e-01
1.054212968052294225e-01
1.052069115032474994e-01
1.049937460550348090e-01
1.047817924773911807e-01
1.045710428450439683e-01
1.043614892901548324e-01
1.041531240018320342e-01
1.039459392256484316e-01
1.037399272631654157e-01
1.035350804714621625e-01
1.033313912626701164e-01
1.031288521035132882e-01
1.029274555148524672e-01
1.027271940712369130e-01
1.025280604004580876e-01
1.023300471831111030e-01
1.021331471521591955e-01
1.019373530925034160e-01
1.017426578405575960e-01
1.015490542838276555e-01
1.013565353604948538e-01
1.011650940590038822e-01
1.009747234176561065e-01
1.007854165242056954e-01
1.005971665154614531e-01
1.004099665768915794e-01
1.002238099422335799e-01
1.000386898931073382e-01
9.985459975863333892e-02
9.967153291505276291e-02
9.948948278535441059e-02
9.930844283890255531e-02
9.912840659107047259e-02
9.894936760287666166e-02
9.877131948062488342e-02
9.859425587554877801e-02
9.841817048345768981e-02
9.824305704438905662e-02
9.806890934226143719e-02
9.789572120453263193e-02
9.772530567199499973e-02
9.755894153881666808e-02
9.739346021871794767e-02
9.722885629449949663e-02
9.706512438520670250e-02
9.690225914586224343e-02
9.674025526720014811e-02
9.657910747540300600e-02
9.641881053184109263e-02
9.625935923281372930e-02
9.610074840929400120e-02
9.594297292667444688e-02
9.578602768451580096e-02
9.562990761629774905e-02
9.547460768917216678e-02
9.532012290371796870e-02
9.516644829369856617e-02
9.501357892582124043e-02
9.486150989949893031e-02
9.471023634661356050e-02
9.455975343128203425e-02
9.441005634962346127e-02
9.426114032952898070e-02
9.411300063043399888e-02
9.396563254309077406e-02
9.381903138934458153e-02
9.367319252191053103e-02
9.352811132415397855e-02
9.338378320987029968e-02
9.324020362306835452e-02
9.309736803775570113e-02
9.295527195772423923e-02
9.281391091633921231e-02
9.267328047632936161e-02
9.253337622957782949e-02
9.239419379691606038e-02
9.225572882791999163e-02
9.211797700070488426e-02
9.198093402172562161e-02
9.184459562557562018e-02
9.170895757478920995e-02
9.157401565964454204e-02
9.143976569796878617e-02
9.130620353494441066e-02
9.117332504291734974e-02
9.104112612120596193e-02
9.090960269591297216e-02
9.077875071973691423e-02
9.064856617178747300e-02
9.051904505739939710e-02
9.039018340795049178e-02
9.026197728067983372e-02
9.013442275850695740e-02
9.000751594985370585e-02
8.988125298846624811e-02
8.975577700831605110e-02
8.963275608683460294e-02
8.951183316302006865e-02
8.939150764337909505e-02
8.927177604643017628e-02
8.915263491271645246e-02
8.903408080465723129e-02
8.891611030640102220e-02
8.879872002367888983e-02
8.868190658366080503e-02
8.856566663481094115e-02
8.844999684674480223e-02
8.833489391008891856e-02
8.822035453633883528e-02
8.810637545771986268e-02
8.799295342704997747e-02
8.788008521760065639e-02
8.776776762296188694e-02
8.765599745690552669e-02
8.754477155325177118e-02
8.743408676573581617e-02
8.732393996787503332e-02
8.721432805283768630e-02
8.710524793331253512e-02
8.699669654137900943e-02
8.688867082837958833e-02
8.678116776479055661e-02
8.667418434009685480e-02
8.656771756266529172e-02
8.646176445962035217e-02
8.635632207671939398e-02
8.625138747823038465e-02
8.614695774680894425e-02
8.604302998337783059e-02
8.593960130700560585e-02
8.583666885478749564e-02
8.573422978172672015e-02
8.563228126061614431e-02
8.553082048192149622e-02
8.542984465366544600e-02
8.532935100131118500e-02
8.522933676764871125e-02
8.512979921268071237e-02
8.503073561350919796e-02
8.493214326422419969e-02
8.483401947579126412e-02
8.473636157594144347e-02
8.463916690906127249e-02
8.454243283608341153e-02
8.444615673437892711e-02
8.435033599764862888e-02
8.425496803581747352e-02
8.416005027492715063e-02
8.406558015703187448e-02
8.397155514009312094e-02
8.387797269787540533e-02
8.378483031984397533e-02
8.369232822851890852e-02
8.360089144734665634e-02
8.350986913555610847e-02
8.341925909628541969e-02
8.332905914473469344e-02
8.323926710810418406e-02
8.314988082553530224e-02
8.306089814804913651e-02
8.297231693848715339e-02
8.288413507145105108e-02
8.279635043324284904e-02
8.270896092180629600e-02
8.262196444666632111e-02
8.253535892887098324e-02
8.244914230093280949e-02
8.236331250676856564e-02
8.227786750164255147e-02
8.219280525210810595e-02
8.210812373594851554e-02
8.202382094212014307e-02
8.193989487069466837e-02
8.185634353280128728e-02
8.177316495057029844e-02
8.169035715707526069e-02
8.160791819627660759e-02
8.152584612296517874e-02
8.144413900270565387e-02
8.136279491178095846e-02
8.128181193713529540e-02
8.120118817631957753e-02
8.112092173743513934e-02
8.104101073907879482e-02
8.096145331028772874e-02
8.088224759048442958e-02
8.080339172942259396e-02
8.072488388713183749e-02
8.064672223386451511e-02
8.056890495004084829e-02
8.049143022619546783e-02
8.041429626292409538e-02
8.033750127082986414e-02
8.026104347047034737e-02
8.018492109230415665e-02
8.010913237663951081e-02
8.003367557358015416e-02
7.995854894297428628e-02
7.988375075436190964e-02
7.980927928692337081e-02
7.973513282942711056e-02
7.966130968017942626e-02
7.958780814697184736e-02
7.951462654703135569e-02
7.944176320696910709e-02
7.936921646272990238e-02
7.929698465954193587e-02
7.922545941657584134e-02
7.915428817940285688e-02
7.908342392844076862e-02
7.901286505450622055e-02
7.894260995756734178e-02
7.887265704669148281e-02
7.880300473999392319e-02
7.873365146458513597e-02
7.866459565652132724e-02
7.859583576075088174e-02
7.852737023106544367e-02
7.845919753004851338e-02
7.839131612902539015e-02
7.832372450801325381e-02
7.825642115567091328e-02
7.818940456924972082e-02
7.812267325454423650e-02
7.805622572584332286e-02
7.799006050588085104e-02
7.792417612578797503e-02
7.785857112504480926e-02
7.779324405143178689e-02
7.772819346098239213e-02
7.766341791793637817e-02
7.759891599469102841e-02
7.753468627175570671e-02
7.747072733770407615e-02
7.740703778912837174e-02
7.734361623059278490e-02
7.728046127458770842e-02
7.721757154148399527e-02
7.715494565948714800e-02
7.709258226459281271e-02
7.703048000054117661e-02
7.696863751877236481e-02
7.690705347838219796e-02
7.684572654607771391e-02
7.678465539613324453e-02
7.672383871034681169e-02
7.666327517799587099e-02
7.660296349579508168e-02
7.654290236785261936e-02
7.648309050562712708e-02
7.642352662788590156e-02
7.636420946066191373e-02
7.630513773721174509e-02
7.624631019797376008e-02
7.618772559052673643e-02
7.612973675899920023e-02
7.607251562381055210e-02
7.601552687958897103e-02
7.595876934570351680e-02
7.590224184820401621e-02
7.584594321978120612e-02
7.578987229972873607e-02
7.573402793390450471e-02
7.567840897469303718e-02
7.562301428096702971e-02
7.556784271804986575e-02
7.551289315767843735e-02
7.545816447796492576e-02
7.540365556336048325e-02
7.534936530461815163e-02
7.529529259875622493e-02
7.524143634902144551e-02
7.518779546485283849e-02
7.513436886184561569e-02
7.508115546171566235e-02
7.502815419226309401e-02
7.497536398733722907e-02
7.492278378680154727e-02
7.487041253649764916e-02
7.481824918821096404e-02
7.476629269963640245e-02
7.471454203434306496e-02
7.466299616174003340e-02
7.461249511094208975e-02
7.456227772225861028e-02
7.451225049939824707e-02
7.446241254221334926e-02
7.441276295530614704e-02
7.436330084800293894e-02
7.431402533432934776e-02
7.426493553298514627e-02
7.421603056731870818e-02
7.416730956530279140e-02
7.411877165950986335e-02
7.407041598708680175e-02
