4.688146360592524431e+00
1.506606106349820395e+00
8.219644087734403470e-01
6.764368172908210575e-01
6.146624004464499302e-01
5.784837211544769930e-01
5.531397286953469994e-01
5.356188191067496884e-01
5.217751939734247557e-01
5.102387572869895305e-01
5.000065914152332924e-01
4.903399406136487171e-01
4.814093372792329073e-01
4.730049811208249522e-01
4.652404359085439700e-01
4.582270170586808522e-01
4.517827553635365145e-01
4.454959711055816451e-01
4.393966745246668526e-01
4.336941809671663317e-01
4.281980908538049468e-01
4.228926734809235755e-01
4.178566405484901436e-01
4.129099092723942377e-01
4.080518679270346838e-01
4.032815381319795889e-01
3.985983206326866868e-01
3.940127781502394955e-01
3.895208648415505182e-01
3.851108883786465986e-01
3.807807696809111242e-01
3.765284784831844367e-01
3.723520378147357479e-01
3.682600736684040754e-01
3.643084071308613225e-01
3.604249393936342361e-01
3.566085253310260494e-01
3.528571925428004019e-01
3.491691889911329727e-01
3.455429631516212519e-01
3.419770171186834462e-01
3.385375310550339245e-01
3.352723626384198075e-01
3.320551215615230589e-01
3.288849060556598425e-01
3.257608341177294364e-01
3.227457388058901921e-01
3.198043676545408442e-01
3.169036176571486951e-01
3.140427192006554069e-01
3.112209247659904476e-01
3.084472720522736244e-01
3.057358553741478246e-01
3.030661187078406149e-01
3.004303011630902187e-01
2.978278860469292244e-01
2.952583661677072868e-01
2.927212434921818707e-01
2.902160288314419301e-01
2.877422415525942023e-01
2.852994093134701981e-01
2.828896580401887295e-01
2.805106921926203145e-01
2.781613351531961875e-01
2.758411430413190146e-01
2.735847270255971075e-01
2.714165474589374516e-01
2.693202132778295677e-01
2.672487928328750595e-01
2.652007383731393442e-01
2.631757505623921189e-01
2.611735322875765597e-01
2.591937888069096863e-01
2.572362278815022441e-01
2.553005598918934305e-01
2.533864979407747242e-01
2.514937579430712167e-01
2.496302188678258260e-01
2.478245878156751791e-01
2.460594384051928984e-01
2.443125162565111252e-01
2.425835988341888683e-01
2.408724659785179967e-01
2.391794973530913249e-01
2.375045448637188028e-01
2.358467287139305590e-01
2.342058381412296386e-01
2.325842129389198987e-01
2.309978241824395540e-01
2.294273588068486136e-01
2.278775621798454776e-01
2.263433755112331525e-01
2.248317477943036213e-01
2.233491647232369037e-01
2.218806482231817645e-01
2.204260437681237195e-01
2.189851981900069189e-01
2.175579596935393600e-01
2.161441778693004578e-01
2.147437037052181141e-01
2.133563895964962209e-01
2.119820893540619311e-01
2.106206582116075809e-01
2.092719528312939892e-01
2.079358313081875742e-01
2.066121531734938233e-01
2.053007793966540873e-01
2.040015723863664587e-01
2.027143959905910175e-01
2.014391154955979535e-01
2.001755976241131052e-01
1.989237105326145949e-01
1.976833238078327393e-01
1.964543084625016700e-01
1.952365369304095433e-01
1.940298830607916358e-01
1.928342221121120970e-01
1.916494307452715762e-01
1.904753870162828322e-01
1.893180431100393024e-01
1.881714388761129286e-01
1.870351995048340765e-01
1.859092085696031627e-01
1.847933510033975268e-01
1.836875130884447205e-01
1.825915824456193215e-01
1.815054480235856749e-01
1.804290000877119271e-01
1.793621302087751446e-01
1.783047312514796368e-01
1.772566973628068032e-01
1.762179239602155445e-01
1.751883077197106675e-01
1.741677465637966604e-01
1.731561396493295213e-01
1.721533873552855698e-01
1.711593912704566511e-01
1.701782834431902758e-01
1.692477604861451768e-01
1.683250581999845286e-01
1.674100932671708231e-01
1.665027833165584337e-01
1.656030469154619045e-01
1.647108035616111077e-01
1.638259736750033446e-01
1.629484785896644639e-01
1.620805482234168593e-01
1.612249840593493744e-01
1.603764934408119514e-01
1.595367532406899713e-01
1.587220068788254834e-01
1.579286114113616635e-01
1.571429372666464375e-01
1.563635100806389233e-01
1.555902651638754186e-01
1.548231386135839882e-01
1.540620673033175070e-01
1.533151765425483648e-01
1.525770272005047556e-01
1.518445610637776944e-01
1.511177197536438810e-01
1.503964456388603987e-01
1.496806818242384651e-01
1.489703721394171065e-01
1.482654611278337309e-01
1.475658940358878790e-01
1.468716168022942692e-01
1.461876013657978646e-01
1.455215309517132460e-01
1.448601370053788084e-01
1.442033774490899256e-01
1.435586964168707735e-01
1.429197385108080254e-01
1.422852569844285375e-01
1.416552117148393575e-01
1.410295630067182893e-01
1.404082715872615461e-01
1.397912986011915770e-01
1.391786056058206267e-01
1.385701545661738310e-01
1.379659078501677683e-01
1.373658282238479911e-01
1.367698788466806259e-01
1.361780232669015378e-01
1.355902254169211452e-01
1.350064496087829968e-01
1.344266605296785821e-01
1.338508232375152374e-01
1.332789031565381477e-01
1.327201635061349139e-01
1.321658715940271234e-01
1.316158931489395389e-01
1.310803854190463469e-01
1.305485443051526695e-01
1.300203378013402022e-01
1.294957342355832763e-01
1.289747022657883602e-01
1.284572108758836873e-01
1.279432293719594271e-01
1.274327273784567616e-01
1.269256748344066987e-01
1.264220419897169045e-01
1.259217994015051634e-01
1.254249179304814943e-01
1.249313687373754117e-01
1.244411232794094269e-01
1.239541533068178464e-01
1.234704308594096606e-01
1.229899282631760488e-01
1.225126181269408504e-01
1.220384733390541265e-01
1.215674670641279237e-01
1.210995727398137961e-01
1.206347640736215032e-01
1.201730150397781333e-01
1.197142998761277083e-01
1.192585930810699663e-01
1.188058694105385005e-01
1.183561038750169658e-01
1.179096537088872715e-01
1.174669935527277720e-01
1.170272140171088604e-01
1.165902910872790438e-01
1.161562009890991093e-01
1.157249201862698001e-01
1.152964253775944775e-01
1.148706934942782254e-01
1.144502266770829196e-01
1.140336666737836041e-01
1.136219931277144685e-01
1.132189454614730972e-01
1.128183746728652209e-01
1.124202608651153346e-01
1.120245843448688938e-01
1.116313256195524406e-01
1.112404653947785260e-01
1.108519845717918922e-01
1.104658642449584116e-01
1.100820856992941049e-01
1.097006304080339889e-01
1.093214800302400869e-01
1.089446164084485608e-01
1.085700215663531476e-01
1.081976777065267598e-01
1.078275672081781544e-01
1.074596726249448519e-01
1.070939766827200268e-01
1.067304622775141765e-01
1.063691124733499582e-01
1.060099105001890141e-01
1.056528397518926854e-01
1.052978837842118709e-01
1.049450263128104965e-01
1.045942512113163525e-01
1.042455425094045013e-01
1.038988843909077892e-01
1.035542611919570283e-01
1.032132425320089059e-01
1.028766997090093949e-01
1.025425624178526729e-01
1.022103454863464572e-01
1.018800343985342555e-01
1.015516147788572687e-01
1.012250723904497413e-01
1.009003931334601367e-01
1.005775630433965728e-01
1.002565682894980548e-01
9.993739517312875964e-02
9.962003012619731479e-02
9.930445970959826674e-02
9.899181139926943596e-02
9.868620425451915534e-02
9.838226122626986259e-02
9.807997053850622815e-02
9.777932052144576447e-02
9.748029961031907942e-02
9.718289634416828193e-02
9.688709936466349815e-02
9.659289741493588821e-02
9.630027933842777443e-02
9.600923407776025542e-02
9.571975067361578049e-02
9.543181826363704434e-02
9.514542608134271551e-02
9.486056345505722298e-02
9.457721980685641905e-02
9.429538465152779991e-02
9.401504759554547841e-02
9.373619833605981166e-02
9.345882665990036531e-02
9.318292244259374080e-02
9.290847564739365683e-02
9.263547632432624079e-02
9.236391460924685270e-02
9.209378072291016237e-02
9.182506497005379908e-02
9.155775773849331167e-02
9.129184949822993778e-02
9.102733080057075210e-02
9.076419227725970873e-02
9.050686060093943164e-02
9.025132070926407402e-02
8.999708144831553014e-02
8.974413420156349130e-02
8.949247042660876672e-02
8.924208165434291407e-02
8.899295948812155355e-02
8.874509560294939481e-02
8.849848174467724038e-02
8.825310972921147912e-02
8.800897144173348841e-02
8.776605883593245616e-02
8.752436393324740382e-02
8.728387882212185200e-02
8.704459565726792303e-02
8.680650665894155960e-02
8.656960411222813789e-02
8.633388036633789231e-02
8.609932783391176236e-02
8.586593899033664878e-02
8.563370637307041178e-02
8.540262258097650050e-02
8.517268027366765859e-02
8.494387217085866415e-02
8.471619105172854824e-02
8.448962975429127886e-02
8.426418117477434133e-02
8.403983826700738013e-02
8.381659404181802941e-02
8.359444156643638935e-02
8.337337396390746835e-02
8.315338441251135526e-02
8.293446614519196791e-02
8.271661244899190801e-02
8.249981666449696105e-02
8.228407218528599465e-02
8.206937245738978037e-02
8.185571097875521396e-02
8.164308129871881980e-02
8.143147701748482126e-02
8.122089178561167633e-02
8.101131930350495558e-02
8.080275332091585438e-02
8.059518763644793471e-02
8.038861609706847433e-02
8.018303259762717128e-02
7.997843108038048265e-02
7.977480553452256928e-02
7.957214999572169434e-02
7.937045854566261716e-02
7.916972531159495452e-02
7.896994446588695427e-02
7.877111022558530573e-02
7.857321685197990457e-02
7.837625865017409932e-02
7.818022996866122454e-02
7.798512519890456185e-02
7.779093877492465614e-02
7.759766517288986531e-02
7.740529891071257218e-02
7.721383454765112786e-02
7.702326668391534792e-02
7.683358996027746246e-02
7.664479905768806223e-02
7.645688869689572231e-02
7.626985363807214924e-02
7.608368868044151911e-02
7.589838866191413180e-02
7.571394845872427004e-02
7.553036298507288804e-02
7.534762719277392218e-02
7.516573607090523690e-02
7.498468464546358125e-02
7.480446797902329248e-02
7.462508117039937106e-02
7.444651935431430279e-02
7.426877770106875276e-02
7.409185141621620063e-02
7.391573574024097593e-02
7.374042594824062324e-02
7.356591734961143159e-02
7.339220528773712782e-02
7.321928513968287144e-02
7.304715231589055391e-02
7.287580225987864979e-02
7.270523044794578726e-02
7.253543238887702471e-02
7.236640362365358292e-02
7.219813972516588019e-02
7.203063629792995359e-02
7.186388897780685014e-02
7.169789343172495999e-02
7.153264535740583296e-02
7.136814048309285397e-02
7.120437456728294368e-02
7.104134339846090995e-02
7.087939100673847082e-02
7.072096743044996303e-02
7.056323153372753842e-02
7.040617955494130054e-02
7.024980775799360977e-02
7.009411243209932862e-02
6.993908989156913392e-02
6.978473647559524373e-02
6.963104854803928156e-02
6.947802249722281887e-02
6.932565473572001313e-02
6.917394170015241095e-02
6.902287985098667922e-02
6.887246567233357153e-02
6.872269567174964233e-02
6.857356638004177829e-02
6.842789802173289415e-02
6.828309981275974827e-02
6.813890841016639888e-02
6.799532057453222533e-02
6.785233308815902253e-02
6.770994275488544101e-02
6.756814639990367521e-02
6.742694086957751187e-02
6.728632303126332037e-02
6.714628977313212566e-02
6.700683800399458157e-02
6.686796465312665194e-02
6.672966667009866404e-02
6.659194102460491704e-02
6.645478470629585799e-02
6.631819472461208953e-02
6.618216810861975163e-02
6.604670190684810982e-02
6.591179318712823976e-02
6.577766153983678754e-02
6.564624952110023615e-02
6.551536425162438060e-02
6.538500306974570631e-02
6.525516333027572835e-02
6.512584240437581384e-02
6.499703767943471044e-02
6.486929948182658390e-02
6.474322121772295435e-02
6.461764102480425931e-02
6.449255639268391960e-02
6.436796482659011553e-02
6.424386384724792287e-02
6.412025099076222590e-02
6.399712380850233751e-02
6.387447986698754909e-02
6.375231674777338819e-02
6.363063204733966638e-02
6.350942337697826345e-02
6.338868836268389539e-02
6.326842464504338348e-02
6.314862987912854553e-02
6.302930173438796302e-02
6.291043789454106583e-02
6.279203605747261940e-02
6.267409393512800297e-02
6.255660925340963963e-02
6.243957975207512640e-02
6.232300318463464273e-02
6.220687731825067651e-02
6.209119993363806933e-02
6.197712921558024696e-02
6.186398639158232488e-02
6.175127301682617476e-02
6.163898699947086696e-02
6.152712626033710747e-02
6.141568873281508245e-02
6.130467236277323956e-02
6.119407510846653492e-02
6.108389494044785817e-02
6.097412984147754927e-02
6.086477780643580887e-02
6.075583684223483105e-02
6.064730496773175494e-02
6.053918021364262936e-02
6.043146062245693950e-02
6.032414424835338268e-02
6.021722915711531093e-02
6.011134943270770442e-02
6.000674413605485563e-02
5.990251352760891240e-02
5.979865594843412208e-02
5.969516974836968498e-02
5.959205328597662332e-02
5.948930492848374801e-02
5.938692305173564473e-02
5.928490604013929993e-02
5.918325228661261428e-02
5.908196019253242337e-02
5.898102816768336504e-02
5.888045463020624010e-02
5.878059699345664080e-02
5.868219458802786254e-02
5.858413619120703825e-02
5.848642028680936522e-02
5.838904536701086667e-02
5.829200993229213118e-02
5.819531249138101825e-02
5.809895156119687654e-02
5.800292566679464412e-02
5.790723334130971206e-02
5.781187312590310018e-02
5.771684356970698676e-02
5.762214322977180642e-02
5.752777067101131486e-02
5.743372446615071375e-02
5.734000319567411630e-02
5.724660544777205456e-02
5.715352981829015938e-02
5.706077491067779173e-02
5.696833933593725696e-02
5.687622171257347703e-02
5.678442066654417614e-02
5.669293483121020522e-02
5.660176284728642843e-02
5.651090336279285947e-02
5.642035503300667915e-02
5.633011652041375328e-02
5.624018649466187153e-02
5.615056363251272331e-02
5.606124661779578189e-02
5.597223414136139052e-02
5.588352490103534048e-02
5.579511760157251921e-02
5.570701095461209895e-02
5.561920367863261438e-02
5.553169449890700549e-02
5.544448214745879150e-02
5.535756536301810610e-02
5.527094289097823909e-02
5.518461348335231692e-02
5.509857589873044803e-02
5.501282890223756217e-02
5.492737126549108312e-02
5.484220176655898310e-02
5.475731918991868369e-02
5.467272232641508939e-02
5.458840997322104982e-02
5.450438093379553206e-02
5.442063401784432569e-02
5.433716804127975558e-02
5.425398182618099835e-02
5.417107420075548824e-02
5.408844399929903235e-02
5.400609006215765368e-02
5.392401123568943411e-02
5.384220637222617012e-02
5.376067433003533375e-02
5.367941397328329645e-02
5.359842417199767867e-02
5.351800225506492953e-02
5.343914828416443386e-02
5.336055093983503583e-02
5.328220916511831190e-02
5.320412190860503848e-02
5.312628812439902648e-02
5.304870677208036595e-02
5.297137681666896913e-02
5.289429722858942501e-02
5.281746698363466719e-02
5.274088506293130724e-02
5.266455045290432957e-02
5.258846214524236923e-02
5.251261913686356558e-02
5.243702042988109685e-02
5.236166503156947094e-02
5.228655195433117714e-02
5.221168021566298389e-02
5.213704883812281254e-02
5.206265684929763105e-02
5.198850328177033464e-02
5.191458717308745918e-02
5.184090756572787978e-02
5.176746350707026045e-02
5.169425404936188462e-02
5.162127824968750639e-02
5.154853516993858353e-02
5.147602387678189284e-02
5.140374344162973452e-02
5.133169294060895005e-02
5.125987145453186206e-02
5.118827806886558363e-02
5.111691187370312472e-02
5.104577196373341619e-02
5.097485743821316556e-02
5.090416740093724884e-02
5.083370096021032347e-02
5.076345722881842049e-02
5.069343532400080732e-02
5.062363436742194772e-02
5.055405348514405151e-02
5.048469180759905528e-02
5.041554846956195629e-02
5.034662261012262663e-02
5.027791337266046545e-02
5.020941990481628259e-02
5.014114135846677034e-02
5.007307688969768467e-02
5.000522565877795617e-02
