6.221858716236512432e-01
7.131612698420133345e-01
6.827159667903169860e-01
6.584779033467101916e-01
6.384340066106637401e-01
6.208785009322690396e-01
6.052744037044688330e-01
5.913775162881637071e-01
5.790142296025828639e-01
5.678377726675084558e-01
5.577216292814928256e-01
5.485684308590952352e-01
5.401936635329505076e-01
5.324791130591652877e-01
5.254336570796143135e-01
5.190605675706424504e-01
5.131334318232926295e-01
5.075979065537471469e-01
5.023637604418947911e-01
4.976243657079550964e-01
4.932295259710557933e-01
4.889726578272754476e-01
4.848436506306327276e-01
4.808334706306788831e-01
4.771526456648498282e-01
4.735829142549944915e-01
4.701028859937363413e-01
4.667064414982175502e-01
4.633881322095167454e-01
4.601430963609470792e-01
4.569669858976965204e-01
4.538608864658816300e-01
4.508845937976235785e-01
4.480667883267163143e-01
4.455279363191771980e-01
4.430363321967439316e-01
4.405896297968651676e-01
4.382486755960760538e-01
4.360377974002419554e-01
4.338586193720584960e-01
4.317099303528044163e-01
4.295906179629092603e-01
4.274996577147657240e-01
4.254361034564586030e-01
4.233990789762374640e-01
4.213877706198242978e-01
4.194014207919584680e-01
4.174393222303390827e-01
4.155008129546703399e-01
4.135852718061389099e-01
4.116921145036115393e-01
4.098207901523554519e-01
4.079707781493586150e-01
4.061415854364954781e-01
4.043327440590309685e-01
4.025438089923799034e-01
4.007743562047445529e-01
3.990239809273659066e-01
3.972922961076785220e-01
3.955789310237733392e-01
3.938835300412695251e-01
3.922193830543921345e-01
3.906482894859309440e-01
3.890916718060369872e-01
3.876150651489869148e-01
3.861525650399367793e-01
3.847463503021679165e-01
3.833766028423671313e-01
3.820166504890405990e-01
3.806664000132372050e-01
3.793257593131982297e-01
3.779946373473486720e-01
3.766729440787877636e-01
3.753605904294463058e-01
3.740574882423560177e-01
3.727635502506911336e-01
3.714786900524540969e-01
3.702056177969926809e-01
3.690584813859664748e-01
3.679178643389527936e-01
3.667837347851411467e-01
3.656560600358703672e-01
3.645874026872302220e-01
3.635263495675537526e-01
3.624713075249401673e-01
3.614678088552542579e-01
3.604742268525454318e-01
3.594852876928377183e-01
3.585009740668980704e-01
3.575212684019684062e-01
3.565461528747417841e-01
3.555756094241332987e-01
3.546096197638137215e-01
3.536481653944756331e-01
3.526912276158197246e-01
3.517387875382392837e-01
3.507908260941959844e-01
3.498473240492755432e-01
3.489082620129224099e-01
3.479736204488473317e-01
3.470433796851102870e-01
3.461175199238782918e-01
3.451960212508616288e-01
3.442788636444318318e-01
3.433929471457179416e-01
3.425564313620551027e-01
3.417233101461351064e-01
3.408935708694227906e-01
3.400672008394339807e-01
3.392441873025852650e-01
3.384245174470811857e-01
3.376081784058280189e-01
3.367951572593647080e-01
3.359854410387991819e-01
3.351790167287432842e-01
3.343963812007370584e-01
3.336212510269489506e-01
3.328493312712326735e-01
3.320806066523772082e-01
3.313150618829563410e-01
3.305526816736056861e-01
3.297934507370967050e-01
3.290373537922197111e-01
3.282843755674808572e-01
3.275345008046217088e-01
3.267877142619731168e-01
3.260440007176423904e-01
3.253033449725501458e-01
3.245657318533148317e-01
3.238311462149980891e-01
3.230995729437117769e-01
3.223709969590962676e-01
3.216454032166731203e-01
3.209227767100777395e-01
3.202031024731784026e-01
3.194863655820850967e-01
3.187725511570529968e-01
3.180616443642846902e-01
3.173536304176374223e-01
3.166484945802363060e-01
3.159462221659993797e-01
3.152467985410782325e-01
3.145502091252163068e-01
3.138564393930294849e-01
3.131654748752129014e-01
3.124773011596751471e-01
3.117919038926035280e-01
3.111092687794650424e-01
3.104293815859427985e-01
3.097522281388130905e-01
3.090777943267647432e-01
3.084060661011621685e-01
3.077370294767560743e-01
3.070706705323438812e-01
3.064069754113798449e-01
3.057459303225404379e-01
3.050875215402439333e-01
3.044317354051275237e-01
3.037785583244843601e-01
3.031279767726597907e-01
3.024799772914117391e-01
3.018345464902346120e-01
3.011916710466486236e-01
3.005513377064569780e-01
2.999135332839713008e-01
2.992782446622065939e-01
2.986454587930489901e-01
2.980151626973940870e-01
2.973873434652608005e-01
2.967619882558792943e-01
2.961390842977552618e-01
2.955186188887113374e-01
2.949005793959066923e-01
2.942849532558359238e-01
2.936717279743077946e-01
2.930608911264058203e-01
2.924524303564298156e-01
2.918463333778206770e-01
2.912425879730694001e-01
2.906411819936092211e-01
2.900421033596941589e-01
2.894453400602621795e-01
2.888508801527867598e-01
2.882587117631132401e-01
2.876688230852851857e-01
2.870812023813582581e-01
2.864958379812029277e-01
2.859127182822974178e-01
2.853318317495107115e-01
2.847531669148759548e-01
2.841767123773551451e-01
2.836024568025956594e-01
2.830303889226788994e-01
2.824604975358612213e-01
2.818927715063086481e-01
2.813271997638236988e-01
2.807637713035673888e-01
2.802024751857745133e-01
2.796433005354636570e-01
2.790862365421426516e-01
2.785312724595080947e-01
2.779783976051415917e-01
2.774276013602013369e-01
2.768788731691093075e-01
2.763322025392360159e-01
2.757875790405808214e-01
2.752449923054500758e-01
2.747044320281312735e-01
2.741658879645665348e-01
2.736293499320209266e-01
2.730948078087521713e-01
2.725622515336745266e-01
2.720316711060247750e-01
2.715030565850236055e-01
2.709763980895367186e-01
2.704516857977359856e-01
2.699289099467571673e-01
2.694080608323584092e-01
2.688891288085780151e-01
2.683721042873910556e-01
2.678569777383651984e-01
2.673437396883172612e-01
2.668323807209693754e-01
2.663228914766040401e-01
2.658152626517204520e-01
2.653094849986903370e-01
2.648055493254146131e-01
2.643034464949791662e-01
2.638031674253129566e-01
2.633047030888454043e-01
2.628080445121638853e-01
2.623131827756738366e-01
2.618201090132579179e-01
2.613288144119368939e-01
2.608392902115308498e-01
2.603515277043224052e-01
2.598655182347198167e-01
2.593812531989219683e-01
2.588987240445843052e-01
2.584179222704859336e-01
2.579388394261984407e-01
2.574614671117547715e-01
2.569857969773216011e-01
2.565118207228708203e-01
2.560395300978541289e-01
2.555689169008783512e-01
2.550999729793828608e-01
2.546366018846923929e-01
2.541762005777395972e-01
2.537174204648234843e-01
2.532602535489534290e-01
2.528046918833785628e-01
2.523507275712019715e-01
2.518983527649978904e-01
2.514475596664311752e-01
2.509983405258825462e-01
2.505541823787830191e-01
2.501267292037842593e-01
2.497007429365913356e-01
2.492762158455492094e-01
2.488531402586540153e-01
2.484315085629039133e-01
2.480113132036566026e-01
2.475925466839982714e-01
2.471752015641205946e-01
2.467592704607060039e-01
2.463465598522997790e-01
2.459418053185722930e-01
2.455383677356798300e-01
2.451362406642112746e-01
2.447354177098671479e-01
2.443358925229964229e-01
2.439376587981391120e-01
2.435407102735778206e-01
2.431450407308934358e-01
2.427506439945296968e-01
2.423575139313625393e-01
2.419656444502769621e-01
2.415750295017491667e-01
2.411856630774360799e-01
2.407975392097689571e-01
2.404106519715548673e-01
2.400249954755828696e-01
2.396405638742359068e-01
2.392573513591083889e-01
2.388753521606291619e-01
2.384945605476902486e-01
2.381149708272799481e-01
2.377365773441219576e-01
2.373593744803193240e-01
2.369833566550026971e-01
2.366085183239845791e-01
2.362348539794172642e-01
2.358623581494563026e-01
2.354910253979283496e-01
2.351208503240027614e-01
2.347548057958550038e-01
2.344000087712902469e-01
2.340462756450885085e-01
2.336936011193385399e-01
2.333419799404364281e-01
2.329914068985388109e-01
2.326418768270232529e-01
2.322933846019577253e-01
2.319459251415798007e-01
2.315994934057808152e-01
2.312540843956003012e-01
2.309096931527275243e-01
2.305663147590098772e-01
2.302239443359704041e-01
2.298825770443307659e-01
2.295422080835431144e-01
2.292028326913281011e-01
2.288644461432198796e-01
2.285270437521190190e-01
2.281906208678508297e-01
2.278653360828276908e-01
2.275425521638397841e-01
2.272206821547783917e-01
2.268997217923958976e-01
2.265796668468855468e-01
2.262605131214884269e-01
2.259487097555055446e-01
2.256391445917364791e-01
2.253304136972721916e-01
2.250225132167108788e-01
2.247154393262535965e-01
2.244091882333261734e-01
2.241037561762036778e-01
2.237991394236426290e-01
2.234953342745166494e-01
2.231923370574596110e-01
2.228901441305112807e-01
2.225887518807706522e-01
2.222881567240527212e-01
2.219883551045510328e-01
2.216893434945044761e-01
2.213911183938689076e-01
2.210936763299950480e-01
2.207970138573081553e-01
2.205011275569949691e-01
2.202060140366938479e-01
2.199116699301893463e-01
2.196180918971116780e-01
2.193252766226397033e-01
2.190332208172089123e-01
2.187419212162232396e-01
2.184513745797711515e-01
2.181615776923450101e-01
2.178725273625654879e-01
2.175842204229090637e-01
2.172966537294396816e-01
2.170098241615442958e-01
2.167237286216714964e-01
2.164383640350749927e-01
2.161563408707203870e-01
2.158779059810388701e-01
2.156001663916995159e-01
2.153231191250753185e-01
2.150467612265004325e-01
2.147710897640121019e-01
2.144961018280957810e-01
2.142217945314346672e-01
2.139481650086621223e-01
2.136752104161171173e-01
2.134029279316040084e-01
2.131313147541536723e-01
2.128603681037902762e-01
2.125900852212993519e-01
2.123204633679994791e-01
2.120514998255178529e-01
2.117831918955671300e-01
2.115155368997269913e-01
2.112485321792278159e-01
2.109821750947368513e-01
2.107197077575081456e-01
2.104651339198415905e-01
2.102111252298846655e-01
2.099576796897973663e-01
2.097047953153397537e-01
2.094524701357196872e-01
2.092007021934421396e-01
2.089510978826261967e-01
2.087028643321871824e-01
2.084551672413524626e-01
2.082080048771566827e-01
2.079613755164591016e-01
2.077152774458461970e-01
2.074697089615346879e-01
2.072293110183167641e-01
2.069895187035850903e-01
2.067501718684376655e-01
2.065112697552884957e-01
2.062728116055158045e-01
2.060347966594964775e-01
2.057972241566390081e-01
2.055600933354174709e-01
2.053234034334034397e-01
2.050871536872998502e-01
2.048513433329723077e-01
2.046159716054820332e-01
2.043810377391166166e-01
2.041465409674221299e-01
2.039124805232337412e-01
2.036788556387068849e-01
2.034456655453471263e-01
2.032129094740409703e-01
2.029805866550852822e-01
2.027486963182165702e-01
2.025172376926406004e-01
2.022862100070610958e-01
2.020556124897083805e-01
2.018254443683673294e-01
2.015957048704059007e-01
2.013663932228018094e-01
2.011375086521711153e-01
2.009090503847939801e-01
2.006810176466426177e-01
2.004534096634067175e-01
2.002262256605199797e-01
1.999994648631858718e-01
1.997731264964033304e-01
1.995472097849916304e-01
1.993217139536156146e-01
1.990966382268102020e-01
1.988719818290047570e-01
1.986477439845469040e-01
1.984239239177269798e-01
1.982005208528006823e-01
1.979775340140124962e-01
1.977549626256190074e-01
1.975328059119111912e-01
1.973110630972366997e-01
1.970897334060221495e-01
1.968688160627945494e-01
1.966483102922031989e-01
1.964282153190407554e-01
1.962085303682643000e-01
1.959892546650157941e-01
1.957703874346426731e-01
1.955519279027180535e-01
1.953338752950606050e-01
1.951162288377542853e-01
1.948989877571674079e-01
1.946821512799720433e-01
1.944657186331626708e-01
1.942496890440753021e-01
1.940340617404050227e-01
1.938188359502249491e-01
1.936040109020036593e-01
1.933895858246225397e-01
1.931755599473938267e-01
1.929619325000772323e-01
1.927487027128970409e-01
1.925358698165588467e-01
1.923234330422656235e-01
1.921113916217345452e-01
1.918997447872122231e-01
1.916884917714910264e-01
1.914776318079240980e-01
1.912671641304410086e-01
1.910570879735628835e-01
1.908474025724166134e-01
1.906381071627505364e-01
1.904292009809473996e-01
1.902206832640399858e-01
1.900125532497241310e-01
1.898048101763729623e-01
1.895974532830501935e-01
1.893904818095238085e-01
1.891838949962784677e-01
1.889776920845294417e-01
1.887718723162346290e-01
1.885664349341073798e-01
1.883614451283893709e-01
1.881653629551410245e-01
1.879696109466563736e-01
1.877741885778678732e-01
1.875790953237549963e-01
1.873843306593548363e-01
1.871898940597706007e-01
1.869957850001820188e-01
1.868020029558542516e-01
1.866085474021472179e-01
1.864154178145245866e-01
1.862226136685639355e-01
1.860301344399644952e-01
1.858379796045569465e-01
1.856461486383116921e-01
1.854546410173483206e-01
1.852634562179438504e-01
1.850725937165413615e-01
1.848820529897587384e-01
1.846918335143966361e-01
1.845019347674479726e-01
1.843123562261045345e-01
1.841230973677666360e-01
1.839341576700502245e-01
1.837455366107957344e-01
1.835572336680752759e-01
1.833692483202006007e-01
1.831815800457315679e-01
1.829942283234828881e-01
1.828071926325323393e-01
1.826204724522280110e-01
1.824340672621957982e-01
1.822479765423465348e-01
1.820621997728838204e-01
1.818767364343107373e-01
1.816915860074366784e-01
1.815067479733852018e-01
1.813222218136001651e-01
1.811380070098532746e-01
1.809541030442501086e-01
1.807705093992375001e-01
1.805872255576094487e-01
1.804042510025146429e-01
1.802232241260249557e-01
1.800443512201788943e-01
1.798672053351322853e-01
1.796907553912391875e-01
1.795145683308577156e-01
1.793386439180632841e-01
1.791629819156168868e-01
1.789875820849830823e-01
1.788124441863473968e-01
1.786375679786338933e-01
1.784629532195227963e-01
1.782885996654674232e-01
1.781145070717113921e-01
1.779406751923049979e-01
1.777671037801226706e-01
1.775937925868788514e-01
1.774207413631439800e-01
1.772479498583614532e-01
1.770754178208630292e-01
1.769031449978847870e-01
1.767311311355830028e-01
1.765593759790489159e-01
1.763878792723248268e-01
1.762166407584187244e-01
1.760456601793194409e-01
1.758749372760113894e-01
1.757044717884895801e-01
1.755342634557736370e-01
1.753643120159225077e-01
1.751946172060485640e-01
1.750251787623314237e-01
1.748559964200325501e-01
1.746870699135084359e-01
1.745183989762242316e-01
1.743499833407673727e-01
1.741818227388612361e-01
1.740139169013777964e-01
1.738462655583508931e-01
1.736788684389894144e-01
1.735117252716896208e-01
1.733448357840482734e-01
1.731781997028745967e-01
1.730118167542033236e-01
1.728456866633066580e-01
1.726798091547061265e-01
1.725141839521849019e-01
1.723488107787996271e-01
1.721836893568924332e-01
1.720188194081016253e-01
1.718542006533746447e-01
1.716898328129780882e-01
1.715257156065097821e-01
1.713618487529094958e-01
1.711982319704703215e-01
1.710348649768494156e-01
1.708717474890788235e-01
1.707088792235761099e-01
1.705462598961548226e-01
1.703838892220351786e-01
1.702217669158546665e-01
1.700598926916773723e-01
1.698982662630051932e-01
1.697368873427869129e-01
1.695757556434288882e-01
1.694148708768042910e-01
1.692542327542635172e-01
1.690938409866428183e-01
1.689336952842745987e-01
1.687737953569965199e-01
1.686141409141609926e-01
1.684547316646440029e-01
1.682955673168546329e-01
1.681366475787438031e-01
1.679779721578133489e-01
1.678195407611250412e-01
1.676613530953086351e-01
1.675034088665714738e-01
1.673457077807058990e-01
1.671882495430990767e-01
1.670310338587400190e-01
1.668740604322289101e-01
1.667173289677847947e-01
1.665608391692532941e-01
