4.571567909254120821e+00
8.461117566617881725e-01
6.643124804470758038e-01
6.315320006478858383e-01
6.095236822439679125e-01
5.895599371133000144e-01
5.710759366961785100e-01
5.539225405436948302e-01
5.380614921287412145e-01
5.240368029982832576e-01
5.111130676419621821e-01
4.991664003380230086e-01
4.888129111991191267e-01
4.790001961782464068e-01
4.701903484087553431e-01
4.619449043505391983e-01
4.543402311412415573e-01
4.471735947963154656e-01
4.409066286354268449e-01
4.348375001303322884e-01
4.291029870094728582e-01
4.236281701106763276e-01
4.183369484582116216e-01
4.131798828818310509e-01
4.081503488486366016e-01
4.032421403811299876e-01
3.984624435629690598e-01
3.938404891735797775e-01
3.893205642387290721e-01
3.848983704898085167e-01
3.805699056171517602e-01
3.763314418867742539e-01
3.721795050242576730e-01
3.681156093575881361e-01
3.641737794296240893e-01
3.603079325496975627e-01
3.565155661166654055e-01
3.527943231978578620e-01
3.491419806612383603e-01
3.455564383229353664e-01
3.420753945833060472e-01
3.386777115150482187e-01
3.353436888876962230e-01
3.321073509060774587e-01
3.289290293692754830e-01
3.258070292020489589e-01
3.227397355670431067e-01
3.197256084762508110e-01
3.167631778476898141e-01
3.138510389664043165e-01
3.109878483126815030e-01
3.082605574597521159e-01
3.055950532312637358e-01
3.029703052652044648e-01
3.003853380224233427e-01
2.978392176287523174e-01
2.953310489886615819e-01
2.928599731579480392e-01
2.904251649490476317e-01
2.880258307454581224e-01
2.856612065043191984e-01
2.833305559284574060e-01
2.810331687912289156e-01
2.787683593992632547e-01
2.765354651798074270e-01
2.743338453807624977e-01
2.721628798727661058e-01
2.700556968855337137e-01
2.679939613844704582e-01
2.660346707852513370e-01
2.640983628231265423e-01
2.621847413190907528e-01
2.602935139439589429e-01
2.584243921126536669e-01
2.565770908901873759e-01
2.547513289078667809e-01
2.529468282884110297e-01
2.511633145788322863e-01
2.494005166900651327e-01
2.476581668424459870e-01
2.459360005162562757e-01
2.442337564066343336e-01
2.425511763822433831e-01
2.408880054471616849e-01
2.392439917055219911e-01
2.376188863284862118e-01
2.360124435231958639e-01
2.344244205033804984e-01
2.328545774613487718e-01
2.313026775411224367e-01
2.297684868125041135e-01
2.282517742458992083e-01
2.267523116877341038e-01
2.252698738363397291e-01
2.238042382181820722e-01
2.223551851643460198e-01
2.209224977871845352e-01
2.195059619570683684e-01
2.181053662791766490e-01
2.167205020702785423e-01
2.153511633354691091e-01
2.139971467448305020e-01
2.126582516099873865e-01
2.113342798605463979e-01
2.100250360204007627e-01
2.087303271838945595e-01
2.074499629918399590e-01
2.062114793050959238e-01
2.049931018366168145e-01
2.037879614764697978e-01
2.025958795833990578e-01
2.014166802464461836e-01
2.002501902414187962e-01
1.990973497413720816e-01
1.979595364238563304e-01
1.968336479742995304e-01
1.957195292206424242e-01
1.946170273020652874e-01
1.935259916323307239e-01
1.924462738637554848e-01
1.913777278517983793e-01
1.903202096202442906e-01
1.892735773269703936e-01
1.882376912302797245e-01
1.872124136557883622e-01
1.861976089638527065e-01
1.851931435175275253e-01
1.841988856510387018e-01
1.832147056387652684e-01
1.822404756647166835e-01
1.812760697924967468e-01
1.803213639357466036e-01
1.793762358290540426e-01
1.784405649993261178e-01
1.775142327376117712e-01
1.765971220713701550e-01
1.756925067213674918e-01
1.748496249961873361e-01
1.740141672450659094e-01
1.731860520653278057e-01
1.723651991496953639e-01
1.715515292690090732e-01
1.707449642552464064e-01
1.699454269848379995e-01
1.691528413622710725e-01
1.683671323039790391e-01
1.675882257225091154e-01
1.668160485109634050e-01
1.660505285277096010e-01
1.652915945813548393e-01
1.645391764159788162e-01
1.637932046966215915e-01
1.630550892287939146e-01
1.623245690773781336e-01
1.616003723868044417e-01
1.608824303017814539e-01
1.601706748950707249e-01
1.594650391527062949e-01
1.587654569594742215e-01
1.580718630846429940e-01
1.573841931679457462e-01
1.567026661172579438e-01
1.560370318947343349e-01
1.553768213993527436e-01
1.547219808566746846e-01
1.540724571494857531e-01
1.534281978075083819e-01
1.527891509973320072e-01
1.521552655125526232e-01
1.515264907641166170e-01
1.509027767708629453e-01
1.502840741502594057e-01
1.496703341093262585e-01
1.490615084357419240e-01
1.484575494891279268e-01
1.478584101925057293e-01
1.472640440239233739e-01
1.466744050082450512e-01
1.460894477091003452e-01
1.455091272209911857e-01
1.449333991615469330e-01
1.443622196639305078e-01
1.437955453693864627e-01
1.432333334199294705e-01
1.426755414511704789e-01
1.421221275852754262e-01
1.415730504240544085e-01
1.410282690421766350e-01
1.404935689788379960e-01
1.399679334137882702e-01
1.394463598291608153e-01
1.389288104959459369e-01
1.384152481003263213e-01
1.379056357382910936e-01
1.373999369103338641e-01
1.368981155162316832e-01
1.364001358499061234e-01
1.359059625943620508e-01
1.354155608167048608e-01
1.349288959632325147e-01
1.344459338546028504e-01
1.339666406810736954e-01
1.334909829978146445e-01
1.330189277202890874e-01
1.325504421197052640e-01
1.320854938185350158e-01
1.316240507860992615e-01
1.311660813342179766e-01
1.307115541129252878e-01
1.302604381062468231e-01
1.298127026280386787e-01
1.293683173178875323e-01
1.289272521370694591e-01
1.284894773645695043e-01
1.280549635931549357e-01
1.276236817255087808e-01
1.271956029704169600e-01
1.267706988390099876e-01
1.263489411410584629e-01
1.259303019813219349e-01
1.255147537559482829e-01
1.251022691489255545e-01
1.246928725490266121e-01
1.242865149547913300e-01
1.238889541152296825e-01
1.234950820229025609e-01
1.231040215055235476e-01
1.227157488931762824e-01
1.223302407418201260e-01
1.219474738310017542e-01
1.215674251615886242e-01
1.211900719535219106e-01
1.208153916435913133e-01
1.204433618832301406e-01
1.200739605363305290e-01
1.197071656770801323e-01
1.193429555878180170e-01
1.189813087569124017e-01
1.186222038766569786e-01
1.182656198411888016e-01
1.179147835365255692e-01
1.175738922603757064e-01
1.172353098051960585e-01
1.168990178529034502e-01
1.165649982471674284e-01
1.162380681496693186e-01
1.159251136707744878e-01
1.156230007554324285e-01
1.153227635661395051e-01
1.150243827223279836e-01
1.147278458230667764e-01
1.144331405407741642e-01
1.141402546211799374e-01
1.138491758832732154e-01
1.135649335543980620e-01
1.132941959070600663e-01
1.130249844883759042e-01
1.127572906997847957e-01
1.124911059679124803e-01
1.122264217451989232e-01
1.119632295105034009e-01
1.117015207696866047e-01
1.114492842645102982e-01
1.111989105707170966e-01
1.109498836027639213e-01
1.107021962838513063e-01
1.104558415517008646e-01
1.102108123591900440e-01
1.099671016749641239e-01
1.097247024840297125e-01
1.094836077883275388e-01
1.092438106072853993e-01
1.090053039783528410e-01
1.087680809575166940e-01
1.085321346198002135e-01
1.082974580597414055e-01
1.080640443918584881e-01
1.078318867510948548e-01
1.076009782932506459e-01
1.073713121953967786e-01
1.071428816562742248e-01
1.069156798966785504e-01
1.066897001598288569e-01
1.064649357117238709e-01
1.062413798414827970e-01
1.060190258616738324e-01
1.057978671086281797e-01
1.055778969427429992e-01
1.053591087487699696e-01
1.051414959360932461e-01
1.049250519389941932e-01
1.047097702169063754e-01
1.044956442546572106e-01
1.042826675627001320e-01
1.040708336773357445e-01
1.038601361609225587e-01
1.036505686020771783e-01
1.034421246158657021e-01
1.032347978439844549e-01
1.030285819549320997e-01
1.028234706441725627e-01
1.026194576342888687e-01
1.024165366751282613e-01
1.022147015439401063e-01
1.020139460455035813e-01
1.018142640122501191e-01
1.016156493043754300e-01
1.014180958099461238e-01
1.012215974449977851e-01
1.010261481536267048e-01
1.008317419080741600e-01
1.006383727088044217e-01
1.004460345845758079e-01
1.002547215925062574e-01
1.000644278181314351e-01
9.987514737545778731e-02
9.968687440700967073e-02
9.949960308387068020e-02
9.931332760571896789e-02
9.912804220085834339e-02
9.894374112624336470e-02
9.876041866749935005e-02
9.857806913893789325e-02
9.839668688356699444e-02
9.821626627309777702e-02
9.803680170794520921e-02
9.785828761722566160e-02
9.768071845874902459e-02
9.750408871900845265e-02
9.732839291316419672e-02
9.715362558502520229e-02
9.697978130702517019e-02
9.680685468019736839e-02
9.663484033414371233e-02
9.646373292700116675e-02
9.629352714540546920e-02
9.612421770445057911e-02
9.595579934764622565e-02
9.578826684687065385e-02
9.562161500232277400e-02
9.545583864246902361e-02
9.529093262398967423e-02
9.512689183172071128e-02
9.496371117859456201e-02
9.480138560557700711e-02
9.463991008160316243e-02
9.447927960350914478e-02
9.431948919596461200e-02
9.416053391139875273e-02
9.400240882992862146e-02
9.384510905928254709e-02
9.368862973472222300e-02
9.353525103316966127e-02
9.338754400608369199e-02
9.324058678838918757e-02
9.309437492319844187e-02
9.294890398097775674e-02
9.280416955941263313e-02
9.266016728326918750e-02
9.251689280425857975e-02
9.237811475664363392e-02
9.224075917432575378e-02
9.210407820134894341e-02
9.196806794803005780e-02
9.183272454745902702e-02
9.169804415540006026e-02
9.156402295019414050e-02
9.143065713266103345e-02
9.129794292599989480e-02
9.116587657568939185e-02
9.103445434938825520e-02
9.090367253683478976e-02
9.077352744974563625e-02
9.064401542171461601e-02
9.051513280811178397e-02
9.038687598598066364e-02
9.025924135393656456e-02
9.013222533206374787e-02
9.000582436181278623e-02
8.988003490589759059e-02
8.975485344819247868e-02
8.963027649362796667e-02
8.950630056808814294e-02
8.938292221830596018e-02
8.926013801176019280e-02
8.913794453657093719e-02
8.901633840139645815e-02
8.889531623532746785e-02
8.877487468778443025e-02
8.865501042841239521e-02
8.853572014697744241e-02
8.841700055326208452e-02
8.829884837696082289e-02
8.818126036757602260e-02
8.806423329431463387e-02
8.794844237382735963e-02
8.783352264906359175e-02
8.771984680456666739e-02
8.760722054908923195e-02
8.749511420690461727e-02
8.738352495730765390e-02
8.727787394636729590e-02
8.717419840931024677e-02
8.707100784025301188e-02
8.696829951447720974e-02
8.686607072282548359e-02
8.676431877163980066e-02
8.666304098269977940e-02
8.656223469315903196e-02
8.646189725548258931e-02
8.636202603738298011e-02
8.626261842175624028e-02
8.616375920313133763e-02
8.606683727601902034e-02
8.597035838294442289e-02
8.587432005186861061e-02
8.577871982512470794e-02
8.568355525935408834e-02
8.558882392544193973e-02
8.549452340845282994e-02
8.540065130756660516e-02
8.530720523601240113e-02
8.521418282100456931e-02
8.512158170367693788e-02
8.502939953901733627e-02
8.493763399580241125e-02
8.484628275653124940e-02
8.475534351736024874e-02
8.466481398803658853e-02
8.457469189183258740e-02
8.448497496547929808e-02
8.439566095909994958e-02
8.430674763614466605e-02
8.421823277332304847e-02
8.413011416053831071e-02
8.404238960082066612e-02
8.395505691026126927e-02
8.386811391794525561e-02
8.378155846588543343e-02
8.369538840895590637e-02
8.360960161482583475e-02
8.352419596389262790e-02
8.343916934921571937e-02
8.335451967645039761e-02
8.327024486378123425e-02
8.318634284185651151e-02
8.310281155372090112e-02
8.301964895475019701e-02
8.293685301258600651e-02
8.285442170706788789e-02
8.277235303016955426e-02
8.269064498593171886e-02
8.260929559039741077e-02
8.252830287154601374e-02
8.244766486922827653e-02
8.236737963510058769e-02
8.228744523255997201e-02
8.220785973668001678e-02
8.212862123414450821e-02
8.204972782318427360e-02
8.197117761351148391e-02
8.189296872625619061e-02
8.181509929390140545e-02
8.173756746021985931e-02
8.166037138020941499e-02
8.158350922002970129e-02
8.150697915693935758e-02
8.143077937923114129e-02
8.135490808617017178e-02
8.127936348793039778e-02
8.120414380553230005e-02
8.112924727077990006e-02
8.105467212619893447e-02
8.098105265641582229e-02
8.090826823715764615e-02
8.083578934972865393e-02
8.076361436242508740e-02
8.069174165332948512e-02
8.062016961025443573e-02
8.054889663068626193e-02
8.047792112172928725e-02
8.040724150005081061e-02
8.033685619182502624e-02
8.026676363267808145e-02
8.019696226763275981e-02
8.012745055105412184e-02
8.005822694659478489e-02
7.999237965999024536e-02
7.992757359643626325e-02
7.986301232274213568e-02
7.979869467903839830e-02
7.973461951152185923e-02
7.967078567242733000e-02
7.960719202000074435e-02
7.954383741847223521e-02
7.948072073802796289e-02
7.941784085478360844e-02
7.935519665075634055e-02
7.929278701383776773e-02
7.923061083776669622e-02
7.916866702210149931e-02
7.910695447219270870e-02
7.904547209915617489e-02
7.898421881984482584e-02
7.892319355682185511e-02
7.886239523833403486e-02
7.880182279828326641e-02
7.874147517619965730e-02
7.868135131721466780e-02
7.862145017203371611e-02
7.856177069690876980e-02
7.850231185361108976e-02
7.844307260940484861e-02
7.838405193701895868e-02
7.832524881462107902e-02
7.826666222578958221e-02
7.820829115948774168e-02
7.815013461003579576e-02
7.809219157708481573e-02
7.803446106558918627e-02
7.797694208578057062e-02
7.791963365314075185e-02
7.786253478837518172e-02
7.780564451738636311e-02
7.774896187124726021e-02
7.769248588617477802e-02
7.763621560350367212e-02
7.758015006965994498e-02
7.752428833613456138e-02
7.746862945945755252e-02
7.741317250117162041e-02
7.735791652780586725e-02
7.730286061085046845e-02
7.724800382673038812e-02
7.719334525677942760e-02
7.713888398721488460e-02
7.708461910911114379e-02
7.703054971837516862e-02
7.697667491571995313e-02
7.692299380663972230e-02
7.686950550138452187e-02
7.681620911493464154e-02
7.676310376697573212e-02
7.671018858187350631e-02
7.665746268864913338e-02
7.660492522095391221e-02
7.655257531704438845e-02
7.650041211975829036e-02
7.644843477648870234e-02
7.639664243916124975e-02
7.634503426420764793e-02
7.629375810765352817e-02
7.624276242718337759e-02
7.619194610876085794e-02
7.614130834413589122e-02
7.609084832932659637e-02
7.604056526459546106e-02
7.599045835442645724e-02
7.594052680750087991e-02
7.589076983667564225e-02
7.584118665895907274e-02
7.579177649548854423e-02
7.574253857150761715e-02
7.569347211634308570e-02
7.564457636338285662e-02
7.559585055005287046e-02
7.554729391779528569e-02
7.549890571204576073e-02
7.545068518221126341e-02
7.540263158164862978e-02
7.535474416764163796e-02
7.530702220137987235e-02
7.525946494793647745e-02
7.521207167624702206e-02
7.516484165908744741e-02
7.511777417305282034e-02
7.507086849853589205e-02
7.502412391970611494e-02
7.497753972448829851e-02
7.493111520454152907e-02
7.488484965523820036e-02
7.483874237564346055e-02
7.479279266849417351e-02
7.474699984017846299e-02
7.470136320071538161e-02
7.465588206373406643e-02
7.461055574645342192e-02
7.456538356966255221e-02
7.452036485770008323e-02
7.447549893843433133e-02
7.443119153466885851e-02
7.438827366548050879e-02
7.434628480413310592e-02
7.430493930379174217e-02
7.426399036044574464e-02
7.422316014581956112e-02
7.418244824758597755e-02
7.414185425504665750e-02
7.410137775912521707e-02
7.406101835236031383e-02
