1.186213482499654637e+00
8.505985920527807664e-01
7.896777582121541350e-01
7.515351752030152710e-01
7.246411869911669745e-01
6.997015505751700282e-01
6.780946680491850564e-01
6.589079715129668724e-01
6.407863889569115345e-01
6.237681198888457290e-01
6.080300525967250458e-01
5.935113460656482598e-01
5.804965332167126846e-01
5.690129429500928593e-01
5.588641963928834278e-01
5.500936802833271688e-01
5.423671249436232689e-01
5.352220302202561619e-01
5.285747651564295380e-01
5.224084482615771741e-01
5.165985532189618645e-01
5.109636244466914112e-01
5.055715402680500681e-01
5.003437096943383899e-01
4.952428192532154494e-01
4.902592787547284114e-01
4.853882782462751178e-01
4.806253332562603342e-01
4.759662509058821822e-01
4.714071015452607760e-01
4.669441945325650267e-01
4.625740572187188593e-01
4.582934164871201310e-01
4.540991823848458675e-01
4.499884335052792284e-01
4.459584038648479187e-01
4.420393794958461520e-01
4.384211795238721621e-01
4.349039198925168104e-01
4.314523400187100233e-01
4.280640422715959459e-01
4.247367806414187874e-01
4.214684476281612691e-01
4.182570624151877858e-01
4.151007601956382964e-01
4.119977825334412702e-01
4.089464686533095250e-01
4.059452475651820769e-01
4.029926309384462280e-01
4.000872066500875124e-01
3.972349086436791632e-01
3.945423724770701357e-01
3.918897191822474091e-01
3.892758826922909643e-01
3.866998463145485121e-01
3.841976658223311136e-01
3.817726611572887507e-01
3.793809286088424826e-01
3.770358986867708428e-01
3.747601751881862175e-01
3.725146041843301892e-01
3.702984607408082440e-01
3.681110519729707820e-01
3.659517146857821923e-01
3.638198132346555647e-01
3.617283395889474007e-01
3.596624920718728968e-01
3.576212958069317494e-01
3.556042570108784995e-01
3.536167624051924085e-01
3.516543981925501217e-01
3.497140673177682180e-01
3.477953702638238442e-01
3.458979187496378227e-01
3.440213351587919632e-01
3.421652520151128862e-01
3.403293115005013303e-01
3.385131650108553214e-01
3.367164727463737295e-01
3.349605509751119037e-01
3.332615274392766724e-01
3.315799196916258129e-01
3.299162555610787306e-01
3.282989111862905651e-01
3.266975319651959087e-01
3.251118581256418616e-01
3.235712051611130957e-01
3.220887009466052997e-01
3.206195018316119194e-01
3.191634044789698477e-01
3.177202099241902000e-01
3.163305017957130372e-01
3.149596552261336169e-01
3.136002085395615535e-01
3.122520010073485119e-01
3.109148750506254832e-01
3.095886761696647338e-01
3.082732528748911016e-01
3.069684566195015063e-01
3.057192055254395191e-01
3.045163369666176179e-01
3.033219120722994711e-01
3.021358232057386184e-01
3.009606947972366942e-01
2.997965224475857560e-01
2.986405501750354907e-01
2.974926722106137622e-01
2.963527851228020538e-01
2.952207877476287212e-01
2.940965811213482883e-01
2.929800684155823287e-01
2.918711548748025852e-01
2.907697477560492461e-01
2.896815305473703916e-01
2.886024148137827927e-01
2.875306654712925791e-01
2.864661918822195563e-01
2.854089053516584151e-01
2.843587190703175671e-01
2.833155480593853026e-01
2.822896429161704246e-01
2.812766531207203657e-01
2.802700934308969827e-01
2.792698902330177924e-01
2.782759714816764318e-01
2.772882666525492423e-01
2.763067066968542540e-01
2.753312239974002873e-01
2.743617523261607793e-01
2.733982268033157692e-01
2.724405838577049210e-01
2.714887611886366847e-01
2.705426977290029122e-01
2.696023336096489142e-01
2.686676101249523274e-01
2.677384696995639968e-01
2.668148558562699058e-01
2.658967131849292453e-01
2.649839873124524847e-01
2.640766248737779764e-01
2.631745734838125683e-01
2.622777817102999176e-01
2.613861990475828678e-01
2.604997758912286909e-01
2.596184635134837770e-01
2.587422140395305159e-01
2.578709804245145065e-01
2.570047164313193355e-01
2.561433766090561726e-01
2.552869162722479213e-01
2.544352914806811139e-01
2.535884590199022903e-01
2.527463763823360465e-01
2.519090017490031030e-01
2.510762939718185205e-01
2.502482125564475801e-01
2.494247176457010939e-01
2.486057700034534634e-01
2.477913309990614765e-01
2.469813625922694933e-01
2.461758273185834511e-01
2.453746882750978964e-01
2.445779091067598610e-01
2.437854539930551789e-01
2.429972876351031430e-01
2.422133752431451237e-01
2.414336825244145779e-01
2.406581756713738474e-01
2.398868213503079216e-01
2.391195866902614819e-01
2.383564392723074854e-01
2.375973471191378250e-01
2.368422786849639083e-01
2.360912028457169132e-01
2.353440888895390048e-01
2.346009065075542188e-01
2.338616257849117641e-01
2.331262171920902848e-01
2.323946515764566401e-01
2.316669001540701267e-01
2.309429345017236235e-01
2.302227265492151620e-01
2.295062485718404599e-01
2.287934731831018642e-01
2.280843733276241292e-01
2.273789222742722826e-01
2.266770936094631428e-01
2.259788612306673494e-01
2.252841993400916676e-01
2.245930824385394542e-01
2.239054853194416828e-01
2.232213830630533358e-01
2.225407510308102799e-01
2.218635648598417109e-01
2.211898004576319521e-01
2.205194339968291339e-01
2.198524419101936245e-01
2.191888008856839876e-01
2.185284878616746695e-01
2.178714800223022219e-01
2.172177547929352859e-01
2.165672898357650644e-01
2.159200630455130054e-01
2.152760525452498130e-01
2.146352366823260915e-01
2.139975940244074615e-01
2.133631033556131207e-01
2.127317436727541033e-01
2.121034941816685171e-01
2.114783342936495392e-01
2.108562436219657277e-01
2.102372019784677915e-01
2.096211893702822626e-01
2.090081859965871591e-01
2.083981722454684993e-01
2.077911286908543653e-01
2.071870360895248508e-01
2.065858753781955048e-01
2.059876276706718579e-01
2.053922742550725045e-01
2.047997965911206031e-01
2.042101763074982979e-01
2.036233951992666991e-01
2.030394352253454548e-01
2.024582785060520529e-01
2.018799073206993810e-01
2.013043041052494930e-01
2.007314514500206093e-01
2.001613320974485744e-01
1.995939289398986349e-01
1.990459806725725922e-01
1.985157636729887043e-01
1.979879650314721184e-01
1.974625697647915679e-01
1.969395630213667259e-01
1.964189300794007553e-01
1.959006563450532423e-01
1.953847273506547633e-01
1.948711287529570346e-01
1.943598463314225033e-01
1.938508659865497419e-01
1.933441737382347037e-01
1.928406432469692844e-01
1.923578026602601465e-01
1.918785167496613320e-01
1.914012397562246670e-01
1.909259602287898816e-01
1.904526668069557727e-01
1.899813482199282921e-01
1.895119932853943368e-01
1.890445909084158549e-01
1.885813778972316723e-01
1.881312566306768408e-01
1.876829204655444672e-01
1.872363601743479433e-01
1.867915665901527800e-01
1.863485306059956825e-01
1.859072431743133691e-01
1.854676953063803813e-01
1.850298780717582192e-01
1.845937825977516100e-01
1.841594000688754618e-01
1.837267217263292562e-01
1.832957388674813504e-01
1.828664428453598834e-01
1.824388250681534540e-01
1.820128769987187645e-01
1.815885901540962022e-01
1.811659561050327494e-01
1.807449664755121921e-01
1.803256129422934340e-01
1.799078872344536673e-01
1.794917811329407864e-01
1.790772864701302425e-01
1.786643951293900578e-01
1.782530990446511976e-01
1.778433901999841027e-01
1.774352606291814405e-01
1.770338106911981124e-01
1.766390273911524200e-01
1.762457151337823713e-01
1.758538669403680865e-01
1.754634758697175834e-01
1.750745350179495341e-01
1.746870375182757451e-01
1.743009765407889655e-01
1.739163452922493636e-01
1.735331370158740838e-01
1.731513449911293578e-01
1.727709625335231147e-01
1.723919829944002280e-01
1.720143997607383735e-01
1.716382062549467735e-01
1.712633959346656076e-01
1.708899622925669770e-01
1.705178988561583953e-01
1.701563333983925896e-01
1.698043925081551830e-01
1.694536779396917381e-01
1.691041841202173823e-01
1.687559055059126289e-01
1.684088365817762445e-01
1.680629718614806423e-01
1.677183058872256105e-01
1.673748332295939556e-01
1.670325484874078947e-01
1.666914462875850877e-01
1.663515212849963898e-01
1.660127681623230211e-01
1.656751816299157909e-01
1.653387564256530162e-01
1.650034873148008008e-01
1.646693690898727580e-01
1.643363965704908447e-01
1.640045646032463333e-01
1.636738680615612007e-01
1.633443018455514040e-01
1.630158608818884636e-01
1.626885401236638773e-01
1.623680047063754406e-01
1.620498571488652451e-01
1.617327790978652369e-01
1.614167658442916820e-01
1.611018127019495094e-01
1.607879150074496000e-01
1.604750681201269624e-01
1.601632674219571617e-01
1.598525083174726080e-01
1.595427862336789848e-01
1.592340966199707331e-01
1.589264349480455918e-01
1.586197967118194996e-01
1.583141774273408020e-01
1.580095726327039318e-01
1.577059778879627838e-01
1.574033887750443117e-01
1.571018008976602376e-01
1.568012098812204547e-01
1.565016113727445979e-01
1.562030010407740588e-01
1.559053745752835007e-01
1.556087276875922076e-01
1.553130561102749885e-01
1.550183555970734428e-01
1.547246219228061159e-01
1.544318508832792924e-01
1.541400382951974846e-01
1.538491799960727824e-01
1.535592718441358140e-01
1.532703097182449292e-01
1.529822895177964381e-01
1.526952071626338503e-01
1.524090585929576136e-01
1.521238397692346866e-01
1.518395466721078335e-01
1.515561753023049740e-01
1.512737216805485063e-01
1.509921818474649347e-01
1.507115518634937201e-01
1.504318278087967697e-01
1.501530057831676757e-01
1.498750819059410655e-01
1.495980523159019249e-01
1.493219131711948089e-01
1.490466606492336643e-01
1.487722909466108467e-01
1.484988002790070816e-01
1.482261848811007032e-01
1.479544410064775328e-01
1.476835649275408391e-01
1.474135529354207164e-01
1.471444013398849338e-01
1.468761064692483409e-01
1.466086646702835228e-01
1.463420723081308994e-01
1.460763257662095471e-01
1.458114214461279368e-01
1.455473557675943663e-01
1.452852369563578938e-01
1.450306243810549622e-01
1.447767824672059889e-01
1.445237081083603214e-01
1.442713982127309946e-01
1.440198497031314473e-01
1.437690595169114072e-01
1.435190246058927754e-01
1.432697419363064550e-01
1.430220119141172863e-01
1.427776871750156273e-01
1.425340769174859024e-01
1.422911783680486653e-01
1.420489887658620276e-01
1.418075053626689230e-01
1.415667254227424010e-01
1.413266462228327802e-01
1.410872650521132754e-01
1.408485792121267899e-01
1.406105860167324584e-01
1.403732827920518844e-01
1.401366668764156553e-01
1.399007356203098573e-01
1.396654863863229790e-01
1.394309165490921765e-01
1.391970234952503160e-01
1.389638046233725444e-01
1.387312573439234420e-01
1.384993790792036494e-01
1.382681672632969927e-01
1.380376193420176367e-01
1.378077327728572943e-01
1.375785050249324348e-01
1.373499335789317988e-01
1.371220159270636618e-01
1.368947495730034047e-01
1.366681320318414439e-01
1.364421608300307176e-01
1.362168335053347834e-01
1.359921476067756652e-01
1.357681006945822555e-01
1.355446903401381908e-01
1.353219141259301983e-01
1.351013878868132234e-01
1.348826836890604508e-01
1.346645983231988530e-01
1.344471293897274988e-01
1.342302745008056575e-01
1.340140312801902933e-01
1.337983973631722279e-01
1.335833703965133290e-01
1.333689480383839221e-01
1.331582537554986956e-01
1.329528467378812695e-01
1.327479789296657775e-01
1.325436484441198381e-01
1.323398534028140117e-01
1.321365919355768637e-01
1.319338621804498624e-01
1.317316622836431084e-01
1.315299903994907038e-01
1.313291086434062727e-01
1.311371509059986729e-01
1.309499204100446623e-01
1.307658484023382084e-01
1.305821895093974838e-01
1.303989424968979571e-01
1.302161061357992866e-01
1.300336792023103483e-01
1.298516604778549577e-01
1.296700487490375087e-01
1.294888428076091946e-01
1.293080414504341746e-01
1.291276434794573214e-01
1.289476477016701927e-01
1.287680529290792242e-01
1.285888579786732544e-01
1.284100616723917176e-01
1.282316628370926415e-01
1.280536603045220045e-01
1.278760529112821509e-01
1.276988394988012587e-01
1.275220189133027815e-01
1.273455900057753609e-01
1.271695516319432950e-01
1.269939026522363124e-01
1.268186419317607616e-01
1.266437683402702463e-01
1.264692807521371476e-01
1.262951780463238971e-01
1.261214591063546664e-01
1.259481228202877223e-01
1.257751680806872829e-01
1.256025937845963725e-01
1.254305814364005400e-01
1.252685181709311257e-01
1.251067784381730552e-01
1.249453614321672096e-01
1.247842663496655513e-01
1.246234923901156644e-01
1.244630387556467793e-01
1.243029046510547159e-01
1.241430892837880051e-01
1.239835918639331375e-01
1.238244116042012538e-01
1.236655477199134351e-01
1.235069994289872686e-01
1.233487659519228730e-01
1.231908465117895757e-01
1.230332403342124653e-01
1.228759466473586248e-01
1.227189646819246693e-01
1.225622936711228961e-01
1.224059328506684197e-01
1.222498814587669180e-01
1.220941387361011154e-01
1.219387039258186395e-01
1.217835762735191285e-01
1.216287550272421719e-01
1.214742394374547646e-01
1.213200287570389974e-01
1.211661222412802608e-01
1.210125191478551299e-01
1.208592187368193321e-01
1.207062202705959930e-01
1.205535230139640895e-01
1.204011262340469735e-01
1.202516372996736554e-01
1.201027830717716904e-01
1.199542119750955649e-01
1.198059233337504664e-01
1.196579164741125023e-01
1.195101907248162926e-01
1.193627454167434931e-01
1.192155798830109859e-01
1.190686934589586243e-01
1.189220854821380485e-01
1.187757552923006249e-01
1.186297022313865523e-01
1.184839256435128996e-01
1.183384248749623502e-01
1.181931992741723780e-01
1.180482481917237841e-01
1.179035709803294973e-01
1.177591669948240966e-01
1.176150355921521812e-01
1.174711761313581709e-01
1.173275879735754534e-01
1.171842704820155318e-01
1.170412230219575883e-01
1.168984449607380349e-01
1.167559356677399102e-01
1.166136945143828735e-01
1.164717208741125332e-01
1.163300141223907180e-01
1.161885736366849164e-01
1.160473987964586590e-01
1.159064889831614292e-01
1.157658435802185193e-01
1.156254619730217453e-01
1.154853435489191921e-01
1.153454876972059701e-01
1.152058938091143070e-01
1.150665612778044300e-01
1.149274894983544487e-01
1.147886778677517927e-01
1.146501257848833999e-01
1.145118326505264322e-01
1.143737978673394773e-01
1.142360208398533750e-01
1.140985009744615725e-01
1.139612376794120058e-01
1.138242303647975656e-01
1.136874784425478402e-01
1.135509813264196644e-01
1.134147384319889873e-01
1.132787491766418242e-01
1.131430129795659573e-01
1.130075292617422761e-01
1.128722974459362288e-01
1.127373169566895372e-01
1.126025872203119671e-01
1.124681076648726963e-01
1.123338777201926264e-01
1.121998968178355149e-01
1.120661643911006478e-01
1.119326798750139434e-01
1.117994427063209312e-01
1.116664523234777717e-01
1.115337081666444435e-01
1.114012096776758470e-01
1.112689563001149906e-01
1.111369474791846779e-01
1.110051826617800552e-01
1.108736612964609930e-01
1.107423828334443694e-01
1.106113467245970622e-01
1.104805524234276776e-01
1.103499993850800276e-01
1.102196870663252753e-01
1.100896149255545381e-01
1.099597824227722537e-01
1.098301890195882563e-01
1.097008341792110042e-01
1.095717173664405297e-01
1.094428380476613893e-01
1.093141956908352946e-01
1.091857897654945758e-01
1.090576197427353261e-01
1.089296850952101298e-01
1.088019852971214424e-01
1.086745198242149713e-01
1.085472881537728751e-01
1.084202897646069086e-01
1.082935241370520385e-01
1.081669907529599212e-01
1.080406890956917970e-01
1.079146186501125509e-01
1.077888076280704294e-01
1.076633031940629759e-01
1.075380281332662391e-01
1.074129819375444078e-01
