1.114963193031910604e+00
9.013076747003032629e-01
8.237599069122998330e-01
7.817178187002797873e-01
7.540081500075560550e-01
7.295507116090672595e-01
7.072441112527958484e-01
6.871141880612857689e-01
6.683059036626209926e-01
6.509693434777102938e-01
6.361505791572414914e-01
6.225160521841942574e-01
6.098597146116340184e-01
5.988441271359512541e-01
5.891032764069146221e-01
5.805020406305598790e-01
5.729980203118985038e-01
5.663139720887199191e-01
5.600457528664287699e-01
5.540416477347627211e-01
5.482821830713990874e-01
5.431005618957330805e-01
5.383061539326169376e-01
5.336646310904341606e-01
5.291658979192455092e-01
5.248006952322809004e-01
5.205605211704333879e-01
5.164958736868553446e-01
5.127723011280478360e-01
5.091265892188792108e-01
5.055547349313574967e-01
5.020530421617948047e-01
4.986180954610874294e-01
4.952467361442974836e-01
4.919360405285957971e-01
4.886833000892142898e-01
4.854860033521254947e-01
4.823418193641326734e-01
4.792485825984576508e-01
4.762042791683016030e-01
4.732070342331136104e-01
4.702551004929951817e-01
4.673468476761516444e-01
4.644807529327857343e-01
4.616553920564911984e-01
4.588749594366341444e-01
4.561363489432969653e-01
4.534348663558310233e-01
4.507694390943604024e-01
4.481390531202169014e-01
4.455427485636143659e-01
4.429796157135048040e-01
4.404487913386787024e-01
4.379494553118504774e-01
4.354808275108916771e-01
4.330421649736131973e-01
4.306327592845251018e-01
4.283542062153189445e-01
4.261615660988164467e-01
4.239919931474491199e-01
4.218450224532918069e-01
4.197202079067363090e-01
4.176632354468274300e-01
4.157658814176554696e-01
4.139103225427116506e-01
4.120710718662211058e-01
4.102478768184293356e-01
4.084404915948130488e-01
4.066486768404835583e-01
4.048721993564077803e-01
4.031108318256526046e-01
4.013643525580306570e-01
3.996325452516495957e-01
3.979151987700084714e-01
3.962121069333896517e-01
3.945230683234138280e-01
3.928478860997112743e-01
3.911863678277611167e-01
3.895383253170250915e-01
3.879035744685798148e-01
3.862819351315185390e-01
3.846732309674549266e-01
3.831261225269554371e-01
3.816168037217480546e-01
3.801186394847276273e-01
3.786314978087965688e-01
3.771552488930824398e-01
3.756897650952318313e-01
3.742349208852917553e-01
3.727905928010722403e-01
3.713566594049007019e-01
3.699330012416802149e-01
3.685195007981756921e-01
3.671160424634589692e-01
3.657225124904467939e-01
3.643387989584765396e-01
3.629647921808207833e-01
3.616005419638287366e-01
3.602457811716101577e-01
3.589004048731399554e-01
3.575643097885328747e-01
3.562373942570645213e-01
3.549195582059225806e-01
3.536107031196615846e-01
3.523107320103386897e-01
3.510195493883033757e-01
3.497370612336266893e-01
3.484631749681423307e-01
3.471977994280892044e-01
3.459408448373317291e-01
3.446922227811456962e-01
3.434518461805539657e-01
3.422196292671962903e-01
3.409954875587208889e-01
3.397793378346853355e-01
3.385710981129534392e-01
3.373706876265773480e-01
3.361780268011534956e-01
3.349930372326417882e-01
3.338156416656374303e-01
3.326457639720866166e-01
3.314833291304353224e-01
3.303282632052028656e-01
3.291804933269706912e-01
3.280399476727784980e-01
3.269065554469187673e-01
3.257802468621220360e-01
3.246609531211241406e-01
3.235973009281726265e-01
3.225710585343048442e-01
3.215502387805881379e-01
3.205347997730728649e-01
3.195247001188854519e-01
3.185198989172838835e-01
3.175203557508927132e-01
3.165260306771213172e-01
3.155368842197607826e-01
3.145528773607568218e-01
3.136098444416515196e-01
3.126990115834476502e-01
3.117924180848556936e-01
3.108900367203065174e-01
3.099918405611195582e-01
3.090978029695036766e-01
3.082078975927047826e-01
3.073220983572979570e-01
3.064403794636214595e-01
3.055627153803496809e-01
3.046890808392037076e-01
3.038231046772674193e-01
3.029637638475315420e-01
3.021082050633965288e-01
3.012564092467927002e-01
3.004083574097287102e-01
2.995640306540550135e-01
2.987234101712156198e-01
2.978864772419892448e-01
2.970532132362240230e-01
2.962235996125616166e-01
2.953976179181566630e-01
2.945752497883910581e-01
2.937564769465804693e-01
2.929412812036805147e-01
2.921296444579863372e-01
2.913215486948309008e-01
2.905169759862810119e-01
2.897159084908309534e-01
2.889183284530947859e-01
2.881242182034985388e-01
2.873335601579705134e-01
2.865539368229578776e-01
2.857851688787176880e-01
2.850196326886688669e-01
2.842573132720104256e-01
2.834981956874685349e-01
2.827422650341496757e-01
2.819895064523548212e-01
2.812399051243614223e-01
2.804934462751680346e-01
2.797501151732096902e-01
2.790098971310401854e-01
2.782727775059869457e-01
2.775491195030760361e-01
2.768408888093660258e-01
2.761354661005070987e-01
2.754328389546188971e-01
2.747329949849324215e-01
2.740359218402713681e-01
2.733416072055150359e-01
2.726500388020427490e-01
2.719612043881617924e-01
2.712750917595178057e-01
2.705916887494896339e-01
2.699109832295683020e-01
2.692329631097212239e-01
2.685578153603351836e-01
2.678972297563373406e-01
2.672391786670677005e-01
2.665836513193627355e-01
2.659306369658454572e-01
2.652801248854108063e-01
2.646321043836931675e-01
2.639865647935218940e-01
2.633434954753614554e-01
2.627028858177385406e-01
2.620650714026505623e-01
2.614544204432356911e-01
2.608473955640472353e-01
2.602425306170876307e-01
2.596398179113866278e-01
2.590392497519115045e-01
2.584408184403872433e-01
2.578445162760981679e-01
2.572503355566709837e-01
2.566684932731365665e-01
2.561009289001102140e-01
2.555352579768774834e-01
2.549714748709835943e-01
2.544095739208290796e-01
2.538495494370197059e-01
2.532913957036818653e-01
2.527351069797484917e-01
2.521806775002116696e-01
2.516281014773462665e-01
2.510773731019029786e-01
2.505284865442730102e-01
2.499814359556233323e-01
2.494362154690052680e-01
2.488928192004348505e-01
2.483512412499473687e-01
2.478114757026254611e-01
2.472735166296022302e-01
2.467373580890388496e-01
2.462029941270785227e-01
2.456704187787765725e-01
2.451396260690068274e-01
2.446145536732760306e-01
2.441083901978764181e-01
2.436038684084206596e-01
2.431009828062322686e-01
2.425997278854211403e-01
2.421000981336765834e-01
2.416020880330405352e-01
2.411056920606589604e-01
2.406109046895157366e-01
2.401177203891449452e-01
2.396261336263260100e-01
2.391361388657592957e-01
2.386477305707243590e-01
2.381609032037196594e-01
2.376756512270861155e-01
2.371919691036127320e-01
2.367098512971265722e-01
2.362292922730659106e-01
2.357502864990380087e-01
2.352728284453617369e-01
2.347969125855943195e-01
2.343225333970439528e-01
2.338496853612684889e-01
2.333783629645584112e-01
2.329085606984083734e-01
2.324402730599732236e-01
2.319734945525121772e-01
2.315082196858195274e-01
2.310444429766434493e-01
2.305821589490919810e-01
2.301213621350271799e-01
2.296620470744476505e-01
2.292042083158600807e-01
2.287478404166388424e-01
2.282929379433751571e-01
2.278394954722158527e-01
2.273875075891910735e-01
2.269369688905324423e-01
2.264878739829811749e-01
2.260402174840862588e-01
2.255939940224932216e-01
2.251491982382241852e-01
2.247058247829482880e-01
2.242638683202435590e-01
2.238233235258500764e-01
2.233841850879150770e-01
2.229464477072295725e-01
2.225101060974567779e-01
2.220751549853535178e-01
2.216415891109829173e-01
2.212094032279205147e-01
2.207785921034528809e-01
2.203491505187690214e-01
2.199210732691447845e-01
2.194943551641207469e-01
2.190689910276737151e-01
2.186449756983812887e-01
2.182223040295802607e-01
2.178009708895193297e-01
2.173809711615052598e-01
2.169622997440437129e-01
2.165449515509741685e-01
2.161289215115990980e-01
2.157142045708082823e-01
2.153007956891972996e-01
2.148886898431812131e-01
2.144778820251028728e-01
2.140683672433370821e-01
2.136601405223892136e-01
2.132531969029893282e-01
2.128475314421821585e-01
2.124431392134120133e-01
2.120400153066047677e-01
2.116381548282433023e-01
2.112375529014410835e-01
2.108382046660108589e-01
2.104401052785288551e-01
2.100432499123969232e-01
2.096476337578987437e-01
2.092532520222543380e-01
2.088600999296699734e-01
2.084681727213849867e-01
2.080774656557156932e-01
2.076879740080953829e-01
2.072996930711112629e-01
2.069126181545389020e-01
2.065267445853730954e-01
2.061420677078560915e-01
2.057585828835028496e-01
2.053762854911237445e-01
2.049951709268442168e-01
2.046152346041225090e-01
2.042364719537635986e-01
2.038588784239326046e-01
2.034824494801634465e-01
2.031071806053672824e-01
2.027330672998370331e-01
2.023601050812511293e-01
2.019882894846737886e-01
2.016176160625541836e-01
2.012480803847229438e-01
2.008796780383869385e-01
2.005124046281224204e-01
2.001462557758656446e-01
1.997812271209021828e-01
1.994173143198545717e-01
1.990545130466675472e-01
1.986928189925922239e-01
1.983322278661689697e-01
1.979727353932076717e-01
1.976143373167672523e-01
1.972570293971337152e-01
1.969008074117963858e-01
1.965456671554230705e-01
1.961916044398333836e-01
1.958386150939717685e-01
1.954866949638782991e-01
1.951358399126584264e-01
1.947860458204516421e-01
1.944373085843995874e-01
1.940896241186120530e-01
1.937429883541321729e-01
1.933973972389013418e-01
1.930528467377218560e-01
1.927093328322196653e-01
1.923668515208058760e-01
1.920253988186365612e-01
1.916849707575732364e-01
1.913455633861406158e-01
1.910071727694855892e-01
1.906697949893333410e-01
1.903334261439441344e-01
1.899980623480692909e-01
1.896636997329052554e-01
1.893303344460483539e-01
1.889979626514483035e-01
1.886665805293608056e-01
1.883361842762999172e-01
1.880067701049900342e-01
1.876783342443165969e-01
1.873508729392769911e-01
1.870243824509303099e-01
1.866988590563468386e-01
1.863742990485575679e-01
1.860506987365023179e-01
1.857280544449779469e-01
1.854063625145862537e-01
1.850856193016812978e-01
1.847658211783157756e-01
1.844469645321884510e-01
1.841290457665898106e-01
1.838120613003477455e-01
1.834960075677734836e-01
1.831808810186067726e-01
1.828666781179605072e-01
1.825533953462658843e-01
1.822410291992163367e-01
1.819295761877120221e-01
1.816190328378036178e-01
1.813093956906358661e-01
1.810006613023917021e-01
1.806928262442347166e-01
1.803858871022530064e-01
1.800798404774018313e-01
1.797746829854463824e-01
1.794704112569046328e-01
1.791670219369899120e-01
1.788645116855531736e-01
1.785628771770254308e-01
1.782621151003596915e-01
1.779622221589736430e-01
1.776631950706912266e-01
1.773650305676850170e-01
1.770677253964175468e-01
1.767712763175839363e-01
1.764756801060531066e-01
1.761809335508097707e-01
1.758870334548965630e-01
1.755939766353550591e-01
1.753017599231683488e-01
1.750103801632020284e-01
1.747198342141466909e-01
1.744301189484589731e-01
1.741412312523036021e-01
1.738531680254957745e-01
1.735659261814420096e-01
1.732795026470828337e-01
1.729938943628341608e-01
1.727090982825298382e-01
1.724251113733631657e-01
1.721419306158294138e-01
1.718595530036676478e-01
1.715779755438032184e-01
1.712971952562901412e-01
1.710172091742531153e-01
1.707380143438307074e-01
1.704596078241174262e-01
1.701819866871066289e-01
1.699051480176330120e-01
1.696290889133163227e-01
1.693538064845034330e-01
1.690792978542123015e-01
1.688055601580746579e-01
1.685325905442798256e-01
1.682603861735177675e-01
1.679889442189232696e-01
1.677182618660193747e-01
1.674483363126616220e-01
1.671791647689815641e-01
1.669107444573318111e-01
1.666430726122295758e-01
1.663761464803016621e-01
1.661099633202290371e-01
1.658445204026917641e-01
1.655798150103137134e-01
1.653158444376080227e-01
1.650526059909220022e-01
1.647900969883832056e-01
1.645283147598444184e-01
1.642672566468300344e-01
1.640069200024818208e-01
1.637473021915047677e-01
1.634884005901141024e-01
1.632302125859813047e-01
1.629727355781808162e-01
1.627159669771370554e-01
1.624599042045716535e-01
1.622045446934504143e-01
1.619498858879308834e-01
1.616959252433098626e-01
1.614426602259713128e-01
1.611900883133345064e-01
1.609382069938017634e-01
1.606870137667073817e-01
1.604365061422659000e-01
1.601866816415208894e-01
1.599375377962939659e-01
1.596890721491339704e-01
1.594412822532664531e-01
1.591941656725427978e-01
1.589477199813907060e-01
1.587019427647632097e-01
1.584568316180899050e-01
1.582123841472264092e-01
1.579685979684054831e-01
1.577254707081873764e-01
1.574830000034111721e-01
1.572411835011457149e-01
1.570000188586412604e-01
1.567595037432805427e-01
1.565196358325310899e-01
1.562804128138969295e-01
1.560418323848708211e-01
1.558038922528866832e-01
1.555665901352722147e-01
1.553299237592015714e-01
1.550938908616486256e-01
1.548584891893397819e-01
1.546237164987077917e-01
1.543895705558452625e-01
1.541560491364583063e-01
1.539231500258210761e-01
1.536908710187290528e-01
1.534592099194545811e-01
1.532281645417009064e-01
1.529977327085569883e-01
1.527679122524530642e-01
1.525387010151154354e-01
1.523100968475220307e-01
1.520820976098580524e-01
1.518547011714722061e-01
1.516279054108323199e-01
1.514087207018219305e-01
1.511914541304262838e-01
1.509747343456030733e-01
1.507585594956587227e-01
1.505429277366854002e-01
1.503278372325236589e-01
1.501132861547245512e-01
1.498992726825120470e-01
1.496857950027455919e-01
1.494728513098835809e-01
1.492604398059458326e-01
1.490485587004773127e-01
1.488372062105112192e-01
1.486263805605329835e-01
1.484160799824438548e-01
1.482063027155250956e-01
1.479970470064022048e-01
1.477883111090091683e-01
1.475800932845531543e-01
1.473723918014794299e-01
1.471652049354359171e-01
1.469585309692388320e-01
1.467523681928377122e-01
1.465467149032807503e-01
1.463415694046811266e-01
1.461371955831545499e-01
1.459342612917637616e-01
1.457318101933835208e-01
1.455298407903605762e-01
1.453283515906332868e-01
1.451273411077075859e-01
1.449268078606338050e-01
1.447267503739834427e-01
1.445271671778251832e-01
1.443280568077028037e-01
1.441294178046108043e-01
1.439312487149725650e-01
1.437335480906168361e-01
1.435363144887550624e-01
1.433395464719587620e-01
1.431432426081371279e-01
1.429474014705140739e-01
1.427520216376064743e-01
1.425571016932014046e-01
1.423626402263341306e-01
1.421686358312664600e-01
1.419750871074637044e-01
1.417819926595740021e-01
1.415893510974058911e-01
1.413971610359064934e-01
1.412054210951406985e-01
1.410141299002687088e-01
1.408232860815255283e-01
1.406328882741988973e-01
1.404429351186086417e-01
1.402534252600857179e-01
1.400643573489504523e-01
1.398757300404920578e-01
1.396875419949483721e-01
1.394997918774841805e-01
1.393124783581712045e-01
1.391256001119672847e-01
1.389391558186961750e-01
1.387531441630270312e-01
1.385675638344542326e-01
1.383824135272771205e-01
1.381976919405800697e-01
1.380133977782124766e-01
1.378295297487686644e-01
1.376460865655684540e-01
1.374630669466372079e-01
1.372804696146859293e-01
1.371035818874912493e-01
1.369276683145636553e-01
1.367521437563445352e-01
1.365770070862184771e-01
1.364022571815677320e-01
1.362278929237554226e-01
1.360539131981096383e-01
1.358803168939070605e-01
1.357071029043566968e-01
1.355342701265834227e-01
1.353618174616123271e-01
1.351897438143527252e-01
1.350180480935818661e-01
1.348467292119293892e-01
1.346757860858613653e-01
1.345052176356647811e-01
1.343350227854316903e-01
1.341652004630438377e-01
1.339957496001570325e-01
1.338266691321855772e-01
