5.662813128762854475e+00
1.655886555488940370e+00
8.248203818584967095e-01
6.690636101774132261e-01
6.210823713670197144e-01
5.977855041725314011e-01
5.774891436134993450e-01
5.598146311162659483e-01
5.446380502938559243e-01
5.318612189120028866e-01
5.199959549387469515e-01
5.096948832358663140e-01
5.003619873937653617e-01
4.914605428005452414e-01
4.829478208509673798e-01
4.747877320222751441e-01
4.669495074445861316e-01
4.594066947123588429e-01
4.521401967803166388e-01
4.451532441089555703e-01
4.383928964291292085e-01
4.318451134409532211e-01
4.254973392544794120e-01
4.193382875186329461e-01
4.133577639222486000e-01
4.075465185352896147e-01
4.018961221900643199e-01
3.963988623921603227e-01
3.910476552197781897e-01
3.858359704045363769e-01
3.807577673486242098e-01
3.758074402671096048e-01
3.709797709826068157e-01
3.662698881659374739e-01
3.616732320281480506e-01
3.571941047813371739e-01
3.528238182051569582e-01
3.485546869899008859e-01
3.443830701737902178e-01
3.403401719190033980e-01
3.364887221891827984e-01
3.328580434086918505e-01
3.293908014346189628e-01
3.259914992872729456e-01
3.226580396291164887e-01
3.193884215807824556e-01
3.161807340265968547e-01
3.130331496032004446e-01
3.099812634935307787e-01
3.070102456011388758e-01
3.041888703153395324e-01
3.014422099548672018e-01
2.987428211889736063e-01
2.960894244231002670e-01
2.934807883420126884e-01
2.909157275040918367e-01
2.883931001049013787e-01
2.859118058927857531e-01
2.834707842214875262e-01
2.811423320745186638e-01
2.788509400424065143e-01
2.765945371014986165e-01
2.743722699901613993e-01
2.721833153012551132e-01
2.700268781305475430e-01
2.679021908056551382e-01
2.658085116887132227e-01
2.637451240467558189e-01
2.617113349844512049e-01
2.597122115051815894e-01
2.577499515474751535e-01
2.558148839965438959e-01
2.539064205089900939e-01
2.520239910419849738e-01
2.501670431436661679e-01
2.483350412749296965e-01
2.465274661610087070e-01
2.447438141713342563e-01
2.429835967262738428e-01
2.412463397294305756e-01
2.395315830242658595e-01
2.378388798738830245e-01
2.361834360401077193e-01
2.345723487007640717e-01
2.329807951121748988e-01
2.314116873911069294e-01
2.299067787407838293e-01
2.284188412220219400e-01
2.269475962033851990e-01
2.254927717341836391e-01
2.240541023250469110e-01
2.226313287374259431e-01
2.212241977815951610e-01
2.198324621227498166e-01
2.184558800948205592e-01
2.170942155216432079e-01
2.157472375451463809e-01
2.144147204602352141e-01
2.131071324279910084e-01
2.118158069037090474e-01
2.105376647292916681e-01
2.092725246806874106e-01
2.080202088973215069e-01
2.067805427993543166e-01
2.055681788876419225e-01
2.043758549696810534e-01
2.031950950327751915e-01
2.020257495874299147e-01
2.008676718345505097e-01
1.997207175952769032e-01
1.985847452432280558e-01
1.974596156390676926e-01
1.963451920672922568e-01
1.952413401751599831e-01
1.941479279136749669e-01
1.930648254805438502e-01
1.919919052650324587e-01
1.909290417946458707e-01
1.898761116835612217e-01
1.888329935827476047e-01
1.877995681317054244e-01
1.867757179117653654e-01
1.857613274008860227e-01
1.847562829298926290e-01
1.837604726401033950e-01
1.827737864422899483e-01
1.817961159769199142e-01
1.808273545756372558e-01
1.798673972239285823e-01
1.789161405249358183e-01
1.779734826643692425e-01
1.770393233764800955e-01
1.761190419423518672e-01
1.752296054041908857e-01
1.743478860315269274e-01
1.734737958052227635e-01
1.726072480386622310e-01
1.717481573493712110e-01
1.708964396314705814e-01
1.700520120289308879e-01
1.692147929096007031e-01
1.683847018399811379e-01
1.675616595607179737e-01
1.667558556440630058e-01
1.659618362256060908e-01
1.651743314997332346e-01
1.643932745360652536e-01
1.636185992034194792e-01
1.628502401590415094e-01
1.620881328379959740e-01
1.613322134427094823e-01
1.605824189326686136e-01
1.598386870142678995e-01
1.591009561308081022e-01
1.583691654526414583e-01
1.576432548674622791e-01
1.569231649707411580e-01
1.562088370563008699e-01
1.555053928859101431e-01
1.548092268687028261e-01
1.541184936529013394e-01
1.534331396297008709e-01
1.527531118077575245e-01
1.520783578052363194e-01
1.514088258419709621e-01
1.507444647317309483e-01
1.500852238745963851e-01
1.494310532494372845e-01
1.487819034064986334e-01
1.481377254600871052e-01
1.474984710813596611e-01
1.468640924912129331e-01
1.462345424532694171e-01
1.456097742669635042e-01
1.449897417607210748e-01
1.443743992852357105e-01
1.437637017068367773e-01
1.431576044009500726e-01
1.425560632456489008e-01
1.419590346152945215e-01
1.413664753742646940e-01
1.407783428707687357e-01
1.401945949307479844e-01
1.396151898518609991e-01
1.390400863975508328e-01
1.384692437911952956e-01
1.379026217103363761e-01
1.373401802809903760e-01
1.367818800720351502e-01
1.362276820896749230e-01
1.356775477719809886e-01
1.351314389835075735e-01
1.345893180099803077e-01
1.340529746115460552e-01
1.335278358487423656e-01
1.330064295503442795e-01
1.324887220055536996e-01
1.319769899323637863e-01
1.314778295529994701e-01
1.309820637141816679e-01
1.304896635127261451e-01
1.300006003158493406e-01
1.295148457588984892e-01
1.290323717430848227e-01
1.285531504332168007e-01
1.280771542554401676e-01
1.276043558949807588e-01
1.271347282938925516e-01
1.266682446488118230e-01
1.262048784087169140e-01
1.257446032726957097e-01
1.252873931877199198e-01
1.248332223464278523e-01
1.243820651849145559e-01
1.239338963805331206e-01
1.234886908497028063e-01
1.230464237457285087e-01
1.226070704566307734e-01
1.221706066029847049e-01
1.217370080357721013e-01
1.213062508342432760e-01
1.208783113037907586e-01
1.204531659738358879e-01
1.200307915957267435e-01
1.196111651406488313e-01
1.191942637975487856e-01
1.187800649710703121e-01
1.183685462795050630e-01
1.179596855527546145e-01
1.175534608303077794e-01
1.171498503592315193e-01
1.167488325921750975e-01
1.163503861853888710e-01
1.159544899967572540e-01
1.155611230838460984e-01
1.151702647019647863e-01
1.147818943022417409e-01
1.143959915297170366e-01
1.140125362214469695e-01
1.136315084046256307e-01
1.132528882947204663e-01
1.128766562936225765e-01
1.125027929878130439e-01
1.121312791465433611e-01
1.117620957200312209e-01
1.113952238376718640e-01
1.110306448062637757e-01
1.106683401082505375e-01
1.103118442685982192e-01
1.099578339977824865e-01
1.096059958300094478e-01
1.092563125233003973e-01
1.089087669950649651e-01
1.085633423205351056e-01
1.082200217312113272e-01
1.078787886133239504e-01
1.075396265063082446e-01
1.072025191012925260e-01
1.068687743790096428e-01
1.065426797683815263e-01
1.062184871009246578e-01
1.058961820456851693e-01
1.055757503978022177e-01
1.052571780773257637e-01
1.049404511280428165e-01
1.046255557163141003e-01
1.043124781299199638e-01
1.040012047769155595e-01
1.036917221844966125e-01
1.033840169978738899e-01
1.030780759791580375e-01
1.027765561986373755e-01
1.024801012156170699e-01
1.021852903972534921e-01
1.018921118027313333e-01
1.016005535947649835e-01
1.013106040386060058e-01
1.010222515010598815e-01
1.007354844495126772e-01
1.004502914509665945e-01
1.001666611710836791e-01
9.988458237323909195e-02
9.960404391758490017e-02
9.932503476011991794e-02
9.904754395177127468e-02
9.877156063748279702e-02
9.849707405531306359e-02
9.822407353554241105e-02
9.795254849978816958e-02
9.768248846012839159e-02
9.741941732334095938e-02
9.716449877469116037e-02
9.691088270903558399e-02
9.665856037753713104e-02
9.640752310136449510e-02
9.615776227107485086e-02
9.590926934600174647e-02
9.566203585364931039e-02
9.541605338908983047e-02
9.517131361436897974e-02
9.492780825791434507e-02
9.468552911395024252e-02
9.444446804191751477e-02
9.420461696589785272e-02
9.396596787404415396e-02
9.372851281801555801e-02
9.349224391241731102e-02
9.325715333424637599e-02
9.302323332234019304e-02
9.279047617683387761e-02
9.255887425861819562e-02
9.233220363823750609e-02
9.210937686354682408e-02
9.188761178479577796e-02
9.166690167319370419e-02
9.144723985194035121e-02
9.122861969576698260e-02
9.101103463048279552e-02
9.079447813252586319e-02
9.057931339918291747e-02
9.036532073858283276e-02
9.015233033622831182e-02
8.994033594391291631e-02
8.972933136132012211e-02
8.951931043559242795e-02
8.931026706090518241e-02
8.910219517804417177e-02
8.889508877398785702e-02
8.868894188149459290e-02
8.848374857869256704e-02
8.827950298867541512e-02
8.807619927910169400e-02
8.787383166179787986e-02
8.767239439236598764e-02
8.747188176979517338e-02
8.727228813607693092e-02
8.707360787582531236e-02
8.687583541589904979e-02
8.667896522502964440e-02
8.648299181345255049e-02
8.628790973254121810e-02
8.609371357444578488e-02
8.590039797173541769e-02
8.570795759704462335e-02
8.551638716272121077e-02
8.532568142048073401e-02
8.513583516106233706e-02
8.494684321388841497e-02
8.475870044672857706e-02
8.457140176536595555e-02
8.438494211326753869e-02
8.419931647125768193e-02
8.401451985719439464e-02
8.383054732565015099e-02
8.364739396759400536e-02
8.346505491007848165e-02
8.328352531592923824e-02
8.310280038343713371e-02
8.292287534605438659e-02
8.274747750663359602e-02
8.257391008552265876e-02
8.240109456115465858e-02
8.223074443241283615e-02
8.206120176708450731e-02
8.189237717938757655e-02
8.172532319989259109e-02
8.155988945182265915e-02
8.139515795322851965e-02
8.123112458440695516e-02
8.106778525596042284e-02
8.090513590854046810e-02
8.074317251259167938e-02
8.058189106810004221e-02
8.042128760434159862e-02
8.026135817963493679e-02
8.010209888109558196e-02
7.994350582439244124e-02
7.978557515350696849e-02
7.962830304049386965e-02
7.947168568524519416e-02
7.931571931525564778e-02
7.916040018539020895e-02
7.900572457765452083e-02
7.885168880096678212e-02
7.869828919093230235e-02
7.854552210961961156e-02
7.839338394533883203e-02
7.824187111242295045e-02
7.809098005100954809e-02
7.794070722682557018e-02
7.779104913097467655e-02
7.764200227972452295e-02
7.749356321429870520e-02
7.734572850066807892e-02
7.719849472934608992e-02
7.705185851518432660e-02
7.690581649717125046e-02
7.676036533823223096e-02
7.661550172503098222e-02
7.647122236777403881e-02
7.632752400001548143e-02
7.618440337846499322e-02
7.604185728279652667e-02
7.589988251545939923e-02
7.575847590149073496e-02
7.561763428833014056e-02
7.547735454563488100e-02
7.533763356509889930e-02
7.519846826027089259e-02
7.505985556637609357e-02
7.492179244013906503e-02
7.478427585960700785e-02
7.464730282397726013e-02
7.451087035342300602e-02
7.437497548892355037e-02
7.423961529209446852e-02
7.410478684501994873e-02
7.397048725008588399e-02
7.383671362981590602e-02
7.370346312670758571e-02
7.357073290307018787e-02
7.343852014086524327e-02
7.330682204154680137e-02
7.317563582590409788e-02
7.304495873390567939e-02
7.291478802454476327e-02
7.278512097568552719e-02
7.265595488391161927e-02
7.252728706437522321e-02
7.239911485064842722e-02
7.227143559457502309e-02
7.214424666612390125e-02
7.201754545324369483e-02
7.189132936171969968e-02
7.176559581502996166e-02
7.164034225420540247e-02
7.151556613768814130e-02
7.139126494119386879e-02
7.126743615757372141e-02
7.114407729667808489e-02
7.102118588522114695e-02
7.089875946664708772e-02
7.077679560099753298e-02
7.065529186477945145e-02
7.053424585083513387e-02
7.041473298050678065e-02
7.029579397862871504e-02
7.017728986257951163e-02
7.005921844590945469e-02
6.994157755643393148e-02
6.982436503612254874e-02
6.970757874098842954e-02
6.959121654097968901e-02
6.947527631987017449e-02
6.935975597515270374e-02
6.924465341793242801e-02
6.913077175593485002e-02
6.901733554399493153e-02
6.890430029936046863e-02
6.879166409799475357e-02
6.868026675382123136e-02
6.856934283588254908e-02
6.845880474818852313e-02
6.834865069217205269e-02
6.823887887995504220e-02
6.812948753427296167e-02
6.802047488840107237e-02
6.791183918607907044e-02
6.780357868143858935e-02
6.769569163892953656e-02
6.758817633324795682e-02
6.748103104926457541e-02
6.737425408195328591e-02
6.726784373632040126e-02
6.716179832733468191e-02
6.705611617985807182e-02
6.695079562857636502e-02
6.684583501793102400e-02
6.674123270205105374e-02
6.663698704468618006e-02
6.653309641913933425e-02
6.642955920820062254e-02
6.632637380408216987e-02
6.622353860835204775e-02
6.612105203186977032e-02
6.601891249472237322e-02
6.591711842616056194e-02
6.581566826453529029e-02
6.571456045723511608e-02
6.561379346062444495e-02
6.551336573998101098e-02
6.541327576943510580e-02
6.531352203190883554e-02
6.521410301905565532e-02
6.511501723120037555e-02
6.501626317728026461e-02
6.491783937478541600e-02
6.481974434970139143e-02
6.472197663644985166e-02
6.462453477783225431e-02
6.452741732497190019e-02
6.443062283725785322e-02
6.433414988228829123e-02
6.423799703581475895e-02
6.414243888908635616e-02
6.404756379990871051e-02
6.395299895862888162e-02
6.385874301230380634e-02
6.376479461561043727e-02
6.367115243079453368e-02
6.357781512761932763e-02
6.348478138331481446e-02
6.339204988252751527e-02
6.329961931727051683e-02
6.320748838687398341e-02
6.311565579793564085e-02
6.302412026427277325e-02
6.293288050687267932e-02
6.284193525384586254e-02
6.275128324037688998e-02
6.266092320867867882e-02
6.257085390794438207e-02
6.248107409430110615e-02
6.239158253076352439e-02
6.230237798718844117e-02
6.221345924022902291e-02
6.212482507328896675e-02
6.203647427647854956e-02
6.194840564656969861e-02
6.186061798695164510e-02
6.177311010758729931e-02
6.168588082496951480e-02
6.159892896207820601e-02
6.151225334833718833e-02
6.142585281957167742e-02
6.134208916001200607e-02
6.125877842303167897e-02
6.117572084877497679e-02
6.109291540772236045e-02
6.101172251007281472e-02
6.093152341449455806e-02
6.085156056920922735e-02
6.077183302178661845e-02
6.069233982505527203e-02
6.061308003706694647e-02
6.053405272106032742e-02
6.045525694542546596e-02
6.037669178366895234e-02
6.029835631437815979e-02
6.022024962118700114e-02
6.014237079274116493e-02
6.006488526306397874e-02
5.998782656471547681e-02
5.991098983901475133e-02
5.983437422668060751e-02
5.975797887291634664e-02
5.968180292738046316e-02
5.960584554415801484e-02
5.953010588173363732e-02
5.945458310296105470e-02
5.937927637503698924e-02
5.930418486947255235e-02
5.922930776206568326e-02
5.915464423287389306e-02
5.908019346618724466e-02
5.900595465050108984e-02
5.893192697848908396e-02
5.885810964697702624e-02
5.878450185691659613e-02
5.871110281335826381e-02
5.863791172542608815e-02
5.856492780629176526e-02
5.849215027314826065e-02
5.841957834718516929e-02
5.834721125356299998e-02
5.827504822138831336e-02
5.820308848368833249e-02
5.813133127738683015e-02
5.805977584327886437e-02
5.798842142600674210e-02
5.791726727403602448e-02
5.784631263963078279e-02
5.777555677883047108e-02
5.770499895142559149e-02
5.763463842093440037e-02
5.756447445457976708e-02
5.749450632326559563e-02
5.742473330155378752e-02
5.735515466764156550e-02
5.728628575621973196e-02
5.721783498210789715e-02
5.714957066131843427e-02
5.708149212101108760e-02
5.701359869170301992e-02
5.694588970724805826e-02
5.687836450481439932e-02
5.681102242486398696e-02
5.674386281113050906e-02
5.667688501059944123e-02
5.661008837348610601e-02
