7.524906835408354810e-01
6.971502996384791873e-01
6.774789707237446335e-01
6.636234649246433026e-01
6.495534907356050880e-01
6.359506247914168409e-01
6.230347676781911037e-01
6.113683692246115742e-01
6.006671936197310879e-01
5.907398466046112073e-01
5.814593294748374719e-01
5.727689452540410953e-01
5.646992817739052706e-01
5.570806490873253525e-01
5.499831570620518084e-01
5.432834965774104852e-01
5.370367096187075306e-01
5.314821732054817449e-01
5.263937116455361664e-01
5.215979580672622795e-01
5.169590854202555930e-01
5.126265035193944275e-01
5.085199251625306394e-01
5.045770436830703254e-01
5.007753968826613722e-01
4.970802000237236062e-01
4.935869453418315067e-01
4.901419110759410169e-01
4.867441789587905743e-01
4.833928665569999228e-01
4.800871239685413072e-01
4.768261308984322322e-01
4.736090940701482288e-01
4.704352449348829790e-01
4.673038376448957476e-01
4.642141472608769526e-01
4.611654681665462996e-01
4.581571126666460492e-01
4.551884097471114443e-01
4.522587039785503360e-01
4.493673545462554264e-01
4.465137343918504365e-01
4.436972294533222394e-01
4.409172379917015716e-01
4.381731699939647173e-01
4.354644466429205552e-01
4.327904998459018993e-01
4.301507718150132664e-01
4.275447146925355213e-01
4.249717902158167138e-01
4.224314694166607098e-01
4.199232323507941511e-01
4.174465678535330126e-01
4.150009733182255522e-01
4.125859544944639468e-01
4.102287380155600904e-01
4.079932773797881329e-01
4.058787604296357210e-01
4.038122080008168524e-01
4.017693549361395777e-01
3.997498150696070507e-01
3.977532089781543601e-01
3.957791639087416269e-01
3.938273137015042002e-01
3.918972987095019067e-01
3.899887657155537424e-01
3.881013678466062045e-01
3.862347644860307239e-01
3.843990291636377177e-01
3.826006572905397141e-01
3.808214885596123978e-01
3.790797659860567492e-01
3.774403572752363378e-01
3.758166211030765091e-01
3.742083410081883388e-01
3.726936102409228457e-01
3.712346597016697447e-01
3.697886209084907949e-01
3.683553188018772184e-01
3.669345808846757873e-01
3.655262372121881320e-01
3.641301203793875785e-01
3.627460655055597116e-01
3.613739102166517170e-01
3.600134946255848511e-01
3.586646613107639103e-01
3.573272552929985246e-01
3.560011240110244612e-01
3.546861172958053476e-01
3.533820873437725774e-01
3.520888886891475611e-01
3.508063781754820476e-01
3.495344149265313671e-01
3.482728603165747838e-01
3.470215779402777145e-01
3.457804335821899056e-01
3.445492951859563946e-01
3.433280328233198064e-01
3.421165186629772648e-01
3.409146269393552031e-01
3.397222339213557540e-01
3.385392178811227892e-01
3.373654590628770156e-01
3.362008396518536002e-01
3.350452437433850683e-01
3.338985573121573958e-01
3.327606681816709933e-01
3.316314659939312848e-01
3.305108421793927498e-01
3.293986899271771351e-01
3.282949041555830449e-01
3.272258569343516332e-01
3.261669650018358402e-01
3.251155904851403822e-01
3.240716456494532327e-01
3.230350441200352529e-01
3.220057008594063297e-01
3.209835321448324952e-01
3.199684555461166924e-01
3.189603899036977386e-01
3.179592553070570982e-01
3.169649730734379611e-01
3.159774657268759057e-01
3.149966569775427550e-01
3.140224717014030165e-01
3.130548359201841824e-01
3.120936767816580582e-01
3.111389225402335090e-01
3.101905025378589587e-01
3.092899650853390137e-01
3.084067025888017621e-01
3.075287658859819362e-01
3.066560992823840204e-01
3.057886479383032929e-01
3.049263578529708418e-01
3.040691758490076668e-01
3.032170495571820945e-01
3.023699274014670091e-01
3.015277585843881281e-01
3.006904930726615466e-01
2.998580815831128343e-01
2.990304755688736882e-01
2.982259331113920608e-01
2.974593848006879537e-01
2.966967605838768951e-01
2.959380267856203117e-01
2.951911121415031758e-01
2.944875148027588097e-01
2.937869116383441392e-01
2.930892834082507448e-01
2.923946110506975837e-01
2.917028756801960387e-01
2.910140585856296758e-01
2.903281412283466034e-01
2.896451052402658766e-01
2.889649324219993876e-01
2.882876047409868581e-01
2.876131043296474843e-01
2.869414134835464592e-01
2.862725146595767600e-01
2.856063904741578119e-01
2.849430237014501932e-01
2.842823972715857739e-01
2.836244942689161719e-01
2.829692979302762534e-01
2.823167916432659519e-01
2.816669589445477961e-01
2.810197835181626469e-01
2.803752491938616420e-01
2.797333399454564606e-01
2.790940398891855745e-01
2.784573332820987623e-01
2.778232045204584999e-01
2.771916381381589467e-01
2.765626188051615864e-01
2.759361313259490189e-01
2.753121606379955733e-01
2.746906918102545170e-01
2.740717100416638075e-01
2.734746413038854351e-01
2.728893508940564150e-01
2.723062076411133514e-01
2.717252001903295855e-01
2.711463172760449347e-01
2.705695477207397115e-01
2.699948804341170128e-01
2.694223044121936694e-01
2.688518087364012432e-01
2.682833825726941845e-01
2.677170151706690371e-01
2.671526958626911363e-01
2.665904140630307451e-01
2.660301592670089033e-01
2.654719210501508830e-01
2.649156890673496356e-01
2.643614530520380090e-01
2.638092028153695145e-01
2.632653745648841359e-01
2.627325825485431476e-01
2.622015928356715708e-01
2.616723974879944792e-01
2.611449886097124695e-01
2.606193583472752318e-01
2.600954988891556185e-01
2.595734024656220496e-01
2.590530613485111933e-01
2.585344678510002603e-01
2.580176143273777978e-01
2.575024931728158717e-01
2.569890968231413053e-01
2.564774177546068623e-01
2.559674484836624853e-01
2.554591815667267007e-01
2.549526095999584130e-01
2.544477252190281424e-01
2.539445210988905410e-01
2.534429899535566300e-01
2.529431245358660929e-01
2.524449176372615122e-01
2.519483620875612173e-01
2.514534507547337983e-01
2.509601765446731747e-01
2.504685324009738867e-01
2.499785113047074681e-01
2.494901062741989306e-01
2.490033103648052748e-01
2.485181166686928067e-01
2.480345183146174526e-01
2.475525084677041299e-01
2.470720803292282552e-01
2.465932271363975026e-01
2.461159421621342824e-01
2.456402187148602201e-01
2.451660501382804391e-01
2.446934298111697881e-01
2.442223511471591779e-01
2.437528075945237238e-01
2.432847926359716639e-01
2.428182997884341943e-01
2.423533226028571907e-01
2.418898546639921543e-01
2.414278895901910693e-01
2.409674210331995137e-01
2.405084426779531548e-01
2.400509482423739127e-01
2.395949314771683158e-01
2.391403861656259400e-01
2.387176028241629888e-01
2.383049276912291847e-01
2.378933396244460874e-01
2.374939738450596582e-01
2.371118365667377048e-01
2.367305485728098957e-01
2.363501093211821946e-01
2.359705182412523417e-01
2.355917747345003810e-01
2.352138781750691410e-01
2.348368279103342782e-01
2.344606232614629693e-01
2.340852635239630553e-01
2.337107479682215272e-01
2.333370758400334088e-01
2.329642463611206471e-01
2.325922587296422039e-01
2.322275739377269166e-01
2.318692937020170874e-01
2.315118003325637719e-01
2.311550926463485645e-01
2.307991694516339509e-01
2.304440295481529899e-01
2.300896717272976899e-01
2.297360947723023905e-01
2.293832974584248119e-01
2.290312785531245232e-01
2.286800368162381913e-01
2.283295710001517487e-01
2.279798798499697576e-01
2.276309621036832209e-01
2.272828164923325622e-01
2.269354417401700519e-01
2.265888365648180136e-01
2.262429996774253105e-01
2.258979297828218324e-01
2.255536255796689316e-01
2.252100857606089690e-01
2.248673090124113927e-01
2.245252940161176769e-01
2.241840394471826536e-01
2.238435439756146783e-01
2.235038062661124092e-01
2.231648249782008375e-01
2.228265987663642089e-01
2.224891262801769465e-01
2.221524061644327974e-01
2.218164370592717316e-01
2.214812176003049526e-01
2.211467464187379384e-01
2.208130221414915662e-01
2.204800433913211288e-01
2.201478087869338240e-01
2.198188154584562737e-01
2.194936945548591478e-01
2.191693042525667823e-01
2.188456430458236013e-01
2.185227094250283275e-01
2.182005018769045401e-01
2.178790188846674858e-01
2.175582589281868651e-01
2.172382204841471209e-01
2.169189020262032586e-01
2.166003020251331956e-01
2.162824189489879201e-01
2.159652512632366517e-01
2.156487974309107269e-01
2.153330559127422383e-01
2.150180251673017851e-01
2.147037036511311170e-01
2.143900898188747517e-01
2.140771821234071226e-01
2.137649790159581453e-01
2.134534789462352034e-01
2.131426803625424138e-01
2.128325817118985053e-01
2.125231814401498387e-01
2.122144779920832058e-01
2.119064698115348255e-01
2.115991553414972581e-01
2.112925330242235167e-01
2.109866013013299013e-01
2.106813586138956140e-01
2.103768034025603473e-01
2.100729341076195411e-01
2.097697491691181970e-01
2.094672470269420828e-01
2.091654261209064669e-01
2.088642848908438265e-01
2.085638217766886959e-01
2.082640352185609056e-01
2.079649236568477388e-01
2.076664855322823688e-01
2.073687192860225181e-01
2.070750991913302974e-01
2.067848423299367133e-01
2.064952371145840349e-01
2.062062819841199435e-01
2.059179753772360788e-01
2.056303157325789777e-01
2.053433014888569053e-01
2.050569310849448545e-01
2.047712029599866868e-01
2.044861155534952180e-01
2.042016673054486975e-01
2.039178566563863704e-01
2.036346820475009034e-01
2.033521419207281189e-01
2.030702347188353685e-01
2.027889588855072700e-01
2.025083128654291409e-01
2.022282951043687382e-01
2.019489040492554177e-01
2.016701381482576827e-01
2.013919958508590125e-01
2.011144756079305262e-01
2.008375758718032311e-01
2.005612950963379382e-01
2.002856317369927641e-01
2.000105842508896059e-01
1.997361510968786724e-01
1.994623307356011288e-01
1.991891216295501033e-01
1.989165222431303892e-01
1.986445310427166488e-01
1.983731464967091740e-01
1.981023670755886756e-01
1.978321912519707404e-01
1.975626175006564289e-01
1.972936442986832350e-01
1.970252701253747130e-01
1.967574934623872174e-01
1.964903127937574767e-01
1.962237266059462526e-01
1.959577333878835537e-01
1.956923316310102412e-01
1.954275198293199400e-01
1.951632964793989511e-01
1.948996600804652202e-01
1.946366091344063909e-01
1.943741421458161367e-01
1.941122576220305207e-01
1.938509540731615244e-01
1.935902300121317698e-01
1.933300839547057726e-01
1.930705144195223044e-01
1.928115199281250636e-01
1.925530990049910129e-01
1.922952501775606615e-01
1.920379719762640713e-01
1.917812629345493070e-01
1.915251215889070824e-01
1.912695464788964628e-01
1.910145361471689562e-01
1.907600891394918285e-01
1.905062040047710570e-01
1.902528792950724523e-01
1.900001135656434470e-01
1.897479053749332456e-01
1.894962532846119763e-01
1.892451558595899253e-01
1.889946116680356891e-01
1.887446192813934664e-01
1.884951772743997389e-01
1.882462842250998691e-01
1.879979387148632275e-01
1.877501393283979858e-01
1.875054402409181975e-01
1.872645121715551808e-01
1.870240770152718779e-01
1.867841337287328707e-01
1.865446812694059875e-01
1.863057185955899753e-01
1.860672446664421442e-01
1.858292584420051796e-01
1.855917588832330378e-01
1.853547449520168422e-01
1.851182156112100852e-01
1.848821698246532474e-01
1.846466065571978621e-01
1.844115247747303565e-01
1.841769234441950343e-01
1.839428015336167233e-01
1.837091580121235079e-01
1.834759918499679898e-01
1.832433020185487149e-01
1.830110874904308238e-01
1.827793472393673124e-01
1.825480802403180725e-01
1.823172854694695977e-01
1.820869619042549958e-01
1.818571085233717799e-01
1.816277243068005753e-01
1.813988082358230780e-01
1.811703592930394568e-01
1.809423764623861175e-01
1.807148587291514119e-01
1.804878050799932077e-01
1.802612145029543478e-01
1.800350859874782217e-01
1.798094185244246412e-01
1.795842111060845792e-01
1.793594627261946850e-01
1.791351723799518569e-01
1.789113390640275081e-01
1.786879617765804729e-01
1.784650395172710791e-01
1.782425712872739709e-01
1.780205560892907934e-01
1.777989929275629044e-01
1.775778808078832538e-01
1.773572187376083187e-01
1.771370057256698716e-01
1.769172407825858051e-01
1.766979229204720392e-01
1.764790511530522077e-01
1.762606244956688439e-01
1.760426419652935115e-01
1.758251025805365741e-01
1.756080053616568548e-01
1.753913493305716276e-01
1.751751335108649998e-01
1.749593569277977934e-01
1.747440186083154545e-01
1.745291175810571305e-01
1.743146528763636627e-01
1.741006235262857194e-01
1.738870285645917613e-01
1.736738670267753415e-01
1.734611379500628214e-01
1.732488403734203930e-01
1.730369733375609897e-01
1.728255358849512535e-01
1.726145270598179460e-01
1.724039459081544434e-01
1.721937914777270096e-01
1.719840628180804853e-01
1.717747589805442843e-01
1.715658790182382210e-01
1.713574219860778125e-01
1.711493869407791357e-01
1.709417729408648501e-01
1.707345790466677504e-01
1.705278043203374283e-01
1.703214478258429920e-01
1.701155086289787843e-01
1.699099857973677130e-01
1.697048784004663025e-01
1.695001855095679688e-01
1.692959061978071000e-01
1.690920395401625809e-01
1.688885846134615676e-01
1.686855404963827909e-01
1.684829062694594981e-01
1.682806810150827004e-01
1.680788638175045313e-01
1.678774537628403007e-01
1.676764499390720198e-01
1.674758514360501493e-01
1.672756573454970697e-01
1.670758667610080517e-01
1.668764787780546710e-01
1.666774924939862512e-01
1.664789070080320010e-01
1.662807214213025686e-01
1.660829348367923453e-01
1.658855463593802149e-01
1.656885550958323294e-01
1.654919601548018593e-01
1.652957606468319351e-01
1.650999556843554261e-01
1.649045443816971879e-01
1.647095258550738961e-01
1.645148992225960172e-01
1.643206636042678914e-01
1.641268181219886768e-01
1.639333618995529318e-01
1.637402940626509484e-01
1.635476137388691964e-01
1.633553200576911835e-01
1.631634121504966228e-01
1.629718891505628209e-01
1.627807501930637057e-01
1.625899944150703269e-01
1.623996209555508552e-01
1.622096289553697779e-01
1.620200175572887591e-01
1.618307859059649467e-01
1.616419331479514165e-01
1.614534584316970056e-01
1.612653609075446193e-01
1.610776397277315364e-01
1.608902940463884934e-01
1.607033230195389073e-01
1.605167258050977930e-01
1.603305015628712360e-01
1.601446494545553656e-01
1.599591686437350224e-01
1.597740582958830924e-01
1.595893175783588691e-01
1.594049456604077486e-01
1.592209417131586202e-01
1.590373049096236724e-01
1.588540344246967551e-01
1.586711294351514367e-01
1.584885891196401719e-01
1.583064126586923581e-01
1.581245992347128648e-01
1.579431480319805070e-01
1.577620582366459356e-01
1.575813290367305830e-01
1.574009596221240259e-01
1.572209491845829032e-01
1.570412969177285567e-01
1.568620020170451990e-01
1.566830636798782761e-01
1.565044811054317475e-01
1.563262534947667537e-01
1.561483800507990627e-01
1.559708599782968497e-01
1.557936924838790593e-01
1.556168767760126026e-01
1.554404120650102750e-01
1.552642975630286470e-01
1.550885324840653445e-01
1.549131160439572719e-01
1.547380474603773648e-01
1.545633259528328973e-01
1.543889507426624841e-01
1.542173352960339860e-01
1.540477721757358420e-01
1.538785310733217226e-01
1.537096113284969479e-01
1.535410122821962986e-01
1.533727332765844886e-01
1.532047736550566086e-01
1.530371327622391808e-01
1.528698099439902147e-01
1.527028045473997897e-01
1.525361159207902773e-01
1.523697434137169238e-01
1.522036863769685167e-01
1.520379441625667460e-01
1.518725161237671484e-01
1.517074016150591065e-01
1.515425999921659050e-01
1.513781106120450082e-01
1.512139328328880872e-01
1.510500660141206597e-01
1.508865095164027836e-01
1.507232627016281967e-01
1.505603249329251769e-01
1.503976955746552102e-01
