4.900309211106602447e+00
8.787188397600058654e-01
6.074312002886165240e-01
5.607264689499956711e-01
5.286171738968171718e-01
5.027331964436528855e-01
4.800904897890623246e-01
4.602542530434727275e-01
4.427347177443508586e-01
4.272860476232268057e-01
4.133769966014161912e-01
4.030659762835169801e-01
3.940710044222452413e-01
3.864398388275334106e-01
3.796951746791590865e-01
3.733479449176745346e-01
3.673192714678283899e-01
3.618558678249118588e-01
3.567404931520062328e-01
3.517915115393108194e-01
3.469984272510895362e-01
3.423517182527164304e-01
3.378427405086835145e-01
3.334636393808467769e-01
3.293431512262797178e-01
3.254032416721333032e-01
3.215417311016567914e-01
3.178793134283955935e-01
3.143596704335267500e-01
3.110254531065705930e-01
3.077473996871463724e-01
3.045252398139984273e-01
3.013585822936865055e-01
2.982469342029965831e-01
2.951897174706598626e-01
2.921862832642511676e-01
2.892359244653072703e-01
2.863378864787307077e-01
2.834913765905601180e-01
2.806955720604869531e-01
2.779665381548245828e-01
2.753320621589368522e-01
2.727451835056091123e-01
2.702050043680917502e-01
2.677473519849946082e-01
2.653651588502240477e-01
2.630236349470276291e-01
2.607220132505412291e-01
2.584595282982509179e-01
2.562687845292097033e-01
2.541618676920629483e-01
2.520880288172498429e-01
2.500466661688943160e-01
2.480371824496591382e-01
2.460589859747295549e-01
2.441114916491707310e-01
2.421941217747974884e-01
2.403063067093871574e-01
2.384474853981811138e-01
2.366171057950850198e-01
2.348146251887626712e-01
2.330432788805195388e-01
2.313345271977097217e-01
2.296617761861321216e-01
2.280459721593993960e-01
2.264521834174180459e-01
2.248800441848391174e-01
2.233291958475583927e-01
2.218859599289688678e-01
2.204871368507564655e-01
2.191054054465317591e-01
2.177405027765281220e-01
2.163921710673744336e-01
2.150601575250012110e-01
2.137442141627040326e-01
2.124440976426761052e-01
2.111595691295143351e-01
2.098903941543895368e-01
2.086611037735903451e-01
2.074546759438870847e-01
2.062618789529526431e-01
2.050825165879890111e-01
2.039163962697594923e-01
2.027633289486085455e-01
2.016231290057285686e-01
2.004956141593114416e-01
1.994144542858301561e-01
1.983577772115245608e-01
1.973119619896843424e-01
1.962768728777024851e-01
1.952523760950835852e-01
1.942383397821824120e-01
1.932521128449931902e-01
1.922859514537230974e-01
1.913291595643634990e-01
1.903816333847931364e-01
1.894432700430533911e-01
1.885139675945128879e-01
1.875981857530983343e-01
1.867090345317883870e-01
1.858282586094395228e-01
1.849557626714488090e-01
1.840914524339671010e-01
1.832352346433335499e-01
1.823870170749092023e-01
1.815467085313378637e-01
1.807142188402483529e-01
1.798894588514324266e-01
1.790723404335144986e-01
1.782627764701410489e-01
1.774606808557131210e-01
1.766659684906834726e-01
1.758981377803333634e-01
1.751406176332661879e-01
1.743896416886911993e-01
1.736451455207582428e-01
1.729070651441749484e-01
1.721753370266200789e-01
1.714498981001129629e-01
1.707306857713929982e-01
1.700176379313589337e-01
1.693106929636181979e-01
1.686097897521899869e-01
1.679148676884091307e-01
1.672298338980459653e-01
1.665581421012824193e-01
1.658922027525138454e-01
1.652319517831446483e-01
1.645773259974156189e-01
1.639282630585306433e-01
1.632847014750652137e-01
1.626465805876467774e-01
1.620138405558985417e-01
1.613864223456354385e-01
1.607642677163065581e-01
1.601473192086747266e-01
1.595355201327255945e-01
1.589288145558011567e-01
1.583271472909482114e-01
1.577304638854785668e-01
1.571387106097333619e-01
1.565518344460462008e-01
1.559697830779012140e-01
1.554153235113366061e-01
1.548835619006453945e-01
1.543555778972463266e-01
1.538313406807267358e-01
1.533108196454847916e-01
1.527939844021599936e-01
1.522808047789050157e-01
1.517712508225081691e-01
1.512652927993714258e-01
1.507629011963524945e-01
1.502640467214728937e-01
1.497687003045027054e-01
1.492768330974238167e-01
1.487884164747787230e-01
1.483034220339109477e-01
1.478298879690920220e-01
1.473650313248943966e-01
1.469033112659083318e-01
1.464447024521131346e-01
1.459891797655505086e-01
1.455367183088134009e-01
1.450872934035196127e-01
1.446408805887769988e-01
1.441974556196361779e-01
1.437569944655353316e-01
1.433194733087365391e-01
1.428848685427526466e-01
1.424531567707689461e-01
1.420243148040573888e-01
1.415983196603860517e-01
1.411751485624234415e-01
1.407547789361392743e-01
1.403371884092013133e-01
1.399223548093699865e-01
1.395102561628912829e-01
1.391008706928876237e-01
1.386941768177495926e-01
1.382901531495253078e-01
1.378887784923120696e-01
1.374900318406496735e-01
1.370938923779131957e-01
1.367003394747095812e-01
1.363093526872766748e-01
1.359209117558860258e-01
1.355349966032474152e-01
1.351515873329199313e-01
1.347706642277263500e-01
1.343922077481722321e-01
1.340161985308714332e-01
1.336426173869766088e-01
1.332714453006167143e-01
1.329026634273388907e-01
1.325362530925605908e-01
1.321721957900254818e-01
1.318104731802691720e-01
1.314510670890909894e-01
1.310939595060353902e-01
1.307391325828796413e-01
1.303915275229367010e-01
1.300489781076719087e-01
1.297085026367809091e-01
1.293700864328054256e-01
1.290337149327530908e-01
1.286993736872598382e-01
1.283670483597551260e-01
1.280367247256287977e-01
1.277083886714006078e-01
1.273820261938905241e-01
1.270576233993935267e-01
1.267351665028548235e-01
1.264146418270490069e-01
1.260960358017609306e-01
1.257793349629711399e-01
1.254645259520417722e-01
1.251515955149077042e-01
1.248405305012693783e-01
1.245313178637904306e-01
1.242239446572965256e-01
1.239183980379805206e-01
1.236146652626075593e-01
1.233127336877276048e-01
1.230125907688888326e-01
1.227142240598564499e-01
1.224217309460453179e-01
1.221331464535761607e-01
1.218466791350528988e-01
1.215618566923129529e-01
1.212786680799726596e-01
1.209971023352228309e-01
1.207171485772013803e-01
1.204387960063674490e-01
1.201620339038826923e-01
1.198868516309950366e-01
1.196132386284263632e-01
1.193411844157657165e-01
1.190706785908650367e-01
1.188017108292400426e-01
1.185342708834740827e-01
1.182683485826269143e-01
1.180039338316471176e-01
1.177410166107877854e-01
1.174795869750275834e-01
1.172196350534938369e-01
1.169611510488912376e-01
1.167041252369328264e-01
1.164485479657766248e-01
1.161944096554638761e-01
1.159417007973630176e-01
1.156904119536162345e-01
1.154405337565904549e-01
1.151920569083319107e-01
1.149449721800235164e-01
1.146992704114482564e-01
1.144549425104532669e-01
1.142119794524200788e-01
1.139703722797374419e-01
1.137301121012775917e-01
1.134937240431412586e-01
1.132591689649451727e-01
1.130259054746630132e-01
1.127939253068177966e-01
1.125632202525864989e-01
1.123337821594740521e-01
1.121056029309883267e-01
1.118786745263147253e-01
1.116529889599877784e-01
1.114285383015638509e-01
1.112053146752921412e-01
1.109833102597872490e-01
1.107625172876981617e-01
1.105429280453795182e-01
1.103245348725618025e-01
1.101073301620206363e-01
1.098913063592476674e-01
1.096764559621200424e-01
1.094627724529007307e-01
1.092502795632108170e-01
1.090389376889693146e-01
1.088287395356275639e-01
1.086196778593630924e-01
1.084117454667511554e-01
1.082049352144379001e-01
1.079992400088119614e-01
1.077946528056784037e-01
1.075911666099328978e-01
1.073887744752356627e-01
1.071874695036879183e-01
1.069872448455073122e-01
1.067880936987053025e-01
1.065900093087658457e-01
1.063929849683228623e-01
1.061970140168416454e-01
1.060020898402992962e-01
1.058082058708663398e-01
1.056187889564495219e-01
1.054310141930978467e-01
1.052442051190907030e-01
1.050583560602778715e-01
1.048734613771059726e-01
1.046895154644648940e-01
1.045065127515370645e-01
1.043244477016413430e-01
1.041433148120782110e-01
1.039631086139715110e-01
1.037838236721116414e-01
1.036054545847946567e-01
1.034279959836617163e-01
1.032514425335380459e-01
1.030757889322696519e-01
1.029010299105601184e-01
1.027271602318058086e-01
1.025541746919310104e-01
1.023820681192217502e-01
1.022108353741596892e-01
1.020404713492541332e-01
1.018709709688750409e-01
1.017023291890843950e-01
1.015345409974677399e-01
1.013676014129648029e-01
1.012015054857005741e-01
1.010362482968146652e-01
1.008718249582922083e-01
1.007082306127932980e-01
1.005454604334821422e-01
1.003835096238575170e-01
1.002223734175805847e-01
1.000620470783062238e-01
9.990252589951008344e-02
9.974380520431988528e-02
9.958588034534307520e-02
9.942874670449719510e-02
9.927239969283942200e-02
9.911683475039544111e-02
9.896204734598976205e-02
9.880803297707628496e-02
9.865478716956740945e-02
9.850230547766558598e-02
9.835058348369297987e-02
9.819961679792356402e-02
9.804940105841410125e-02
9.789993193083580680e-02
9.775120510830712095e-02
9.760321631122485797e-02
9.745596128709885231e-02
9.730943581038389856e-02
9.716363568231449477e-02
9.701855673073897512e-02
9.687419480995348997e-02
9.673054580053906670e-02
9.658760560919556204e-02
9.644537016857913925e-02
9.630383543713919026e-02
9.616299739895481369e-02
9.602285206357435987e-02
9.588339546585351869e-02
9.574462366579357397e-02
9.560653274838287752e-02
9.547182547158972188e-02
9.533814837090456851e-02
9.520512530692062936e-02
9.507275249557037289e-02
9.494102617703248370e-02
9.480994261557786074e-02
9.467949809941578199e-02
9.454968894053912554e-02
9.442051147457444782e-02
9.429196206062727403e-02
9.416403708113278703e-02
9.403673294170386554e-02
9.391004607098098200e-02
9.378397292048407108e-02
9.365850996446226095e-02
9.353365369974661614e-02
9.340940064560250555e-02
9.328574734358363596e-02
9.316269035738504456e-02
9.304022627269825652e-02
9.291835169706726127e-02
9.279706325974346193e-02
9.267635761154414953e-02
9.255623142470860432e-02
9.243668139275749984e-02
9.231854917435210195e-02
9.220232806150173432e-02
9.208664911486447169e-02
9.197150931390618567e-02
9.185690565736603919e-02
9.174283516312291276e-02
9.162929486806239976e-02
9.151628182794441235e-02
9.140379311727213352e-02
9.129182582916220423e-02
9.118037707521325919e-02
9.106944398537966667e-02
9.095902370784152147e-02
9.084911340887880105e-02
9.073971027274500833e-02
9.063081150154095322e-02
9.052241431509121250e-02
9.041451595082047876e-02
9.030711366362945136e-02
9.020020472577386372e-02
9.009378642674296944e-02
8.998785607313948554e-02
8.988241098855885569e-02
8.977744851347239929e-02
8.967296600510751836e-02
8.956896083733124903e-02
8.946543040053472895e-02
8.936237210151612431e-02
8.925978336336738705e-02
8.915766162535919415e-02
8.905600434282887057e-02
8.895480898706682737e-02
8.885407304520658023e-02
8.875379402011246421e-02
8.865396943027079035e-02
8.855459680967986413e-02
8.845567370774198857e-02
8.835719768915628602e-02
8.825916633381028498e-02
8.816157723667589208e-02
8.806442800770195034e-02
8.796771627171144636e-02
8.787143966829626118e-02
8.777559585171523793e-02
8.768018249079084780e-02
8.758519726880789613e-02
8.749063788341329695e-02
8.739650204651482068e-02
8.730278748418233981e-02
8.720949193654910225e-02
8.711661315771332403e-02
8.702414891564191901e-02
8.693209699207274377e-02
8.684045518241916006e-02
8.674922129567534668e-02
8.665839315432133372e-02
8.656796859422957735e-02
8.647794546457138187e-02
8.638832162772533407e-02
8.629909495918462736e-02
8.621026334746688391e-02
8.612253667237976251e-02
8.603712316978383290e-02
8.595289867238628534e-02
8.586922990720718962e-02
8.578591153573492112e-02
8.570294185486404537e-02
8.562031917051002305e-02
8.553804179755990222e-02
8.545610805982203906e-02
8.537451628997902442e-02
8.529326482953658584e-02
8.521235202877716630e-02
8.513177624670960342e-02
8.505153585102274982e-02
8.497162921803623481e-02
8.489205473265365454e-02
8.481281078831470754e-02
8.473389578694780211e-02
8.465530813892375994e-02
8.457704626300840967e-02
8.449910858631565214e-02
8.442149354426280172e-02
8.434419958052205568e-02
8.426722514697668198e-02
8.419056870367491729e-02
8.411422871878324048e-02
8.403820366854296287e-02
8.396249203722416787e-02
8.388709231708170455e-02
8.381200300830955741e-02
8.373722261899779751e-02
8.366274966508809030e-02
8.358858267032974465e-02
8.351472016623591454e-02
8.344116069204045305e-02
8.336790279465557119e-02
8.329494502862709593e-02
8.322228595609391932e-02
8.315062554857256816e-02
8.307971104921357819e-02
8.300908130632371484e-02
8.293873498467620176e-02
8.286867075589419984e-02
8.279888729841444750e-02
8.272938329744859709e-02
8.266015744494739637e-02
8.259120843956312130e-02
8.252253498661317466e-02
8.245413579804383719e-02
8.238600959239296417e-02
8.231815509475504111e-02
8.225057103674487946e-02
8.218325615646183968e-02
8.211620919845424860e-02
8.204942891368378899e-02
8.198291405949108268e-02
8.191666339956030218e-02
8.185067570388446234e-02
8.178494974873026790e-02
8.171948431660455703e-02
8.165427819622048111e-02
8.158933018246160296e-02
8.152463907635001950e-02
8.146020368501163955e-02
8.139602282164311309e-02
8.133209530547842736e-02
8.126841996175587779e-02
8.120499562168469188e-02
8.114182112241366540e-02
8.107889530699669001e-02
8.101621702436183348e-02
8.095378512927862980e-02
8.089159848232609085e-02
8.082965594986121771e-02
8.076795640398599929e-02
8.070649872251851875e-02
8.064528178895886967e-02
8.058430449246015148e-02
8.052356572779606481e-02
8.046306439533121302e-02
8.040279940098979394e-02
8.034276965622538791e-02
8.028297407799132868e-02
8.022341158870920086e-02
8.016408111624052923e-02
8.010498159385616435e-02
8.004611196020680608e-02
7.998747115929349949e-02
7.992905814043922696e-02
7.987087185825841873e-02
7.981291127262947482e-02
7.975517534866535807e-02
7.969766305668497808e-02
7.964037337218514423e-02
7.958330527581175540e-02
7.952645775333262723e-02
7.946982979560880678e-02
7.941342039856695567e-02
7.935722856317217744e-02
7.930125329540030354e-02
7.924549360621011007e-02
7.918994851151756054e-02
7.913461703216746745e-02
7.907949819390769353e-02
7.902459102736167362e-02
7.897062355540870882e-02
7.891687186609187832e-02
7.886332408299551178e-02
7.880997929012885372e-02
7.875683657595836107e-02
7.870389503338440229e-02
7.865115375971806766e-02
7.859861185665993621e-02
7.854626843027637251e-02
7.849412259097793276e-02
7.844217345349699388e-02
7.839042013686579879e-02
7.833886176439397442e-02
7.828749746364689621e-02
7.823632636642463556e-02
7.818534760873918632e-02
7.813456033079385632e-02
7.808396367696129881e-02
7.803355679576182147e-02
7.798333883984380488e-02
7.793330896596034618e-02
7.788346633495044080e-02
7.783381011171626451e-02
7.778433946520386943e-02
7.773505356838172897e-02
7.768595159821968521e-02
7.763703273567017227e-02
7.758829616564626164e-02
7.753974107700201124e-02
7.749136666251257854e-02
7.744317211885390351e-02
7.739515664658229432e-02
7.734731945011577570e-02
7.729965973771379950e-02
7.725217672145671954e-02
7.720486961722801411e-02
7.715773764469358031e-02
7.711078002728298519e-02
7.706399599216938456e-02
7.701738477025216190e-02
7.697094559613644471e-02
7.692467770811441119e-02
7.687858034814683272e-02
7.683265276184443604e-02
7.678689419844900166e-02
7.674130391081424030e-02
7.669588115538940321e-02
7.665062519219864590e-02
7.660553528482402785e-02
