9.262702993860530976e-01
8.494797541629610649e-01
8.019039570438760700e-01
7.588910781945036321e-01
7.197966747382967823e-01
6.847196907430450619e-01
6.537203769676199760e-01
6.256766028424213255e-01
6.007949635705165381e-01
5.781944956134927871e-01
5.578932935321335718e-01
5.391388888293471293e-01
5.219177001063793897e-01
5.060497186541393910e-01
4.913893843118095073e-01
4.779195741454132507e-01
4.655074480971024831e-01
4.543308732275623263e-01
4.439691096654213576e-01
4.344110916049784277e-01
4.254730673048104372e-01
4.172103177316517364e-01
4.096812675376211854e-01
4.033433186356582545e-01
3.972774299585893898e-01
3.915222612259700030e-01
3.863532606950502157e-01
3.813662027758949469e-01
3.765502846998635689e-01
3.721310461892978205e-01
3.680410456142974573e-01
3.640675787290503784e-01
3.602046894665424381e-01
3.564468493819226702e-01
3.527889213495429277e-01
3.493162972946320943e-01
3.459430646703043899e-01
3.426478383638508207e-01
3.394274014135919004e-01
3.362787358349164646e-01
3.331990069290626799e-01
3.301855489793800169e-01
3.272358522066694531e-01
3.245146682383840409e-01
3.221616385955977657e-01
3.198786512089223377e-01
3.177043772161531332e-01
3.157214963198098356e-01
3.137625107624307241e-01
3.118270892879942413e-01
3.099148948010530535e-01
3.080745084427985447e-01
3.063089139093217450e-01
3.045609917041426917e-01
3.028306219313874892e-01
3.011176702005641248e-01
2.994219896197685138e-01
2.977434225811882440e-01
2.960818023592612369e-01
2.944369545398887733e-01
2.928086982973325259e-01
2.911968475338206908e-01
2.896012118954452430e-01
2.880215976766145602e-01
2.864578086241501009e-01
2.849096466510354086e-01
2.833769124688653163e-01
2.818594061471599854e-01
2.803569276069208249e-01
2.788692770550892375e-01
2.773962553659173325e-01
2.759376644146792068e-01
2.745132713238199185e-01
2.731264019084748140e-01
2.717516938507568147e-01
2.703890204808396813e-01
2.690382541638529079e-01
2.676992666259064291e-01
2.663719292434327812e-01
2.650561132995052915e-01
2.637516902104378169e-01
2.624585317256495354e-01
2.611765101034921321e-01
2.599054982654732671e-01
2.586453699310710674e-01
2.573959997351294993e-01
2.561572633296173018e-01
2.549290374713733542e-01
2.537112000972904235e-01
2.525036303882566835e-01
2.513062088230381685e-01
2.501188172231714746e-01
2.489413387898329333e-01
2.477736581335493460e-01
2.466156612975358431e-01
2.454672357753641398e-01
2.443282705235959307e-01
2.431986559699526596e-01
2.420782840175363659e-01
2.409670480455612385e-01
2.398648429070146804e-01
2.387715649236185622e-01
2.376871118784262549e-01
2.366113830063572565e-01
2.355442789829380046e-01
2.344857019114912344e-01
2.334355553089912660e-01
2.323937440907765939e-01
2.313773314178577123e-01
2.303765252209317438e-01
2.293831966844745718e-01
2.283972733805764987e-01
2.274401748061391226e-01
2.265040144730237348e-01
2.255742641316647035e-01
2.246508716768660097e-01
2.237337852951699901e-01
2.228229534757650288e-01
2.219183250202630409e-01
2.210198490514440339e-01
2.201274750210539255e-01
2.192411527167378860e-01
2.183608322681808434e-01
2.174864641525235121e-01
2.166179991991118436e-01
2.157553885936381033e-01
2.148985838817221161e-01
2.140558967400483792e-01
2.132648746258103412e-01
2.124785480671000648e-01
2.116968869626570937e-01
2.109198612691381147e-01
2.101474410079045840e-01
2.093795962714309067e-01
2.086162972293520435e-01
2.078575141341737764e-01
2.071032173266644794e-01
2.063533772409460731e-01
2.056079644093007086e-01
2.048696265132980698e-01
2.041449304911161777e-01
2.034244488574445953e-01
2.027081528230313401e-01
2.019960137733378125e-01
2.012880032686208132e-01
2.005872350068650944e-01
1.999030061553742910e-01
1.992362149201172827e-01
1.985863733735375447e-01
1.979398527269131125e-01
1.972966370560342020e-01
1.966567103823708973e-01
1.960200566781586384e-01
1.953866598713161762e-01
1.947565038501982149e-01
1.941295724681903756e-01
1.935058495481508933e-01
1.928853188867035717e-01
1.922679642583883519e-01
1.916537694196719932e-01
1.910427181128246943e-01
1.904376137555487958e-01
1.898474811287500230e-01
1.892602505171179228e-01
1.886759075610140446e-01
1.880944379100262798e-01
1.875158272247447466e-01
1.869400611784948762e-01
1.863671254590279491e-01
1.857996212296437744e-01
1.852432311036415480e-01
1.846895581142680431e-01
1.841385883905004295e-01
1.835903080717904701e-01
1.830447033101555432e-01
1.825017602722032173e-01
1.819614651410918216e-01
1.814238041184276506e-01
1.808887634261014676e-01
1.803563293080644447e-01
1.798264880320464554e-01
1.792992258912172454e-01
1.787745292057913160e-01
1.782523843245799322e-01
1.777327776264884251e-01
1.772156955219637564e-01
1.767011244543903459e-01
1.761890509014370776e-01
1.756794613763569268e-01
1.751723424292394582e-01
1.746676806482171107e-01
1.741654626606284895e-01
1.736714489776946257e-01
1.731835147977922595e-01
1.726978360671873325e-01
1.722144014949545943e-01
1.717331998038406915e-01
1.712542197318472903e-01
1.707774500337592982e-01
1.703028794826205450e-01
1.698304968711576990e-01
1.693602910131551120e-01
1.688922507447788435e-01
1.684263649258556095e-01
1.679626224411038815e-01
1.675010122013203540e-01
1.670415231445230575e-01
1.665841442370506742e-01
1.661288644746222454e-01
1.656756728833543024e-01
1.652245585207408329e-01
1.647755104765933343e-01
1.643285178739445351e-01
1.638835698699157295e-01
1.634406556565493329e-01
1.629997644616067165e-01
1.625608855493328175e-01
1.621240082211888589e-01
1.616891218165531496e-01
1.612562157133916318e-01
1.608252793288987847e-01
1.603963021201091077e-01
1.599692735844816249e-01
1.595441832604557741e-01
1.591210207279820932e-01
1.586997756090262890e-01
1.582804375680489928e-01
1.578629963124606739e-01
1.574474415930532112e-01
1.570337632044091769e-01
1.566219509852877501e-01
1.562119948189901464e-01
1.558038846337036487e-01
1.553976104028250704e-01
1.549931621452656227e-01
1.545905299257351317e-01
1.541897038550089361e-01
1.537906740901762992e-01
1.533934308348715025e-01
1.529979643394881461e-01
1.526042649013765184e-01
1.522123228650260340e-01
1.518221286222316002e-01
1.514336726122451071e-01
1.510469453219125679e-01
1.506619372857977424e-01
1.502786390862911048e-01
1.498970413537069335e-01
1.495171347663667716e-01
1.491389100506712306e-01
1.487623579811591934e-01
1.483874693805563583e-01
1.480142351198119877e-01
1.476627768254913653e-01
1.473132832193956299e-01
1.469651792712122762e-01
1.466184585708976140e-01
1.462731147294484835e-01
1.459291413791911629e-01
1.455865321740544283e-01
1.452452807898320375e-01
1.449053809244319480e-01
1.445668262981150143e-01
1.442296106537209466e-01
1.438937277568844153e-01
1.435591713962397764e-01
1.432259353836155824e-01
1.428940135542189072e-01
1.425633997668100117e-01
1.422340879038672401e-01
1.419142324076285155e-01
1.415978776712025211e-01
1.412827258164169597e-01
1.409687713530413944e-01
1.406560088119805096e-01
1.403444327454143603e-01
1.400340377269300440e-01
1.397248183516459630e-01
1.394167692363265376e-01
1.391098850194911196e-01
1.388041603615138841e-01
1.384995899447175050e-01
1.382054566655106786e-01
1.379221901046514820e-01
1.376399180345036222e-01
1.373586362510550440e-01
1.370783405631244567e-01
1.367990267925467407e-01
1.365206907743508336e-01
1.362433283569298714e-01
1.359669354022031984e-01
1.356915077857716867e-01
1.354170413970658127e-01
1.351435321394861555e-01
1.348709759305381228e-01
1.345993687019594043e-01
1.343287063998414854e-01
1.340589849847448889e-01
1.337902004318084481e-01
1.335223487308529189e-01
1.332554258864785679e-01
1.329894279181581263e-01
1.327243508603233313e-01
1.324601907624475550e-01
1.321969436891223537e-01
1.319387915632158625e-01
1.316873583409329806e-01
1.314367635778977972e-01
1.311870037964587565e-01
1.309380755320648237e-01
1.306899753333153336e-01
1.304426997620069806e-01
1.301962453931772290e-01
1.299506088151446137e-01
1.297057866295457385e-01
1.294617754513695262e-01
1.292185719089883611e-01
1.289761726441865930e-01
1.287345743121858233e-01
1.284978465438025852e-01
1.282621738399722655e-01
1.280272702826250331e-01
1.277931327366085279e-01
1.275597580783984220e-01
1.273271431961354450e-01
1.270952849896607173e-01
1.268641803705477800e-01
1.266338262621325150e-01
1.264042195995409845e-01
1.261753573297144937e-01
1.259472364114331833e-01
1.257198538153367073e-01
1.254932065239432182e-01
1.252672915316664359e-01
1.250421058448304423e-01
1.248176464816827952e-01
1.245939104724055058e-01
1.243708948591245034e-01
1.241485966959172821e-01
1.239270130488182853e-01
1.237061409958236657e-01
1.234859776268933951e-01
1.232665200439522768e-01
1.230477653608895994e-01
1.228297107035566799e-01
1.226123532097636720e-01
1.223956900292743621e-01
1.221797183238000212e-01
1.219662109394732269e-01
1.217565467160758447e-01
1.215475135637571341e-01
1.213391091846756364e-01
1.211313312879613996e-01
1.209241775897566401e-01
1.207176458132545732e-01
1.205117336887369245e-01
1.203064389536087214e-01
1.201017593524328353e-01
1.198976926369612062e-01
1.196942365661660956e-01
1.194913889062687029e-01
1.192891474307666150e-01
1.190875099204598969e-01
1.188864741634754613e-01
1.186860379552902300e-01
1.184861990987531449e-01
1.182869554041049709e-01
1.180883046889979471e-01
1.178902447785133423e-01
1.176927735051781360e-01
1.174958887089802423e-01
1.172995882373827348e-01
1.171038699453370302e-01
1.169087316952945460e-01
1.167141713572178024e-01
1.165201868085898040e-01
1.163267759344230323e-01
1.161374376338930314e-01
1.159489256942659585e-01
1.157657274045210821e-01
1.155834452708298793e-01
1.154016787055735238e-01
1.152204259154048921e-01
1.150396851126297276e-01
1.148594545152227947e-01
1.146797323468420893e-01
1.145005168368429249e-01
1.143218062202909779e-01
1.141435987379740558e-01
1.139658926364137542e-01
1.137886861678756995e-01
1.136119775903789431e-01
1.134357651677053297e-01
1.132600471694072547e-01
1.130848218708152275e-01
1.129100875530442416e-01
1.127358425030001443e-01
1.125620850133842860e-01
1.123888133826988073e-01
1.122160259152498452e-01
1.120437209211514462e-01
1.118718967163274403e-01
1.117005516225145073e-01
1.115296839672625245e-01
1.113592920839362455e-01
1.111893743117152028e-01
1.110199289955935142e-01
1.108509544863792162e-01
1.106824491406924876e-01
1.105144113209644147e-01
1.103468393954342985e-01
1.101797317381470048e-01
1.100130867289492859e-01
1.098469027534864501e-01
1.096811782031979071e-01
1.095159114753126162e-01
1.093511009728439787e-01
1.091867451045841347e-01
1.090228422850983842e-01
1.088593909347186084e-01
1.086963894795366925e-01
1.085338363513976140e-01
1.083717299878915602e-01
1.082100688323465870e-01
1.080488513338202644e-01
1.078880759470911554e-01
1.077277411326503787e-01
1.075678453566918241e-01
1.074083870911033134e-01
1.072493648134567740e-01
1.070907770069978310e-01
1.069326221606360511e-01
1.067748987689336737e-01
1.066176053320955219e-01
1.064607403559573590e-01
1.063043023519745223e-01
1.061482898372107520e-01
1.059927013343256730e-01
1.058375353715633321e-01
1.056827904827394582e-01
1.055284652072289303e-01
1.053745580899533713e-01
1.052210676813681300e-01
1.050679925374485429e-01
1.049153312196774435e-01
1.047636065446657522e-01
1.046139698977934518e-01
1.044647290703572262e-01
1.043158827039945141e-01
1.041674294457751310e-01
1.040193679481824229e-01
1.038716968690944209e-01
1.037244148717646614e-01
1.035775206248033126e-01
1.034310128021581204e-01
1.032848900830951877e-01
1.031391511521797394e-01
1.029937946992569991e-01
1.028488194194329963e-01
1.027042240130550399e-01
1.025600071856926226e-01
1.024161676481177286e-01
1.022727041162858619e-01
1.021296153113163824e-01
1.019868999594729375e-01
1.018445567921443251e-01
1.017025845458245925e-01
1.015609819620941351e-01
1.014197477875994763e-01
1.012788807740346020e-01
1.011383796781205047e-01
1.009982432615863651e-01
1.008593624908762781e-01
1.007216934482082632e-01
1.005843787351204388e-01
1.004474171401016774e-01
1.003108074568027364e-01
1.001745484840111389e-01
1.000386390256258057e-01
9.990562647658628170e-02
9.977390339790287443e-02
9.964251254014300230e-02
9.951145277176151605e-02
9.938072296611669132e-02
9.925032200144530414e-02
9.912024876083798397e-02
9.899050213221378958e-02
9.886108100829628376e-02
9.873198428658869208e-02
9.860321086934967227e-02
9.847475966356881993e-02
9.834662958094284035e-02
9.821881953785147057e-02
9.809132845533360956e-02
9.796415525906336519e-02
9.783729887932680891e-02
9.771075825099831413e-02
9.758453231351693624e-02
9.745862001086370852e-02
9.733302029153800827e-02
9.720773210853494994e-02
9.708275441932197325e-02
9.695808618581697180e-02
9.683372637436463148e-02
9.670967395571464231e-02
9.658592790499916092e-02
9.646248720171030078e-02
9.633935082967838570e-02
9.621651777704923192e-02
9.609398703626316485e-02
9.597175760403239830e-02
9.584982848131984312e-02
9.572819867331737453e-02
9.560686718942441875e-02
9.548583304322659504e-02
9.536509525247462149e-02
9.524465283906298485e-02
9.512450482900933202e-02
9.500465025243308437e-02
9.488508814353521781e-02
9.476581754057729345e-02
9.464683748586100176e-02
9.452814702570788707e-02
9.440974521043889178e-02
9.429163109435416412e-02
9.417380373571306029e-02
9.405626219671416044e-02
9.393900554347536791e-02
9.382203284601424442e-02
9.370563574150149455e-02
9.358988912856687492e-02
9.347441631665642792e-02
9.335921642558664413e-02
9.324638755039303673e-02
9.313423211960150661e-02
9.302233083767653954e-02
9.291068294054025123e-02
9.279928766706507792e-02
9.268814425905951004e-02
9.257725196125429767e-02
9.246661002128798990e-02
9.235621768969336232e-02
9.224607421988353928e-02
9.213617886813794955e-02
9.202653089358875382e-02
9.191712955820723063e-02
9.180797412679039815e-02
9.169906386694712253e-02
9.159039804908510052e-02
9.148197594639724539e-02
9.137379683484851689e-02
9.126585999316298714e-02
9.115816470281029593e-02
9.105071024799284152e-02
9.094349591563291590e-02
9.083652099535968749e-02
9.072978477949621146e-02
9.062328656304703689e-02
9.051702564368528658e-02
9.041100132174018089e-02
9.030521290018420077e-02
9.019965968462115291e-02
9.009434098327324947e-02
8.998925610696906219e-02
8.988440436913122666e-02
8.977978508576424377e-02
8.967539757544215617e-02
8.957124115929691877e-02
8.946731516100592252e-02
8.936361890678050368e-02
8.926015172535375908e-02
8.915691294796888877e-02
8.905390190836770525e-02
8.895111794277826833e-02
8.884856038990421312e-02
8.874771465551381522e-02
8.864749963761163476e-02
8.854750495422297751e-02
8.844772993405296269e-02
8.834817390857439834e-02
8.824883621201258521e-02
8.814971618133096709e-02
8.805081315621665627e-02
8.795212647906587577e-02
8.785365549496973459e-02
8.775539955170019724e-02
8.765735799969570641e-02
8.755953019204715249e-02
8.746191548448437048e-02
8.736451323536158220e-02
8.726732280564424016e-02
8.717034355889508035e-02
8.707357486126018897e-02
8.697701608145655405e-02
8.688066659075729947e-02
8.678452576297930599e-02
8.668859297446956935e-02
8.659286760409204420e-02
8.649734903321454338e-02
8.640203664569602593e-02
