5.083578488598662126e+00
9.145689896007663799e-01
7.104895613672246313e-01
6.786661002769126538e-01
6.552707362389552648e-01
6.329167512235147619e-01
6.117188917011533444e-01
5.927568340872066965e-01
5.754248386144810157e-01
5.590885618099371568e-01
5.436745391756513390e-01
5.291146116689880996e-01
5.153458634026533147e-01
5.035945333157368919e-01
4.924501865308127946e-01
4.818312465635437025e-01
4.717031861454759611e-01
4.625594906965405650e-01
4.541885470210406672e-01
4.461587359601145164e-01
4.384483350493260656e-01
4.310374223066373855e-01
4.239076940852270492e-01
4.170423054140448005e-01
4.104999261066266114e-01
4.041919639720777391e-01
3.981000153394324004e-01
3.922543348398137564e-01
3.870996737523207387e-01
3.820843139226582919e-01
3.772023055976699291e-01
3.724642849390413235e-01
3.680116091675231793e-01
3.636717105186872412e-01
3.594397854618477384e-01
3.553113075243696239e-01
3.513193093128529343e-01
3.477166628371965440e-01
3.441889914696231734e-01
3.407334232972501487e-01
3.373472596536938317e-01
3.340279618595696776e-01
3.307731391125629528e-01
3.275805374198842990e-01
3.244480294760013206e-01
3.213736053978438756e-01
3.183553642381949378e-01
3.153915062057166541e-01
3.124803255270627855e-01
3.096202038928352884e-01
3.068096044348320173e-01
3.040470661871194635e-01
3.013369222543194059e-01
2.987243658536752888e-01
2.961541707520470856e-01
2.936251836866759501e-01
2.911677470700502202e-01
2.887876505244907355e-01
2.864436611301633406e-01
2.841348734174529711e-01
2.818604215487809372e-01
2.796194767164833506e-01
2.774112447499466061e-01
2.752349639133583326e-01
2.730899028772177384e-01
2.710131531369560642e-01
2.689727834033395215e-01
2.669606164428553474e-01
2.649760331542924674e-01
2.630184375386002138e-01
2.610872553925197570e-01
2.591819330943012090e-01
2.573019364742863968e-01
2.554607098145953992e-01
2.536903512575858777e-01
2.519422083651322031e-01
2.502158651772677933e-01
2.485242622917127608e-01
2.468746559662023665e-01
2.452444504063859831e-01
2.436333251413746737e-01
2.420409678851588309e-01
2.404670741881889395e-01
2.389113471112634390e-01
2.373734969199517708e-01
2.358532407979379852e-01
2.343503025778098103e-01
2.328644124879498400e-01
2.313953069142957453e-01
2.299427281758465169e-01
2.285157206338544189e-01
2.271093931425982315e-01
2.257183528099179770e-01
2.243423752479904443e-01
2.229812409110570603e-01
2.216347349321310112e-01
2.203026469678986410e-01
2.189847710512789758e-01
2.176809054511441022e-01
2.163908525387430448e-01
2.151144186604016240e-01
2.138514140161093813e-01
2.126016525436288662e-01
2.113649518077903855e-01
2.101411328946624912e-01
2.089300203103078291e-01
2.077314418838533128e-01
2.065452286746315425e-01
2.053712148831535189e-01
2.042092377657043489e-01
2.030591375523553566e-01
2.019207573682090806e-01
2.007939431576992451e-01
1.996785436117878287e-01
1.985744100979001669e-01
1.974813965924631931e-01
1.963993596159085142e-01
1.953281581700175018e-01
1.942676536774947393e-01
1.932177099236544737e-01
1.921781930001235095e-01
1.911489712504624849e-01
1.901299152176128826e-01
1.891208975930894487e-01
1.881217931678322575e-01
1.871324787846496973e-01
1.861528332921783269e-01
1.851827375002893794e-01
1.842220741368881531e-01
1.832707278060367040e-01
1.823285849473506859e-01
1.813955337966147718e-01
1.804714643475663072e-01
1.795562683147996774e-01
1.786498390977477591e-01
1.777520717456962940e-01
1.768628629237913030e-01
1.759821108800010692e-01
1.751097154129972744e-01
1.742455778409175149e-01
1.733896009709821606e-01
1.725416890699262851e-01
1.717017478352246551e-01
1.708696843670765853e-01
1.700454071411232615e-01
1.692288259818769680e-01
1.684198520368304919e-01
1.676183977512286372e-01
1.668243768434767571e-01
1.660377042811657378e-01
1.652582962576923387e-01
1.644860701694558225e-01
1.637209445936123609e-01
1.629628392663680647e-01
1.622116750617933756e-01
1.614673739711452727e-01
1.607298590826770623e-01
1.599990545619226767e-01
1.592748856324426865e-01
1.585572785570138199e-01
1.578461606192525790e-01
1.571414601056574378e-01
1.564431062880582979e-01
1.557510294064611001e-01
1.550651606522760739e-01
1.543854321519170791e-01
1.537117769507650999e-01
1.530441289974807939e-01
1.523824231286604602e-01
1.517265950538226049e-01
1.510765813407185798e-01
1.504323194009561659e-01
1.497937474759282739e-01
1.491608046230400164e-01
1.485334547132012017e-01
1.479116153695441416e-01
1.473123079126151258e-01
1.467247353488818629e-01
1.461421053682478988e-01
1.455643675540889415e-01
1.449914721274009055e-01
1.444233699364188273e-01
1.438600124464591290e-01
1.433013517299796258e-01
1.427473404568489479e-01
1.421979318848220486e-01
1.416530798502152744e-01
1.411127387587752802e-01
1.405768635767361552e-01
1.400454098220604293e-01
1.395183335558596860e-01
1.389955913739870375e-01
1.384771403988019345e-01
1.379629382710963192e-01
1.374529431421847303e-01
1.369471136661487010e-01
1.364454089922344515e-01
1.359477887573988519e-01
1.354542130790005183e-01
1.349646425476315470e-01
1.344790382200867773e-01
1.339973616124685019e-01
1.335195746934196293e-01
1.330456398774875759e-01
1.325755200186095606e-01
1.321091784037216055e-01
1.316510047383593895e-01
1.312030188630605720e-01
1.307584622159676802e-01
1.303173039547321221e-01
1.298795135680653190e-01
1.294450608713486606e-01
1.290139160023195120e-01
1.285860494168279688e-01
1.281614318846642231e-01
1.277455790512151135e-01
1.273385317851041809e-01
1.269344381258051824e-01
1.265332734304239204e-01
1.261350132977616667e-01
1.257396335653076791e-01
1.253499961852950484e-01
1.249702121337959854e-01
1.245930761670839687e-01
1.242185671515945583e-01
1.238466641525168693e-01
1.234773464313623503e-01
1.231105934435766935e-01
1.227463848361950299e-01
1.223847004455357462e-01
1.220255202949365320e-01
1.216688245925285072e-01
1.213145937290482507e-01
1.209628082756859097e-01
1.206134489819727235e-01
1.202664967736983281e-01
1.199219327508695698e-01
1.195797381856964214e-01
1.192398945206140370e-01
1.189023833663372665e-01
1.185671864999437719e-01
1.182342858629909510e-01
1.179036635596608235e-01
1.175753018549334505e-01
1.172491831727918710e-01
1.169252900944507817e-01
1.166036053566164438e-01
1.162841118497702358e-01
1.159667926164806573e-01
1.156516308497386597e-01
1.153386098913197488e-01
1.150277132301692762e-01
1.147189245008122666e-01
1.144122274817862828e-01
1.141076060940975911e-01
1.138050443996991290e-01
1.135045265999908709e-01
1.132060370343419969e-01
1.129095601786328368e-01
1.126150806438188240e-01
1.123225831745145037e-01
1.120320526475960810e-01
1.117434740708246887e-01
1.114568325814884880e-01
1.111721134450625592e-01
1.108893020538884167e-01
1.106083839258701351e-01
1.103293447031886282e-01
1.100521701510339123e-01
1.097768461563527476e-01
1.095033587266143749e-01
1.092329637206306825e-01
1.089664691797822826e-01
1.087017110791480556e-01
1.084386767560404641e-01
1.081773536497158128e-01
1.079177293004280475e-01
1.076597913484937108e-01
1.074035275333678346e-01
1.071489256927315170e-01
1.068959737615902544e-01
1.066446597713821970e-01
1.063949718490984075e-01
1.061468982164105457e-01
1.059004271888123599e-01
1.056555471747683828e-01
1.054122466748732140e-01
1.051705142810206578e-01
1.049303386755822548e-01
1.046917086305945710e-01
1.044546130069556322e-01
1.042190407536322944e-01
1.039849809068725955e-01
1.037524225894306679e-01
1.035213550097982965e-01
1.032917674614445835e-01
1.030636493220651317e-01
1.028369900528386255e-01
1.026117791976917243e-01
1.023880063825708814e-01
1.021656613147242931e-01
1.019447337819882060e-01
1.017252136520848949e-01
1.015070908719235554e-01
1.012903554669119938e-01
1.010749975402741863e-01
1.008610072723750556e-01
1.006483749200523387e-01
1.004370908159549353e-01
1.002271453678891255e-01
1.000185290581707132e-01
9.981123244298399644e-02
9.960524615174654040e-02
9.940056088648234478e-02
9.919716742119925879e-02
9.899505660127370932e-02
9.879421934284177143e-02
9.859464663219529024e-02
9.839632952518577447e-02
9.819925914663285571e-02
9.800342668973752169e-02
9.780882341550538317e-02
9.761544065217035715e-02
9.742326979462792580e-02
9.723230230387125417e-02
9.704252970643567622e-02
9.685394359384570662e-02
9.666653562206913020e-02
9.648029751097592088e-02
9.629522104380204561e-02
9.611129806661937447e-02
9.592852048780953211e-02
9.574688027754385544e-02
9.556636946726716764e-02
9.538698014918751966e-02
9.521121702364690464e-02
9.503712621517715342e-02
9.486410683631249507e-02
9.469215150098587996e-02
9.452125287727455860e-02
9.435140368699339308e-02
9.418259670528465743e-02
9.401482476021649770e-02
9.384808073238135040e-02
9.368235755449749735e-02
9.351764821101571368e-02
9.335394573772631821e-02
9.319124322137102567e-02
9.302953379925747723e-02
9.286881065887560294e-02
9.270906703751757849e-02
9.255029622190200089e-02
9.239252185222157632e-02
9.223618023310906078e-02
9.208204913615086751e-02
9.193049661313450194e-02
9.177984556086828116e-02
9.163008993742530195e-02
9.148122374391651213e-02
9.133324102417489376e-02
9.118613586444049290e-02
9.103990239305027876e-02
9.089453478012675391e-02
9.075002723727307319e-02
9.060637401726633067e-02
9.046356941375689742e-02
9.032160776096680166e-02
9.018048343339199469e-02
9.004019084550717034e-02
8.990072445147104241e-02
8.976207874483616012e-02
8.962424825825805741e-02
8.948722756321043914e-02
8.935101126969734187e-02
8.921559402597213639e-02
8.908097051825658585e-02
8.894713547046095847e-02
8.881479707501585552e-02
8.868376336654201775e-02
8.855347524672523007e-02
8.842392793694348052e-02
8.829511669081814562e-02
8.816703679399758020e-02
8.803968356394115125e-02
8.791305234970546445e-02
8.778940744605702451e-02
8.766664011543219559e-02
8.754454349783782896e-02
8.742311350774829848e-02
8.730234608551556974e-02
8.718223719720941123e-02
8.706278283445842425e-02
8.694397901429258557e-02
8.682582177898438835e-02
8.670830719589420199e-02
8.659143135731256491e-02
8.647519038030693217e-02
8.635958040656634138e-02
8.624459760224902072e-02
8.613023815782917814e-02
8.601649828794580288e-02
8.590337423125177230e-02
8.579086225026290313e-02
8.567895863121013922e-02
8.556765968389004606e-02
8.545696174151755364e-02
8.534686116057876859e-02
8.523735432068454965e-02
8.512843762442709461e-02
8.502010749723265537e-02
8.491236038722037305e-02
8.480519276505747717e-02
8.469860112381856487e-02
8.459258197884336750e-02
8.448713186759668203e-02
8.438224734952823325e-02
8.427792500593435376e-02
8.417416143981884535e-02
8.407095327575625499e-02
8.396829715975506758e-02
8.386618975912189800e-02
8.376462776232594665e-02
8.366360787886506500e-02
8.356312683913234840e-02
8.346318139428286764e-02
8.336376831610185778e-02
8.326488439687323995e-02
8.316652644924946158e-02
8.306869130612166974e-02
8.297137582049006477e-02
8.287457686533609980e-02
8.277829133349552670e-02
8.268251613753023477e-02
8.258724820960330892e-02
8.249248450135343580e-02
8.239822198376986484e-02
8.230445764706975642e-02
8.221118850057322625e-02
8.211841157258278900e-02
8.202612391026074812e-02
8.193432257950820918e-02
8.184300466484520364e-02
8.175216726929107613e-02
8.166180751424585715e-02
8.157192253937152471e-02
8.148250950247562518e-02
8.139356557939372849e-02
8.130508796387433956e-02
8.121707386746243595e-02
8.112952051938591980e-02
8.104242516644173666e-02
8.095578507288206382e-02
8.086959752030192794e-02
8.078385980752807172e-02
8.069856925050689078e-02
8.061372318219452160e-02
8.052931895244744287e-02
8.044535392791209161e-02
8.036182549191800417e-02
8.027873104436855645e-02
8.019606800163486815e-02
8.011383379644961000e-02
8.003202587779960353e-02
7.995064171082251481e-02
7.986967877670127225e-02
7.978913457256056607e-02
7.970900661136363918e-02
7.962929242181006340e-02
7.954998954823259971e-02
7.947109555049777785e-02
7.939260800390367245e-02
7.931452449908038549e-02
7.923684264189127802e-02
7.915956005333327217e-02
7.908267436943917927e-02
7.900618324118001412e-02
7.893008433436801696e-02
7.885437532956075801e-02
7.877905392196477008e-02
7.870411782134095757e-02
7.862956475191001937e-02
7.855539245225816314e-02
7.848159867524415190e-02
7.840818118790698898e-02
7.833513777137239564e-02
7.826246622076296622e-02
7.819016434510611679e-02
7.811822996724390733e-02
7.804666092374328012e-02
7.797545506480699218e-02
7.790461025418488061e-02
7.783412436908541954e-02
7.776399530008862304e-02
7.769422095105872617e-02
7.762479923905808710e-02
7.755572809426086733e-02
7.748700545986836330e-02
7.741862929202363020e-02
7.735059755972764628e-02
7.728290824475489429e-02
7.721555934157159351e-02
7.714854885725193345e-02
7.708187481139600061e-02
7.701553523604917628e-02
7.694952817561992453e-02
7.688385168680052228e-02
7.681850383848570774e-02
7.675348271169428471e-02
7.668878639948999154e-02
7.662441300690263357e-02
7.656036065085057574e-02
7.649662746006302694e-02
7.643321157500336527e-02
7.637011114779289345e-02
7.630732434213391424e-02
7.624484933323567859e-02
7.618268430773839084e-02
7.612082746363944830e-02
7.605927701021909793e-02
7.599803116796705060e-02
7.593708816850924803e-02
7.587644625453585090e-02
7.581610367972867193e-02
7.575605870868987179e-02
7.569630961687104365e-02
7.563685469050177024e-02
7.557769222652038765e-02
7.551882053250370819e-02
7.546023792659793672e-02
7.540194273744942055e-02
7.534393330413707845e-02
7.528620797610392767e-02
7.522876511309004033e-02
7.517160308506426469e-02
7.511472027215955471e-02
7.505811506460537130e-02
7.500178586266269265e-02
7.494573107655833066e-02
7.488994912642019108e-02
7.483443844221271402e-02
7.477919746367335530e-02
7.472422464024854050e-02
7.466951843103056263e-02
7.461507730469515987e-02
7.456089973943846871e-02
7.450698422291579526e-02
7.445332925218030307e-02
7.439993333362013295e-02
7.434679498290101829e-02
7.429391272490237785e-02
7.424128509365938988e-02
7.418891063230353966e-02
7.413678789300269523e-02
7.408491543690286230e-02
7.403329183406971714e-02
7.398191566343081949e-02
7.393121995690161985e-02
7.388085757618742533e-02
7.383073933229870878e-02
7.378086379771564562e-02
7.373122955403153822e-02
7.368183519189180908e-02
7.363267931093191165e-02
7.358376051971744769e-02
7.353507743568377109e-02
7.348662868507579993e-02
7.343898167416089418e-02
7.339182063509409881e-02
7.334488144425745093e-02
7.329816284025091055e-02
7.325166356945667090e-02
7.320538238599035019e-02
7.315931805164992141e-02
7.311346933586687635e-02
7.306783501565633498e-02
7.302241387556866747e-02
7.297720470764094969e-02
7.293220631134837706e-02
7.288741749355612254e-02
7.284283706847244355e-02
7.279846385760048444e-02
7.275429668969182750e-02
7.271033440070007181e-02
7.266657583373330176e-02
7.262301983900924796e-02
7.257966527380907418e-02
7.253651100243135863e-02
7.249355589614807360e-02
7.245079883315844183e-02
7.240823869854555450e-02
7.236587438423121299e-02
7.232370478893170029e-02
7.228172881811600892e-02
7.223994538395972498e-02
7.219835340530357526e-02
7.215695180761083627e-02
7.211573952292364698e-02
7.207471548982116727e-02
7.203387865337823603e-02
7.199322796512304390e-02
