1.154585595241741203e+00
9.976255270246464635e-01
8.813024284179636902e-01
7.901821972127690552e-01
7.243876242231249707e-01
6.735362722475780606e-01
6.352242652560307068e-01
6.053796466784745478e-01
5.812300600339150858e-01
5.617363813327407307e-01
5.466832865263824281e-01
5.344562629982788637e-01
5.238839877905592246e-01
5.141252108970931767e-01
5.050618820221430827e-01
4.966093396179670494e-01
4.886959759631592792e-01
4.812608731691095931e-01
4.742545547305105358e-01
4.678405872497660711e-01
4.617376900277147533e-01
4.559161703946384980e-01
4.503501207344023927e-01
4.450168367109745837e-01
4.398997647592561844e-01
4.349786618176190167e-01
4.302357601012093413e-01
4.256847904097253443e-01
4.214165627559928740e-01
4.172764611596782580e-01
4.132558373643080984e-01
4.093469214589809946e-01
4.056676623234191648e-01
4.022898626468564554e-01
3.990070345806668306e-01
3.958042930387189462e-01
3.926765335537130142e-01
3.896195073579635237e-01
3.866293542346406209e-01
3.837544583623291872e-01
3.810238421778235907e-01
3.783985165405656659e-01
3.758190056662543688e-01
3.732834193687350477e-01
3.707900134207752774e-01
3.683371747534487373e-01
3.659234083590731657e-01
3.635705513828904056e-01
3.613137142061096929e-01
3.590895493588529552e-01
3.569434828354584588e-01
3.548827410733431109e-01
3.528520775465300297e-01
3.508500673423864402e-01
3.488736942409674247e-01
3.469223136725734236e-01
3.449953133672796213e-01
3.430921107441387008e-01
3.412121505602195848e-01
3.393549027912027838e-01
3.375198607185700972e-01
3.357831936153596319e-01
3.341326335484218757e-01
3.325645795975564756e-01
3.310282206341535471e-01
3.295500612837612420e-01
3.280857314270165248e-01
3.266349922255016303e-01
3.251976133101221467e-01
3.238019339753777648e-01
3.224322558062418520e-01
3.210744567874163069e-01
3.197283600375673274e-01
3.183937935517719975e-01
3.170705899471008005e-01
3.157585862286356737e-01
3.144576235739539594e-01
3.131675471343096095e-01
3.118882058509253596e-01
3.106194522849667905e-01
3.093611424599193027e-01
3.081131357152158134e-01
3.068752945700793933e-01
3.056474845966510867e-01
3.044295743015672517e-01
3.032214350152298010e-01
3.020229407880951067e-01
3.008339682933692250e-01
2.996543967355594917e-01
2.984841077643876073e-01
2.973336339889730562e-01
2.962675645656336343e-01
2.952090121024791847e-01
2.941578625005782932e-01
2.931140338860961370e-01
2.920774458674262331e-01
2.910480194899350836e-01
2.900256771930967981e-01
2.890103427698302863e-01
2.880019413278661622e-01
2.870003992529880366e-01
2.860056441740073119e-01
2.850176049293440261e-01
2.840362115350978378e-01
2.830613951545044582e-01
2.820930880686822739e-01
2.811330355835223727e-01
2.801953114295125391e-01
2.792634302111945410e-01
2.783373386985402709e-01
2.774346139941660239e-01
2.765516091236693286e-01
2.756739687145301487e-01
2.748016472195899951e-01
2.739345996030478902e-01
2.730727813335298571e-01
2.722161483772491675e-01
2.713646571912604610e-01
2.705182647168056786e-01
2.696769283727530331e-01
2.688424550324018947e-01
2.680224997756353589e-01
2.672071792469646878e-01
2.664089559995775347e-01
2.656337080100806824e-01
2.648626695642466999e-01
2.640958089915062534e-01
2.633330949626917494e-01
2.625744964848236718e-01
2.618199828959741904e-01
2.610695238602094292e-01
2.603230893626135023e-01
2.595806497043942618e-01
2.588421754980724243e-01
2.581076376627553515e-01
2.573770074194935420e-01
2.566502562867223891e-01
2.559273560757872601e-01
2.552082788865518426e-01
2.544929971030888693e-01
2.537814833894540545e-01
2.530737106855387442e-01
2.523696522030051126e-01
2.516692814212972418e-01
2.509725720837329144e-01
2.502933017032751839e-01
2.496356465773373612e-01
2.489810664214093527e-01
2.483295429665293708e-01
2.476810581071457462e-01
2.470355938980502153e-01
2.463931325514037429e-01
2.457536564338548557e-01
2.451171480637442390e-01
2.444835901083956820e-01
2.438529653814881515e-01
2.432252568405083859e-01
2.426004475842793995e-01
2.419785208505643437e-01
2.413594600137405344e-01
2.407432485825445334e-01
2.401312010805825570e-01
2.395277784784494157e-01
2.389271552946748978e-01
2.383293152143637628e-01
2.377342420424191638e-01
2.371419197022067993e-01
2.365523322342468759e-01
2.359660997155244577e-01
2.353827889265929507e-01
2.348021589222197281e-01
2.342241942927838216e-01
2.336488797378272475e-01
2.330762000649329868e-01
2.325061401886239776e-01
2.319386851292817853e-01
2.313738200120871169e-01
2.308115300659775437e-01
2.302518006226260405e-01
2.296946171154364003e-01
2.291399650785573561e-01
2.285878301459130790e-01
2.280381980502511341e-01
2.274910546222067564e-01
2.269463857893823377e-01
2.264041775754426222e-01
2.258644160992251404e-01
2.253270875738644929e-01
2.247921783059310674e-01
2.242596746945840491e-01
2.237295632307364779e-01
2.232018304962342936e-01
2.226764631630481217e-01
2.221534479924762440e-01
2.216327718343603925e-01
2.211144216263133400e-01
2.205983843929567589e-01
2.200846472451714331e-01
2.195731973793567660e-01
2.190640220767022250e-01
2.185571087024677783e-01
2.180524447052744341e-01
2.175500176164058552e-01
2.170498150491166900e-01
2.165518246979529216e-01
2.160560343380791004e-01
2.155624318246158744e-01
2.150710050919846239e-01
2.145817421532618952e-01
2.140946310995401614e-01
2.136096600992987982e-01
2.131268173977809710e-01
2.126460913163786270e-01
2.121674702520253697e-01
2.116909426765960778e-01
2.112164971363139354e-01
2.107441222511637902e-01
2.102738067143134493e-01
2.098055392915402217e-01
2.093393088206651764e-01
2.088751042109928402e-01
2.084187762825337187e-01
2.079747787294459471e-01
2.075326390987496661e-01
2.070923479769988529e-01
2.066538960022263061e-01
2.062172738636156577e-01
2.057929345033220059e-01
2.053753362139551508e-01
2.049594327904695756e-01
2.045452162996878043e-01
2.041326788386201574e-01
2.037378558405348039e-01
2.033468926657496789e-01
2.029575382517190274e-01
2.025697842993315900e-01
2.021836225571394807e-01
2.017990448210288668e-01
2.014200445169149478e-01
2.010590554236846017e-01
2.006994383604518983e-01
2.003411872456185849e-01
1.999842960162704630e-01
1.996287586283515270e-01
1.992930174832204249e-01
1.989628719219515285e-01
1.986338775048503980e-01
1.983060290447103413e-01
1.979793213822001463e-01
1.976537493856552752e-01
1.973293079508720294e-01
1.970059920009046006e-01
1.966837964858647592e-01
1.963627163827245670e-01
1.960427466951209508e-01
1.957238824531643551e-01
1.954061187132478672e-01
1.950894505578611438e-01
1.947738730954047814e-01
1.944593814600083514e-01
1.941459708113499605e-01
1.938336363344790036e-01
1.935223732396397778e-01
1.932121767620985919e-01
1.929030421619722380e-01
1.925949647240591811e-01
1.922879397576716665e-01
1.919819625964712950e-01
1.916770285983050992e-01
1.913731331450450324e-01
1.910702716424275416e-01
1.907684395198968597e-01
1.904676322304487968e-01
1.901678452504764194e-01
1.898690740796185328e-01
1.895713142406080520e-01
1.892745612791237875e-01
1.889788107636427017e-01
1.886840582852945536e-01
1.883902994577170420e-01
1.880975299169136417e-01
1.878057453211124384e-01
1.875149413506262130e-01
1.872251137077142746e-01
1.869362581164454307e-01
1.866483703225633450e-01
1.863614460933510075e-01
1.860754812174996164e-01
1.857931403659692227e-01
1.855180749361719228e-01
1.852439087999081246e-01
1.849706380657483440e-01
1.846982588624523636e-01
1.844267673388360340e-01
1.841561596636386577e-01
1.838864320253929263e-01
1.836175806322947190e-01
1.833496017120749000e-01
1.830824915118719753e-01
1.828162462981065273e-01
1.825508623563560084e-01
1.822863359912315906e-01
1.820226635262553738e-01
1.817598413037391780e-01
1.814978656846643612e-01
1.812367330485632477e-01
1.809764397934003344e-01
1.807169823354559113e-01
1.804583571092103766e-01
1.802005605672292454e-01
1.799435891800497123e-01
1.796874394360675475e-01
1.794321078414261028e-01
1.791775909199052053e-01
1.789238852128114399e-01
1.786709872788701803e-01
1.784188936941167036e-01
1.781676010517909414e-01
1.779171059622304263e-01
1.776674050527661253e-01
1.774184949676180789e-01
1.771703723677927611e-01
1.769230339309804945e-01
1.766764763514546421e-01
1.764306963399711048e-01
1.761856906236685116e-01
1.759414559459696881e-01
1.756979890664842059e-01
1.754552867609108224e-01
1.752133458209415295e-01
1.749721630541664352e-01
1.747317352839787563e-01
1.744920593494813654e-01
1.742531321053936433e-01
1.740149504219592469e-01
1.737775111848547660e-01
1.735408112950987680e-01
1.733048476689621753e-01
1.730696172378787256e-01
1.728351169483564043e-01
1.726013437618902635e-01
1.723726266458673884e-01
1.721463865230908608e-01
1.719208115227315037e-01
1.716958990766335735e-01
1.714716466278290719e-01
1.712480516304824840e-01
1.710251115498368502e-01
1.708028238621606965e-01
1.705811860546942726e-01
1.703601956255971772e-01
1.701398500838956496e-01
1.699201469494311667e-01
1.697010837528077909e-01
1.694826580353422374e-01
1.692652192317906090e-01
1.690572983269290896e-01
1.688527363736266051e-01
1.686487526087284972e-01
1.684453448147131271e-01
1.682425107840013478e-01
1.680402483189040452e-01
1.678385552315710683e-01
1.676374293439398255e-01
1.674368684876845759e-01
1.672375729149424839e-01
1.670456199239024608e-01
1.668541820334082104e-01
1.666632574309184212e-01
1.664738833049330957e-01
1.662863570229497767e-01
1.660993360308877231e-01
1.659128185008523493e-01
1.657268026122597770e-01
1.655412865518069709e-01
1.653562685134422061e-01
1.651717466983359806e-01
1.649877193148521215e-01
1.648041845785187531e-01
1.646211407119997638e-01
1.644385859450664955e-01
1.642565185145692386e-01
1.640749366644091156e-01
1.638938386455104645e-01
1.637132227157925279e-01
1.635330871401423636e-01
1.633534301903870889e-01
1.631742501452666250e-01
1.629955452904064128e-01
1.628173139182907125e-01
1.626395543282354306e-01
1.624622648263615299e-01
1.622854437255685789e-01
1.621090893455078563e-01
1.619332000125565385e-01
1.617577740597914149e-01
1.615828098269623259e-01
1.614083056604669886e-01
1.612342599133246013e-01
1.610606709451505303e-01
1.608875371221304140e-01
1.607148568169949887e-01
1.605426284089946642e-01
1.603708502838742389e-01
1.601995208338478915e-01
1.600286384575742016e-01
1.598582015601308914e-01
1.596882085529907069e-01
1.595186578539961320e-01
1.593495478873350191e-01
1.591808770835163311e-01
1.590126438793453556e-01
1.588448467178998624e-01
1.586774840485053739e-01
1.585105543267116834e-01
1.583440560142685694e-01
1.581779875791016199e-01
1.580123474952890850e-01
1.578471342430374513e-01
1.576823463086583499e-01
1.575179821845447414e-01
1.573540403691475187e-01
1.571905193669521084e-01
1.570274176884553508e-01
1.568647338501419908e-01
1.567024663744619739e-01
1.565406137898069927e-01
1.563791746304878105e-01
1.562181474367113077e-01
1.560620448735626220e-01
1.559067906179436580e-01
1.557519336828245005e-01
1.555974726306179057e-01
1.554434060298805487e-01
1.552897324552850733e-01
1.551391643909116602e-01
1.549921824635843159e-01
1.548455583421001758e-01
1.546992907848487031e-01
1.545533785552308803e-01
1.544078204216399741e-01
1.542626151574428561e-01
1.541177615409608237e-01
1.539732583554515311e-01
1.538291043890893384e-01
1.536852984349474649e-01
1.535418392909787821e-01
1.533987257599973009e-01
1.532559566496598524e-01
1.531135307724472983e-01
1.529714469456460446e-01
1.528297039913295852e-01
1.526883007363405154e-01
1.525472360122712978e-01
1.524065086554468595e-01
1.522661175069058848e-01
1.521260614123823296e-01
1.519863392222877141e-01
1.518469497916925814e-01
1.517078919803088177e-01
1.515691646524709724e-01
1.514307666771188832e-01
1.512926969277790523e-01
1.511549542825472991e-01
1.510175376240704970e-01
1.508804458395287817e-01
1.507436778206177885e-01
1.506072324635309434e-01
1.504711086689415611e-01
1.503353053419853036e-01
1.501998213922425551e-01
1.500646557337206033e-01
1.499298072848365415e-01
1.497952749683992280e-01
1.496610577115922991e-01
1.495271544459563506e-01
1.493935641073717846e-01
1.492602856360416841e-01
1.491273179764739665e-01
1.489946600774647301e-01
1.488623108920807958e-01
1.487302693776424156e-01
1.485985344957066190e-01
1.484671052120495049e-01
1.483359804966500606e-01
1.482051593236722864e-01
1.480746406714490426e-01
1.479444235224649240e-01
1.478145068633390791e-01
1.476848896848091119e-01
1.475555709817136796e-01
1.474265497529762270e-01
1.472978250015883894e-01
1.471693957345929227e-01
1.470412609630677991e-01
1.469134197021092769e-01
1.467858709708153298e-01
1.466586137922698541e-01
1.465316471935257936e-01
1.464049702055889302e-01
1.462785818634017299e-01
1.461524812058270228e-01
1.460266672756320716e-01
1.459018747473176947e-01
1.457824141460088152e-01
1.456631992128838982e-01
1.455442292065482202e-01
1.454255033885785697e-01
1.453070210235093418e-01
1.451887813788168280e-01
1.450707837249052834e-01
1.449530273350921605e-01
1.448374563035002560e-01
1.447229934655242523e-01
1.446087635042855035e-01
1.444947656810018910e-01
1.443809992601623182e-01
1.442674635095080315e-01
1.441541577000146346e-01
1.440410811058736862e-01
1.439282330044746039e-01
1.438156126763870113e-01
1.437032194053428080e-01
1.435910524782185171e-01
1.434791111850175771e-01
1.433673948188533276e-01
1.432559026759313570e-01
1.431446340555324881e-01
1.430335882599957364e-01
1.429227645947012404e-01
1.428121623680535801e-01
1.427017808914650687e-01
1.425916194793391822e-01
1.424816774490537119e-01
1.423719541209451656e-01
1.422624488182918367e-01
1.421531608672976787e-01
1.420440895970770945e-01
1.419352343396378113e-01
1.418265944298659764e-01
1.417181692055101694e-01
1.416099580071655539e-01
1.415019601782588898e-01
1.413941750650326568e-01
1.412866020165300107e-01
1.411792403845795185e-01
1.410720895237804751e-01
1.409651487914867218e-01
1.408589471459771592e-01
1.407552511679819318e-01
1.406517467699536783e-01
1.405484333971345756e-01
1.404453104971914446e-01
1.403423775202009005e-01
1.402396339186354202e-01
1.401370791473482980e-01
1.400347126635597406e-01
1.399325339268422397e-01
1.398305423991072771e-01
1.397287375445900870e-01
1.396271188298370824e-01
1.395256857236913950e-01
1.394244376972789967e-01
1.393233742239956274e-01
1.392224947794930001e-01
1.391217988416657281e-01
1.390212858906376692e-01
1.389209554087490472e-01
1.388208068805432405e-01
1.387208397927537085e-01
1.386210536342914190e-01
1.385214478962318030e-01
1.384220220718020700e-01
1.383227756563686905e-01
1.382237081474249896e-01
1.381248190445784063e-01
1.380261078495385041e-01
1.379275740661045635e-01
1.378292172001535087e-01
1.377310367596276119e-01
1.376330322545230023e-01
1.375352031968774258e-01
1.374375491007583661e-01
1.373400694822518031e-01
1.372427638594500565e-01
1.371456317524404611e-01
1.370486726832940705e-01
1.369518861760541939e-01
1.368552717567246557e-01
1.367588289532594148e-01
1.366625572955508239e-01
1.365664563154187494e-01
1.364705255465995248e-01
1.363747645247352647e-01
1.362791727873628733e-01
1.361837498739033037e-01
1.360884953256509822e-01
1.359934086857631508e-01
1.358984894992494585e-01
1.358037373129614145e-01
