1.071905183719927379e+00
9.410980682370513328e-01
9.024909852978643121e-01
8.750052216409363037e-01
8.558770855836729252e-01
8.410172603892955845e-01
8.279304854416981163e-01
8.156459056267466590e-01
8.040187029091994120e-01
7.929475698958845520e-01
7.823539702730646361e-01
7.721764588058686041e-01
7.623664671684612371e-01
7.528851727129649563e-01
7.439609176605389562e-01
7.354382088772390969e-01
7.271532614280959983e-01
7.190889274626336425e-01
7.112306263954941699e-01
7.035658073646149369e-01
6.960835410053082262e-01
6.887821468907527889e-01
6.816685937588341515e-01
6.749115806719588884e-01
6.682916708435898689e-01
6.618037360633187705e-01
6.554430583965364931e-01
6.492052720354941631e-01
6.430863165811990800e-01
6.371839799876672927e-01
6.314911484337045744e-01
6.259972647307125992e-01
6.208297980364909652e-01
6.158382494680624264e-01
6.109359421960183223e-01
6.061201175726009804e-01
6.013881708338153498e-01
5.967376387240141966e-01
5.921661882663956655e-01
5.876716065655114285e-01
5.832517915403371278e-01
5.789047434972593997e-01
5.746285574618369418e-01
5.704214161965182051e-01
5.662815838388947087e-01
5.622074001016091893e-01
5.583038157695706660e-01
5.544672395463611236e-01
5.506893930278786708e-01
5.469689504683031833e-01
5.433046336470006565e-01
5.396952090386016865e-01
5.361394852116094789e-01
5.326363104349552957e-01
5.291845704738141754e-01
5.258436075761633299e-01
5.226242020767088992e-01
5.194509531275209868e-01
5.163229219774376766e-01
5.132438489041000196e-01
5.102690462250445425e-01
5.073353532562194790e-01
5.044419693143935568e-01
5.015881152502706941e-01
4.987730325291978017e-01
4.960340085029487089e-01
4.934344711608710243e-01
4.908665174293047051e-01
4.883296034164685273e-01
4.858231984739243003e-01
4.833467846625504882e-01
4.808998562536179189e-01
4.784819192620062833e-01
4.760924910088684681e-01
4.737310997113016175e-01
4.714475806569348726e-01
4.692782131939695067e-01
4.671327985962775986e-01
4.650109639125806771e-01
4.629123438494042175e-01
4.608365805349092237e-01
4.587833232951710749e-01
4.567522284419452960e-01
4.547429590710495573e-01
4.527551848705638760e-01
4.507885819381259318e-01
4.488428326066628005e-01
4.469176252779510916e-01
4.450126542634615379e-01
4.431276196319803851e-01
4.412622270635516708e-01
4.394331437503604110e-01
4.376505260637554851e-01
4.358857936788658183e-01
4.341386947302288135e-01
4.324089818033896582e-01
4.307728570467539431e-01
4.291727963533469858e-01
4.275873958353128002e-01
4.260164638038369533e-01
4.244598117494762790e-01
4.229172542709459526e-01
4.213886090064593026e-01
4.198736965674713661e-01
4.183723404746807484e-01
4.168843670961642212e-01
4.154096055875222127e-01
4.139478878339272749e-01
4.124990483939712793e-01
4.110629244452235764e-01
4.096393557314044753e-01
4.082281845111036533e-01
4.068292555079618400e-01
4.054424158622518815e-01
4.040675150837906293e-01
4.027044050061268643e-01
4.013529397419462463e-01
4.000129756396415548e-01
3.986999031806607308e-01
3.974440500204751703e-01
3.961986170228801729e-01
3.949634742544312904e-01
3.937384938242583510e-01
3.925235498446044691e-01
3.913185183923159061e-01
3.901232774712561358e-01
3.889377069756126959e-01
3.877616886540690699e-01
3.865951060748168966e-01
3.854378445913802520e-01
3.842897913092324091e-01
3.831508350531763751e-01
3.820208663354718315e-01
3.808997773246826091e-01
3.797874618152289883e-01
3.786838151976205658e-01
3.775887344293526460e-01
3.765021180064486717e-01
3.754238659356293750e-01
3.743538797070916635e-01
3.732920622678835287e-01
3.722383179958534960e-01
3.711925526741663983e-01
3.701546734663646587e-01
3.691245888919643670e-01
3.681022088025702743e-01
3.670874443584979385e-01
3.660802080058884744e-01
3.650804134543050306e-01
3.640879756547973911e-01
3.631028107784228243e-01
3.621248361952152939e-01
3.611539704535842721e-01
3.602137401509162284e-01
3.592941992317802979e-01
3.583811650747020794e-01
3.574745645900130331e-01
3.565743257197966365e-01
3.556803774206017676e-01
3.547926496464929302e-01
3.539193783634549950e-01
3.530674478604874378e-01
3.522210316601078195e-01
3.513800728235910165e-01
3.505851165230875477e-01
3.498374783993992154e-01
3.490941263157431029e-01
3.483550204036893749e-01
3.476201212524203665e-01
3.468893899026989636e-01
3.461627878409323511e-01
3.454402769933263007e-01
3.447218197201291634e-01
3.440073788099646812e-01
3.432969174742517837e-01
3.425903993417076521e-01
3.418877884529363254e-01
3.411890492550971876e-01
3.404941465966544456e-01
3.398030457222055989e-01
3.391157122673868485e-01
3.384321122538541671e-01
3.377522120843400866e-01
3.370910483078571884e-01
3.364519232625641232e-01
3.358160184751536881e-01
3.351833078896364060e-01
3.345537656950065553e-01
3.339273663229985201e-01
3.333040844458610152e-01
3.326838949741452445e-01
3.320667730545098228e-01
3.314614024821539440e-01
3.308792974926706987e-01
3.302998779230809645e-01
3.297231236856197900e-01
3.291619207857142682e-01
3.286041395947740806e-01
3.280488438576701915e-01
3.274960158019473710e-01
3.269456377848322659e-01
3.263976922929407998e-01
3.258521619419623705e-01
3.253090294763221757e-01
3.247682777688212785e-01
3.242298898202581880e-01
3.236938487590287905e-01
3.231601378407090719e-01
3.226382723995769308e-01
3.221210627795810244e-01
3.216059076924012161e-01
3.211259190569450972e-01
3.206630115356384203e-01
3.202015627534890441e-01
3.197415660399929305e-01
3.192830147405354979e-01
3.188331907277788257e-01
3.183986212932592985e-01
3.179652291472846448e-01
3.175330107641284871e-01
3.171019625944589970e-01
3.166720810665006880e-01
3.162433625871662879e-01
3.158158035431595789e-01
3.153894003020499825e-01
3.149641492133181120e-01
3.145400466093757341e-01
3.141170888065575872e-01
3.136952721060881077e-01
3.132745927950217890e-01
3.128550471471600591e-01
3.124366314239425679e-01
3.120193418753153258e-01
3.116031747405751950e-01
3.111881262491926203e-01
3.107741926216112671e-01
3.103613700700259548e-01
3.099496547991412165e-01
3.095390430069058230e-01
3.091295308852311519e-01
3.087211146206862988e-01
3.083137903951767567e-01
3.079075543866008902e-01
3.075024027694929774e-01
3.070983317156426584e-01
3.066953373947013950e-01
3.062934159747688900e-01
3.058962279937425532e-01
3.055272232346402661e-01
3.051589557154810728e-01
3.047914250051054763e-01
3.044246306327841878e-01
3.040585720892886035e-01
3.036932488279393549e-01
3.033286602656305453e-01
3.029648057838294495e-01
3.026016847295560086e-01
3.022392964163380102e-01
3.018776401251458963e-01
3.015167151053053662e-01
3.011565205753900520e-01
3.007970557240932652e-01
3.004383197110806480e-01
3.000803116678216198e-01
2.997230306984046133e-01
2.993664758803308845e-01
2.990106462652913355e-01
2.986555408799260736e-01
2.983011587265654296e-01
2.979474987839542677e-01
2.975945600079603071e-01
2.972423413322648478e-01
2.968908416690387297e-01
2.965400599096016387e-01
2.961899949250669795e-01
2.958406455669712054e-01
2.954920106678884939e-01
2.951440890420320429e-01
2.947968794858401576e-01
2.944503807785488481e-01
2.941045916827518814e-01
2.937595109449468445e-01
2.934151372960688842e-01
2.930714694520114016e-01
2.927285061141351452e-01
2.923862459697648131e-01
2.920446876926738877e-01
2.917038299435587012e-01
2.913636713704998438e-01
2.910242106094146353e-01
2.906854462844967180e-01
2.903473770086467121e-01
2.900100013838917690e-01
2.896733180017956322e-01
2.893382507335696130e-01
2.890122198898867345e-01
2.886868341022992279e-01
2.883620923280239556e-01
2.880379935097768795e-01
2.877145365762265872e-01
2.873917204424384364e-01
2.870695440103075424e-01
2.867480061689819393e-01
2.864271057952766930e-01
2.861068417540775233e-01
2.857872128987348770e-01
2.854682180714504525e-01
2.851498561036522328e-01
2.848321258163634129e-01
2.845150260205605020e-01
2.841985555175245426e-01
2.838827130991832814e-01
2.835674975484456795e-01
2.832529076395289280e-01
2.829389421382763614e-01
2.826255998024702620e-01
2.823128793821345628e-01
2.820007796198327199e-01
2.816892992509573701e-01
2.813784370040131044e-01
2.810681916008931358e-01
2.807585617571490277e-01
2.804542235967876773e-01
2.801606428467366960e-01
2.798676154590508669e-01
2.795751405440165538e-01
2.792832172015935477e-01
2.789918445217294263e-01
2.787010215846656425e-01
2.784107474612377842e-01
2.781210212131688397e-01
2.778318418933553025e-01
2.775432085461485010e-01
2.772551202076285470e-01
2.769675759058721765e-01
2.766805746612147621e-01
2.763941154865074412e-01
2.761098582596764328e-01
2.758279653408152177e-01
2.755465842991426384e-01
2.752687234670467276e-01
2.749925910376548877e-01
2.747169663176504684e-01
2.744418485203846680e-01
2.741672368506540836e-01
2.738931305049485121e-01
2.736195286716944786e-01
2.733464305314924903e-01
2.730738352573489625e-01
2.728017420149046468e-01
2.725301499626559543e-01
2.722590582521734470e-01
2.719884660283139466e-01
2.717183724294293667e-01
2.714487765875700509e-01
2.711796776286842237e-01
2.709110746728130015e-01
2.706429668342808514e-01
2.703753532218823308e-01
2.701082329390647740e-01
2.698416050841063174e-01
2.695754687502905367e-01
2.693098230260781434e-01
2.690491428208149904e-01
2.687896793729308564e-01
2.685306572637674583e-01
2.682720759882532002e-01
2.680139350339527660e-01
2.677562338812210507e-01
2.674989720033553731e-01
2.672421488667445222e-01
2.669857639310156960e-01
2.667298166491785527e-01
2.664743064677678741e-01
2.662192328269827324e-01
2.659645951608241021e-01
2.657103928972302520e-01
2.654566254582093054e-01
2.652032922599701914e-01
2.649503927130516523e-01
2.646979262224479212e-01
2.644458921877343438e-01
2.641942900031885588e-01
2.639431190579119013e-01
2.636923787359473081e-01
2.634420684163958915e-01
2.631921874735318467e-01
2.629427352769147519e-01
2.626937111915006451e-01
2.624513074799083578e-01
2.622124700440023881e-01
2.619739998402436099e-01
2.617358965757750622e-01
2.614981599512961608e-01
2.612607896611817693e-01
2.610237853935990504e-01
2.607871468306234841e-01
2.605508736483514998e-01
2.603149655170129417e-01
2.600794221010809260e-01
2.598442430593799757e-01
2.596094280451928249e-01
2.593749767063652789e-01
2.591408886854100202e-01
2.589071636196075277e-01
2.586738011411067184e-01
2.584408008770238130e-01
2.582081624495387584e-01
2.579758854759914843e-01
2.577439695689753840e-01
2.575124143364304063e-01
2.572812193817341497e-01
2.570503843037916236e-01
2.568199086971235667e-01
2.565897921519535996e-01
2.563600342542942112e-01
2.561306345860305811e-01
2.559015927250040123e-01
2.556729082450939217e-01
2.554445807162978865e-01
2.552166097048114146e-01
2.549889947731059925e-01
2.547617354800054135e-01
2.545348313807626051e-01
2.543082820271326816e-01
2.540820869674477733e-01
2.538562457466886357e-01
2.536307579065559259e-01
2.534056229855398690e-01
2.531808405189899802e-01
2.529564100391829551e-01
2.527323310753885610e-01
2.525086031539368059e-01
2.522852257982822199e-01
2.520621985290677491e-01
2.518395208641875938e-01
2.516171923188493253e-01
2.513952124056348936e-01
2.511735806345605782e-01
2.509522965131359973e-01
2.507313595464226164e-01
2.505107692370911465e-01
2.502905250854776664e-01
2.500706265896393554e-01
2.498510732454095606e-01
2.496318645464512542e-01
2.494129999843104628e-01
2.491944790484682537e-01
2.489763012263927489e-01
2.487584660035890849e-01
2.485409728636498172e-01
2.483238212883042417e-01
2.481070107574661066e-01
2.478905407492821011e-01
2.476744107401782358e-01
2.474586202049060546e-01
2.472431686165885434e-01
2.470280554467646494e-01
2.468132801654334407e-01
2.465988422410974601e-01
2.463847411408059407e-01
2.461709763301961895e-01
2.459575472735360535e-01
2.457444534337635822e-01
2.455316942725283003e-01
2.453192692502302874e-01
2.451071778260592304e-01
2.448954194580328370e-01
2.446839936030346663e-01
2.444728997168513496e-01
2.442621372542092273e-01
2.440517056688103759e-01
2.438416044133680516e-01
2.436318329396420235e-01
2.434223906984727681e-01
2.432166513950101416e-01
2.430131846968181519e-01
2.428190400570517105e-01
2.426256685502770349e-01
2.424325588722857361e-01
2.422397108344762351e-01
2.420471242448588578e-01
2.418547989081084315e-01
2.416627346256171593e-01
2.414709311955459681e-01
2.412793884128756339e-01
2.410881060694576583e-01
2.408970839540632569e-01
2.407063218524330139e-01
2.405158195473256211e-01
2.403255768185650065e-01
2.401355934430886296e-01
2.399458691949933054e-01
2.397564038455820834e-01
2.395671971634089348e-01
2.393782489143246872e-01
2.391895588615208235e-01
2.390011267655730576e-01
2.388129523844852720e-01
2.386250354737321500e-01
2.384373757863007814e-01
2.382499730727329068e-01
2.380628270811656899e-01
2.378759375573728241e-01
2.376893042448040005e-01
2.375029268846248487e-01
2.373168052157558772e-01
2.371309389749114149e-01
2.369453278966375254e-01
2.367599717133492265e-01
2.365748701553680722e-01
2.363900229509589557e-01
2.362054298263659979e-01
2.360210905058484632e-01
2.358370047117160362e-01
2.356531721643634059e-01
2.354695925823054592e-01
2.352862656822103105e-01
2.351031911789336071e-01
2.349203687855512257e-01
2.347377982133918017e-01
2.345554791720698418e-01
2.343734113695167542e-01
2.341915945120126297e-01
2.340100283042174378e-01
2.338287124492017810e-01
2.336476466484763148e-01
2.334668306020234174e-01
2.332862640083247507e-01
2.331059465643915696e-01
2.329258779657937539e-01
2.327460579066867874e-01
2.325664860798415667e-01
2.323871621766706586e-01
2.322080858872568598e-01
2.320292569003790106e-01
2.318506749035396108e-01
2.316723395829905219e-01
2.314942506237593067e-01
2.313164077096746263e-01
2.311388105233916634e-01
2.309614587464169366e-01
2.307843520591334741e-01
2.306074901408245725e-01
2.304308726696981391e-01
2.302544993229103387e-01
2.300783697765891034e-01
2.299024837058570858e-01
2.297268407848547800e-01
2.295514406867629198e-01
2.293762830838244893e-01
2.292013676473670380e-01
2.290266940478241919e-01
2.288522619547569414e-01
2.286780710368750691e-01
2.285041209620575220e-01
2.283304113973736171e-01
2.281569420091028588e-01
2.279837124627550060e-01
2.278107224230902228e-01
2.276379715541382021e-01
2.274654595192178996e-01
2.272931859809556587e-01
2.271211506013053882e-01
2.269493530415656879e-01
2.267777929623990552e-01
2.266064700238495655e-01
2.264353838853608303e-01
2.262662153461450776e-01
2.260982527477350401e-01
2.259305185067450039e-01
2.257630122791237648e-01
2.255957337205217739e-01
2.254286824863048488e-01
2.252618582315680795e-01
2.250952606111479293e-01
2.249288892796358075e-01
2.247627438913908093e-01
2.245968241005522059e-01
2.244311295610513513e-01
2.242656599266249773e-01
2.241004148508262406e-01
2.239353939870375176e-01
2.237705969884815904e-01
2.236060235082334147e-01
2.234416731992319161e-01
2.232775457142903153e-01
2.231136407061086735e-01
2.229499578272838012e-01
2.227864967303205546e-01
2.226232570676423828e-01
2.224602384916019304e-01
2.222974406544916126e-01
2.221348632085537178e-01
2.219725058059903444e-01
2.218103680989739479e-01
2.216484497396565834e-01
2.214867503801801474e-01
2.213252696726852320e-01
2.211640072693217274e-01
