1.405340160349007217e+00
1.082141858244915600e+00
8.927546222989131142e-01
8.263038346418699609e-01
8.016977491872327999e-01
7.866075536085084252e-01
7.772427317892346421e-01
7.689639665061061002e-01
7.608933642671074082e-01
7.528131214773418067e-01
7.449148513258362359e-01
7.372374439641876664e-01
7.298624974640571805e-01
7.227076654408681744e-01
7.158758451974102099e-01
7.098040361554419642e-01
7.039562150982341393e-01
6.982257336027773986e-01
6.927581979986092708e-01
6.874314372139368468e-01
6.823701508253046111e-01
6.774771354270816559e-01
6.727160314027245125e-01
6.681632566905741921e-01
6.636865508217629772e-01
6.592845666430532381e-01
6.549559454543322223e-01
6.506993168581508558e-01
6.465133009965494670e-01
6.423965119269252622e-01
6.383808831123287675e-01
6.348973188230410125e-01
6.314588303533215097e-01
6.280648574886363855e-01
6.247148127599905232e-01
6.214080864053111997e-01
6.181440507902822290e-01
6.149220643324413427e-01
6.117414749731624468e-01
6.086016232407419624e-01
6.055018449452780338e-01
6.024414735430027035e-01
5.994416138200437949e-01
5.966087711414285177e-01
5.938083121599747605e-01
5.910396689414016969e-01
5.883022834570070803e-01
5.855956077244454105e-01
5.829191039008928543e-01
5.802722443344788816e-01
5.776545115792448559e-01
5.750653983783300394e-01
5.725044076195838771e-01
5.702279777760784762e-01
5.679857415513007712e-01
5.657650073307612937e-01
5.635654215138558021e-01
5.613866385560628558e-01
5.592283207567356751e-01
5.570901380518044066e-01
5.549717678114178820e-01
5.528728946425301993e-01
5.508013357314934799e-01
5.487668175297772954e-01
5.467493792476944003e-01
5.447487849381722480e-01
5.427648030679228519e-01
5.407972064358842479e-01
5.389516403309106973e-01
5.371330625340219322e-01
5.353278164603967326e-01
5.335350259611920665e-01
5.317545613007252925e-01
5.299862943683414374e-01
5.282300986665118270e-01
5.264858492978429227e-01
5.247534229511305881e-01
5.230326978865968979e-01
5.213235539204187363e-01
5.196258724086549874e-01
5.179395362306650208e-01
5.162644297721016295e-01
5.146004389075519159e-01
5.129474509828934048e-01
5.113053547974261148e-01
5.096740405858317668e-01
5.080534000000084260e-01
5.064433260908237644e-01
5.048437132898236923e-01
5.032544573909308872e-01
5.016754555321599751e-01
5.001066061773830063e-01
4.985478090981588783e-01
4.969989653556557418e-01
4.954599772826806525e-01
4.939622985405693334e-01
4.924811031288254259e-01
4.910088069015129952e-01
4.895453244801925008e-01
4.880905716300964481e-01
4.866444652414416705e-01
4.852069233111049318e-01
4.837778649246446405e-01
4.823572102386640137e-01
4.809448804634989250e-01
4.795407978462272180e-01
4.781544502013842513e-01
4.768113699528307992e-01
4.754753153638696106e-01
4.741462382120302799e-01
4.728240904518140608e-01
4.715088242259967144e-01
4.702367516312613294e-01
4.689924363527430695e-01
4.677542448444084178e-01
4.665451620423115009e-01
4.653874371199941407e-01
4.642350297886133070e-01
4.630879053329844952e-01
4.619460292901967358e-01
4.608093674495203351e-01
4.596778858521965438e-01
4.585515507911208655e-01
4.574893008236632919e-01
4.564460950612639345e-01
4.554071826899808162e-01
4.543725426033896619e-01
4.533421537032647497e-01
4.523159949048906059e-01
4.513026414817360998e-01
4.502975109740378068e-01
4.492966542332333391e-01
4.483000444971624865e-01
4.473076552235304981e-01
4.463194600882380847e-01
4.453354329836881620e-01
4.443555480170716110e-01
4.433797795086367177e-01
4.424081019899378520e-01
4.414404902020746535e-01
4.404769190939170631e-01
4.395173638203195843e-01
4.385617997403284951e-01
4.376102024153819547e-01
4.366625476075051693e-01
4.357188112775012279e-01
4.347789695831418277e-01
4.338429988773557233e-01
4.329108757064182300e-01
4.319825768081433925e-01
4.310580791100772080e-01
4.301373597276982319e-01
4.292203959626202381e-01
4.283071653008013180e-01
4.273976454107621947e-01
4.264918141418105879e-01
4.255896495222725728e-01
4.246911297577372624e-01
4.237962332293073731e-01
4.229049384918627252e-01
4.220172242723338463e-01
4.211330694679879527e-01
4.202524531447259792e-01
4.193753545353932632e-01
4.185017530381023310e-01
4.176316282145700054e-01
4.167649597884671708e-01
4.159017276437833033e-01
4.150419118232044347e-01
4.141854925265074927e-01
4.133324501089664649e-01
4.124827650797765477e-01
4.116364181004908418e-01
4.107933899834750324e-01
4.099536616903736719e-01
4.091266572062180473e-01
4.083228302560114042e-01
4.075218892498764789e-01
4.067238214060953649e-01
4.059286139717812603e-01
4.051362542241508380e-01
4.043467294717348892e-01
4.035600270555317892e-01
4.027761343501058966e-01
4.019950387646331613e-01
4.012180029609720422e-01
4.004587695721576468e-01
3.997020339041963966e-01
3.989477861950727067e-01
3.981960167153933416e-01
3.974467157683556628e-01
3.966998736897105471e-01
3.959554808477238064e-01
3.952135276431350541e-01
3.944740045091148506e-01
3.937369019112193502e-01
3.930054974053026062e-01
3.923173136613216094e-01
3.916310790534630604e-01
3.909467890740327412e-01
3.902644391815421887e-01
3.895840248016576024e-01
3.889055413281339857e-01
3.882289841237338557e-01
3.875543485211317973e-01
3.868816298238029749e-01
3.862108233068983765e-01
3.855419242181055695e-01
3.848749277784948020e-01
3.842098291833520585e-01
3.835466236029990705e-01
3.828853061835975069e-01
3.822258720479441707e-01
3.815683162962489328e-01
3.809126340069025063e-01
3.802588202372315651e-01
3.796068700242400951e-01
3.789567783853401428e-01
3.783085403190689644e-01
3.776621508057966814e-01
3.770176048084191711e-01
3.763748972730415199e-01
3.757340231296510957e-01
3.750949772927760772e-01
3.744577546621364883e-01
3.738223501232818546e-01
3.731887585482199232e-01
3.725569747960340017e-01
3.719269937134894177e-01
3.712988101356310411e-01
3.706724188863689817e-01
3.700478147790560168e-01
3.694249926170549148e-01
3.688039471942940462e-01
3.681846732958161672e-01
3.675671656983162672e-01
3.669514191706703676e-01
3.663374284744548293e-01
3.657251883644572210e-01
3.651146935891783629e-01
3.645059388913245990e-01
3.638989190082921321e-01
3.632936286726423658e-01
3.626900626125699745e-01
3.620882155523599266e-01
3.614880822128406224e-01
3.608896573118235973e-01
3.602929355645400622e-01
3.596979116840660073e-01
3.591045803817423665e-01
3.585129363675849112e-01
3.579229743506883166e-01
3.573346890396224551e-01
3.567480751428205310e-01
3.561631273689607191e-01
3.555798404273408653e-01
3.549983438691080018e-01
3.544185416566192348e-01
3.538403841116316006e-01
3.532638659435268780e-01
3.526889818642465202e-01
3.521157265886206145e-01
3.515440948346912897e-01
3.509740813240288526e-01
3.504056807820424835e-01
3.498388879382833827e-01
3.492736975267445865e-01
3.487101042861514011e-01
3.481481029602485622e-01
3.475876882980802329e-01
3.470288550542651174e-01
3.464715979892655229e-01
3.459192378368813880e-01
3.453775167908703092e-01
3.448372192291949134e-01
3.442983415749044096e-01
3.437608802343102843e-01
3.432248315976275665e-01
3.426901920396021040e-01
3.421569579201264588e-01
3.416251255848433699e-01
3.410946913657373347e-01
3.405656515817132024e-01
3.400380025391661065e-01
3.395117405325367987e-01
3.389868618448581561e-01
3.384633627482899199e-01
3.379412395046426654e-01
3.374204883658907805e-01
3.369033275400583061e-01
3.363988252593678729e-01
3.358955953821587959e-01
3.353936345735655244e-01
3.348929394897706135e-01
3.343935067784576387e-01
3.338953330792542862e-01
3.333984150241646738e-01
3.329027492379950659e-01
3.324083323387695965e-01
3.319151609381370549e-01
3.314232316417706214e-01
3.309325410497571118e-01
3.304430857569802815e-01
3.299548623534943603e-01
3.294678674248912587e-01
3.289820975526586144e-01
3.284975493145312342e-01
3.280142192848346516e-01
3.275321040348216917e-01
3.270512001330012630e-01
3.265715041454612111e-01
3.260930126361828996e-01
3.256157221673500191e-01
3.251396292996503457e-01
3.246647305925714488e-01
3.241910226046884613e-01
3.237185018939480186e-01
3.232471650179433720e-01
3.227770085341859496e-01
3.223080290003686454e-01
3.218402229746250565e-01
3.213735870157817254e-01
3.209081176836059424e-01
3.204438115390463304e-01
3.199806651444702665e-01
3.195186750638939754e-01
3.190578378632081824e-01
3.185981501103986036e-01
3.181396083757619953e-01
3.176822092321154867e-01
3.172259492550034699e-01
3.167708250228976619e-01
3.163168331173935033e-01
3.158639701234021158e-01
3.154122326293367085e-01
3.149616172272961534e-01
3.145121205132421216e-01
3.140637390871746093e-01
3.136164695533008029e-01
3.131703085202011128e-01
3.127304093991191691e-01
3.122936391218436580e-01
3.118579070368697748e-01
3.114232101156516053e-01
3.109895453338299420e-01
3.105569096713538535e-01
3.101253001125989228e-01
3.096947136464827666e-01
3.092651472665780554e-01
3.088365979712234810e-01
3.084090627636301707e-01
3.079825386519882691e-01
3.075570226495683568e-01
3.071325117748218148e-01
3.067090030514791898e-01
3.062864935086439533e-01
3.058652860333445633e-01
3.054466867915146544e-01
3.050290441087564752e-01
3.046123554387316079e-01
3.041966182366440674e-01
3.037818299593598170e-01
3.033679880655249517e-01
3.029550900156802173e-01
3.025431332723742539e-01
3.021321153002746729e-01
3.017220335662759712e-01
3.013128855396065009e-01
3.009046686919322200e-01
3.004973804974599427e-01
3.000910184330358166e-01
2.996855799782447982e-01
2.992810626155062437e-01
2.988774638301677222e-01
2.984747811105974979e-01
2.980730119482749019e-01
2.976721538378782617e-01
2.972722042773715545e-01
2.968731607680894502e-01
2.964750208148191901e-01
2.960777819258825216e-01
2.956814416132147461e-01
2.952859973924423231e-01
2.948914467829583663e-01
2.944977873079972497e-01
2.941050164947069390e-01
2.937131318742207120e-01
2.933221309817246603e-01
2.929320113565274109e-01
2.925427705421252411e-01
2.921544060862666936e-01
2.917669155410164139e-01
2.913802964628162129e-01
2.909945464125456849e-01
2.906096629555807720e-01
2.902256436618511626e-01
2.898424861058964130e-01
2.894601878669206818e-01
2.890787465288453539e-01
2.886981596803618322e-01
2.883184249149818856e-01
2.879395398310866105e-01
2.875615020319752801e-01
2.871843091259114189e-01
2.868079587261691543e-01
2.864324484510771818e-01
2.860577759240620077e-01
2.856839387736905267e-01
2.853109346337105445e-01
2.849387611430904133e-01
2.845674159460583885e-01
2.841968966921396555e-01
2.838272010361931330e-01
2.834583266384468336e-01
2.830902711645327252e-01
2.827264358235941910e-01
2.823675069946606220e-01
2.820093693509513333e-01
2.816520204957561058e-01
2.812954580401102467e-01
2.809396796027932575e-01
2.805846828103261692e-01
2.802304652969704879e-01
2.798770247047241977e-01
2.795243586833187632e-01
2.791724648902151329e-01
2.788213409905995754e-01
2.784709846573775738e-01
2.781213935711702723e-01
2.777725654203070382e-01
2.774244979008198553e-01
2.770771887164365510e-01
2.767306355785730809e-01
2.763848362063268671e-01
2.760397883264677499e-01
2.756996316736086694e-01
2.753707364354661680e-01
2.750425065504620847e-01
2.747149401546729042e-01
2.743880353900839397e-01
2.740617904045840603e-01
2.737362033519621929e-01
2.734112723919010501e-01
2.730869956899724671e-01
2.727633714176316837e-01
2.724403977522105169e-01
2.721180728769124202e-01
2.717963949808045454e-01
2.714753622588114146e-01
2.711549729117077034e-01
2.708352251461107474e-01
2.705161171744725479e-01
2.701976472150721120e-01
2.698798134920070146e-01
2.695698739100844676e-01
2.692621973469862540e-01
2.689551266870032209e-01
2.686487419752348615e-01
2.683516400733270135e-01
2.680550825456550768e-01
2.677590680683840096e-01
2.674635953211049189e-01
2.671686629868376683e-01
2.668742697520328222e-01
2.665804143065722553e-01
2.662870953437713184e-01
2.659943115603793928e-01
2.657020616565806126e-01
2.654103443359947523e-01
2.651191583056774492e-01
2.648285022761204810e-01
2.645383749612513768e-01
2.642487750784339728e-01
2.639597013484668020e-01
2.636711524955837049e-01
2.633831272474523866e-01
2.630956243351733059e-01
2.628086424932787324e-01
2.625221804597314135e-01
2.622362369759233536e-01
2.619512318289591857e-01
2.616707814852354819e-01
2.613908177892437235e-01
2.611113396556731803e-01
2.608323460017455964e-01
2.605538357472171884e-01
2.602758078143799225e-01
2.599982611280630129e-01
2.597211946156339213e-01
2.594446072069997999e-01
2.591684978346083246e-01
2.588928654334478052e-01
2.586177089410488517e-01
2.583430272974842623e-01
2.580688194453693018e-01
2.577950843298625339e-01
2.575218208986650992e-01
2.572490281020211045e-01
2.569767048927178998e-01
2.567048502260845244e-01
2.564334630599929277e-01
2.561625423548558600e-01
2.558920870736274278e-01
2.556220961818015391e-01
2.553525686474114043e-01
2.550835034410284807e-01
2.548148995357611413e-01
2.545467559072537855e-01
2.542790715336852303e-01
2.540118453957674882e-01
2.537450764767438804e-01
2.534787637623881484e-01
2.532129062410015119e-01
2.529475029034120581e-01
2.526825527429720775e-01
2.524205733277143371e-01
2.521621248434976481e-01
2.519040974488302442e-01
2.516471904843666230e-01
2.513960831295141696e-01
2.511453541181721816e-01
2.508950028093203111e-01
2.506450285628052388e-01
2.503954307393434497e-01
2.501462087005245638e-01
2.498973618088139448e-01
2.496488894275561976e-01
2.494007909209771945e-01
2.491530656541879329e-01
2.489057129931861734e-01
2.486587323048598253e-01
2.484181316180663623e-01
2.481810395799450286e-01
2.479442792028980491e-01
2.477078500364952585e-01
2.474717516302250009e-01
2.472359835335021794e-01
2.470005452956774428e-01
2.467654364660448185e-01
2.465306565938510663e-01
2.462962052283034498e-01
2.460620819185772856e-01
2.458282862138251590e-01
2.455948176631844171e-01
2.453616758157844413e-01
2.451288602207551959e-01
2.448963704272343611e-01
2.446642059843754935e-01
2.444323664413547981e-01
2.442008513473788445e-01
2.439696602516921164e-01
2.437387927035836177e-01
2.435082482523943381e-01
2.432780264475245535e-01
2.430481268384399873e-01
2.428185489746795545e-01
2.425892924058613009e-01
2.423603566816897870e-01
2.421317413519620543e-01
2.419034459665748982e-01
2.416754700755301410e-01
2.414478132289422374e-01
2.412204749770437973e-01
2.409934548701919976e-01
2.407667524588748276e-01
2.405403672937167781e-01
2.403142989254848094e-01
2.400885469050950960e-01
2.398631107836173837e-01
2.396379901122820677e-01
2.394131844424852440e-01
2.391886933257939829e-01
2.389645163139527961e-01
2.387406529588883830e-01
2.385171028127148762e-01
2.382938654277401147e-01
2.380709403564695292e-01
2.378483271516125819e-01
2.376260253660871791e-01
2.374040345530249174e-01
2.371823542657761630e-01
2.369609840579147697e-01
2.367399234832431865e-01
2.365191720957971477e-01
2.362987294498501978e-01
2.360785950999190197e-01
2.358587686007672379e-01
2.356392495074104698e-01
2.354200373751208220e-01
2.352011317594311923e-01
2.349835353813266858e-01
2.347676705456223090e-01
2.345521047847409779e-01
2.343368376498379257e-01
2.341218686926110071e-01
2.339071974653018082e-01
2.336928235206953697e-01
2.334787464121216016e-01
2.332649656934549509e-01
2.330514809191156222e-01
