7.887139645994782899e-01
8.113049028690798581e-01
7.821981084627303016e-01
7.550658343129403871e-01
7.300088980282978257e-01
7.072136547053671229e-01
6.861021600309591406e-01
6.678424211809427247e-01
6.511217020149981938e-01
6.355397746589929175e-01
6.207370972878635262e-01
6.066081313877489389e-01
5.933067152455756554e-01
5.805434124196460210e-01
5.682870264409775052e-01
5.565087397189208973e-01
5.452156869444162446e-01
5.345051751587021061e-01
5.243583659992822055e-01
5.146701010390841713e-01
5.060417710953835080e-01
4.980052939327190842e-01
4.902407639145735518e-01
4.827331863374792476e-01
4.754693446913638155e-01
4.684369486957755679e-01
4.616245552902908944e-01
4.550214971771147088e-01
4.486178181418343236e-01
4.424042144629161122e-01
4.364372573696421176e-01
4.306505857033163243e-01
4.250266405307495665e-01
4.195584607185529613e-01
4.142395010681876322e-01
4.091334184338185076e-01
4.043245239501987442e-01
3.996454353576038843e-01
3.954348240606263554e-01
3.913909041186037774e-01
3.875297697622422932e-01
3.838463589104715301e-01
3.802443121767116740e-01
3.767230544412907278e-01
3.732832049467574853e-01
3.700214662618313000e-01
3.668275117050543987e-01
3.636991643997949941e-01
3.606343447468985386e-01
3.576464439134853790e-01
3.547793097488320391e-01
3.520781292154319120e-01
3.495105749089316705e-01
3.470861692034530877e-01
3.447051173294524151e-01
3.423818692958086607e-01
3.401781337221552737e-01
3.380806184761348532e-01
3.360168896113391312e-01
3.339860195867278003e-01
3.319871185722598761e-01
3.300193323433169845e-01
3.280818403268178085e-01
3.261738537859695808e-01
3.242946141318490128e-01
3.224433913511220995e-01
3.206194825402252646e-01
3.188222105372321979e-01
3.170509226434520267e-01
3.153049894275387066e-01
3.135838036055518252e-01
3.118867789910138577e-01
3.102133495095364402e-01
3.085629682730867129e-01
3.069351067093938346e-01
3.053292537423973885e-01
3.037449150199955095e-01
3.021816121856735760e-01
3.006388821908884679e-01
2.991162766453483446e-01
2.976133612025653741e-01
2.961297149782791682e-01
2.947141539589875348e-01
2.933479899361009502e-01
2.920075432040172281e-01
2.906827813276926520e-01
2.893734061406114111e-01
2.880791277440838960e-01
2.867996641881009889e-01
2.855347411687877424e-01
2.842840917413378410e-01
2.830474560473983936e-01
2.818530999365318479e-01
2.807134617838888402e-01
2.795858727954072531e-01
2.784701278010107139e-01
2.773660266785477058e-01
2.762733741823585332e-01
2.751919797796478218e-01
2.741216574941947037e-01
2.730622257569731981e-01
2.720135072632827722e-01
2.709753288360204904e-01
2.699475212947503033e-01
2.689299193302534530e-01
2.679223613842598439e-01
2.669246895340878223e-01
2.659367493819316253e-01
2.649583899485575267e-01
2.639894635711840243e-01
2.630298258053350713e-01
2.620793353304693429e-01
2.611378538592027398e-01
2.602052460499474917e-01
2.592948286583069417e-01
2.583985099385918138e-01
2.575104945891993902e-01
2.566306614825679122e-01
2.557588919010965745e-01
2.548950694750031776e-01
2.540390801222436323e-01
2.531908119904014431e-01
2.523501554004662917e-01
2.515170027924242824e-01
2.506912486725834666e-01
2.498727895625663109e-01
2.490615239499002764e-01
2.482573522401446131e-01
2.474601767104927519e-01
2.466699014647924515e-01
2.459033620961198485e-01
2.451516194792325298e-01
2.444062147227568649e-01
2.436670627806981626e-01
2.429340801775790593e-01
2.422071849711351366e-01
2.414862967161099661e-01
2.407713364291150793e-01
2.400622265545132028e-01
2.393588909312919233e-01
2.386612547608896739e-01
2.379692445759452046e-01
2.372827882099341201e-01
2.366018147676656469e-01
2.359262545966084312e-01
2.352560392590174743e-01
2.345911015048354198e-01
2.339313752453421047e-01
2.332767955275280858e-01
2.326272985091668022e-01
2.319828214345631967e-01
2.313433026109577573e-01
2.307086813855613316e-01
2.300788981232043673e-01
2.294700923547983162e-01
2.288929061824061806e-01
2.283195324257665526e-01
2.277499313871130804e-01
2.271840639734635792e-01
2.266218916832310470e-01
2.260633765932467676e-01
2.255084813461813165e-01
2.249571691383454863e-01
2.244094037078588899e-01
2.238651493231714196e-01
2.233243707719234361e-01
2.227870333501338618e-01
2.222531028517020779e-01
2.217225455582131632e-01
2.211953282290347877e-01
2.206714180916949652e-01
2.201507828325310334e-01
2.196333905875994807e-01
2.191192099338366839e-01
2.186082098804633944e-01
2.181003598606220950e-01
2.175956297232405634e-01
2.170939897251127904e-01
2.165954105231905624e-01
2.160998631670771608e-01
2.156073190917174864e-01
2.151177501102761180e-01
2.146311284071999170e-01
2.141474265314557146e-01
2.136666173899382515e-01
2.131886742410448454e-01
2.127135706884069055e-01
2.122412806747777658e-01
2.117717784760684840e-01
2.113050386955282189e-01
2.108410362580641351e-01
2.103797464046965326e-01
2.099211446871450393e-01
2.094652069625413116e-01
2.090119093882642221e-01
2.085612284168945063e-01
2.081131407912851228e-01
2.076676235397417469e-01
2.072246539713135105e-01
2.067970682885114098e-01
2.063737050102985859e-01
2.059588547679797876e-01
2.055462598050767642e-01
2.051359021457481169e-01
2.047277639983239583e-01
2.043218277527921178e-01
2.039180759783350561e-01
2.035164914209193765e-01
2.031170570009328824e-01
2.027197558108686237e-01
2.023245711130552960e-01
2.019314863374324920e-01
2.015404850793676150e-01
2.011515510975158405e-01
2.007646683117200181e-01
2.003798208009496540e-01
1.999969928012788611e-01
1.996161687038999488e-01
1.992373330531748976e-01
1.988604705447201970e-01
1.984855660235258223e-01
1.981126044821085452e-01
1.977415710586962749e-01
1.973724510354431805e-01
1.970052298366770371e-01
1.966398930271745782e-01
1.962764263104662399e-01
1.959148155271689395e-01
1.955550466533471088e-01
1.951971057988983460e-01
1.948409792059675461e-01
1.944866532473843168e-01
1.941341144251268191e-01
1.937890612605764340e-01
1.934563081328916634e-01
1.931251530052943421e-01
1.927955841520359592e-01
1.924812808606473358e-01
1.921781999136338293e-01
1.918764062723009312e-01
1.915758918548458867e-01
1.912766486349712081e-01
1.909786686416583834e-01
1.906819439589371445e-01
1.903864667256502385e-01
1.900922291352138416e-01
1.897992234353732266e-01
1.895074419279557110e-01
1.892168769686179142e-01
1.889275209665914890e-01
1.886395618060012214e-01
1.883540343978075959e-01
1.880696775114917563e-01
1.877864839617317816e-01
1.875044466138237331e-01
1.872235583834039874e-01
1.869438122361705146e-01
1.866652011876025197e-01
1.863877183026775575e-01
1.861113566955885923e-01
1.858361095294586152e-01
1.855699560908209422e-01
1.853089461723788356e-01
1.850489605659337289e-01
1.847899928748885645e-01
1.845320367534794836e-01
1.842750859063351232e-01
1.840191340880361626e-01
1.837641751026821979e-01
1.835102028034582000e-01
1.832572110922075226e-01
1.830051939190057708e-01
1.827541452817393330e-01
1.825040592256871874e-01
1.822549298431055120e-01
1.820067512728158476e-01
1.817595176997966744e-01
1.815132233547776808e-01
1.812678625138383071e-01
1.810234294980080094e-01
1.807799186728717977e-01
1.805373244481767725e-01
1.802956412774433526e-01
1.800548636575790840e-01
1.798149861284959461e-01
1.795760032727302946e-01
1.793379097150661627e-01
1.791007001221625039e-01
1.788643692021819331e-01
1.786289117044238817e-01
1.783943224189599164e-01
1.781605961762733059e-01
1.779277278469003076e-01
1.776957123410753125e-01
1.774645446083785438e-01
1.772342196373874190e-01
1.770047324553300216e-01
1.767760781277420978e-01
1.765482517581273003e-01
1.763212484876191255e-01
1.760950634946474025e-01
1.758696919946064752e-01
1.756452109881800339e-01
1.754255340261192120e-01
1.752066352101549485e-01
1.749885100794915660e-01
1.747741191615942158e-01
1.745630793507825240e-01
1.743527470673386370e-01
1.741431182711933867e-01
1.739341889548160491e-01
1.737259551428835536e-01
1.735184128919544932e-01
1.733115582901447738e-01
1.731053874568084794e-01
1.728998965422229583e-01
1.726950817272748517e-01
1.724909392231530336e-01
1.722874652710423560e-01
1.720846561418226672e-01
1.718825081357703288e-01
1.716810175822631179e-01
1.714801808394890714e-01
1.712799942941582720e-01
1.710804543612179374e-01
1.708815574835707563e-01
1.706833001317962228e-01
1.704856788038760229e-01
1.702886900249210300e-01
1.700923303469030201e-01
1.698965963483881347e-01
1.697014846342742855e-01
1.695069918355307792e-01
1.693131146089418004e-01
1.691198496368518100e-01
1.689271936269145513e-01
1.687351433118444988e-01
1.685436954491714989e-01
1.683528468209980200e-01
1.681625942337585111e-01
1.679729345179827305e-01
1.677838645280610996e-01
1.675953811420120010e-01
1.674074812612532659e-01
1.672201618103750509e-01
1.670334197369150731e-01
1.668472520111377311e-01
1.666616556258147253e-01
1.664766275960079256e-01
1.662921649588554596e-01
1.661082647733597983e-01
1.659249241201780634e-01
1.657421401014151641e-01
1.655599098404188785e-01
1.653782304815770987e-01
1.651970991901181574e-01
1.650165131519121808e-01
1.648364695732759677e-01
1.646569656807790050e-01
1.644779987210519268e-01
1.642995659605977488e-01
1.641216646856042960e-01
1.639442922017594895e-01
1.637674458340678263e-01
1.635911229266700795e-01
1.634153208426636084e-01
1.632400369639262494e-01
1.630652686909406235e-01
1.628910134426216627e-01
1.627172686561448312e-01
1.625440317867778151e-01
1.623713003077122963e-01
1.621990717098991119e-01
1.620273435018841635e-01
1.618561132096468791e-01
1.616853783764399810e-01
1.615151365626316116e-01
1.613453853455479037e-01
1.611761223193192705e-01
1.610073450947263618e-01
1.608390512990493793e-01
1.606712385759176964e-01
1.605039045851622825e-01
1.603370470026688477e-01
1.601706635202330420e-01
1.600047518454173479e-01
1.598393097014090269e-01
1.596743348268800378e-01
1.595098249758487852e-01
1.593457779175423694e-01
1.591821914362613055e-01
1.590190633312451030e-01
1.588563914165399549e-01
1.586941735208671489e-01
1.585324074874930322e-01
1.583710911741011973e-01
1.582102224526648060e-01
1.580497992093210513e-01
1.578898193442470621e-01
1.577302807715367794e-01
1.575711814190792481e-01
1.574125192284381303e-01
1.572542921547331884e-01
1.570964981665216031e-01
1.569391352456823707e-01
1.567822013873003684e-01
1.566256945995525840e-01
1.564696129035951788e-01
1.563139543334520210e-01
1.561587169359043847e-01
1.560053798508369283e-01
1.558584231253012931e-01
1.557118414046471111e-01
1.555656330596395798e-01
1.554197964708093072e-01
1.552743300283760119e-01
1.551292321321747214e-01
1.549845011915807758e-01
1.548401356254364980e-01
1.546961338619788073e-01
1.545524943387664163e-01
1.544092155026091373e-01
1.542662958094967729e-01
1.541237337245289218e-01
1.539815277218459511e-01
1.538396762845596621e-01
1.536981779046857621e-01
1.535570310830760288e-01
1.534162343293515862e-01
1.532757861618363748e-01
1.531356851074919534e-01
1.529959297018522457e-01
1.528565184889592032e-01
1.527174500212989117e-01
1.525787228597386413e-01
1.524403355734637033e-01
1.523022867399161095e-01
1.521645749447325113e-01
1.520271987816836368e-01
1.518901568526137003e-01
1.517534477673808668e-01
1.516170701437977442e-01
1.514810226075730681e-01
1.513453037922531108e-01
1.512099123391643096e-01
1.510748468973563408e-01
1.509401061235450259e-01
1.508056886820569875e-01
1.506715932447734163e-01
1.505378184910755590e-01
1.504043631077898180e-01
1.502712257891339886e-01
1.501384052366635247e-01
1.500059001592185248e-01
1.498737092728712750e-01
1.497418313008738178e-01
1.496102649736068824e-01
1.494790090285280093e-01
1.493480622101213962e-01
1.492174232698472158e-01
1.490870909660923227e-01
1.489570640641203203e-01
1.488273413360230168e-01
1.486979215606719362e-01
1.485688035236700510e-01
1.484399860173041819e-01
1.483114678404981179e-01
1.481832477987654884e-01
1.480553247041634657e-01
1.479276973752470803e-01
1.478003646370231183e-01
1.476733253209056573e-01
1.475465782646707691e-01
1.474201223124124160e-01
1.472939563144983199e-01
1.471680791275266909e-01
1.470424896142826232e-01
1.469171866436956853e-01
1.467921690907968701e-01
1.466674358366774344e-01
1.465429857684462378e-01
1.464188177791889700e-01
1.462949307679268229e-01
1.461713236395763005e-01
1.460479953049082791e-01
1.459249446805088446e-01
1.458021706887387692e-01
1.456796722576952641e-01
1.455574483211722336e-01
1.454354978186221670e-01
1.453138196951175853e-01
1.451924129013134335e-01
1.450712763934091376e-01
1.449504091331116074e-01
1.448298100875978489e-01
1.447094782294788828e-01
1.445894125367629957e-01
1.444696119928197409e-01
1.443500755863442175e-01
1.442308023113219317e-01
1.441117911669930751e-01
1.439930411578181635e-01
1.438745512934434256e-01
1.437563205886662476e-01
1.436383480634014498e-01
1.435206327426475914e-01
1.434031736564534976e-01
1.432859698398850357e-01
1.431690203329924471e-01
1.430523241807775403e-01
1.429358804331616328e-01
1.428196881449532440e-01
1.427037463758161484e-01
1.425928620407371783e-01
1.424828588499173487e-01
1.423730918583072658e-01
1.422635601685041107e-01
1.421542628878363634e-01
1.420451991283319115e-01
1.419363680066869082e-01
1.418277686442342422e-01
1.417194001669128400e-01
1.416112617052368017e-01
1.415043776097427708e-01
1.413983623310320348e-01
1.412925661317993020e-01
1.411869881969761986e-01
1.410816277158284393e-01
1.409764838819265453e-01
1.408715558931153689e-01
1.407668429514859765e-01
1.406623442633454235e-01
1.405580590391886098e-01
1.404539864936695526e-01
1.403501258455727985e-01
1.402464763177858065e-01
1.401430371372706651e-01
1.400398075350366422e-01
1.399367867461128179e-01
1.398339740095211059e-01
1.397313685682488038e-01
1.396289696692225024e-01
1.395267765632812185e-01
1.394247885051503322e-01
1.393230047534154969e-01
1.392214245704968822e-01
1.391200472226235552e-01
1.390188719798080008e-01
1.389178981158211978e-01
1.388171249081673053e-01
1.387165516380594599e-01
1.386161775903944904e-01
1.385160020537295200e-01
1.384160243202568474e-01
1.383162436857807431e-01
1.382166594496933854e-01
1.381172709149512401e-01
1.380180773880520795e-01
1.379190781790115283e-01
1.378202726013400270e-01
1.377216599720204049e-01
1.376232396114850098e-01
1.375250108435933927e-01
1.374269729956099917e-01
1.373291253981822890e-01
1.372314673853188283e-01
1.371339982943673430e-01
1.370367174659938292e-01
1.369396242441603684e-01
1.368427179761048107e-01
1.367459980123191532e-01
1.366494637065291118e-01
1.365531144156732490e-01
1.364569494998823518e-01
1.363609683224597247e-01
1.362651702498604012e-01
1.361695546516712430e-01
1.360741209005913444e-01
1.359788683724122427e-01
1.358837964459981840e-01
1.357889045032673048e-01
1.356941919291715648e-01
1.355996581116784838e-01
1.355053024417518792e-01
1.354111243133329923e-01
1.353171231233220861e-01
1.352232982715598497e-01
1.351296491608091621e-01
1.350361751967367741e-01
1.349428757878954332e-01
1.348497503457058988e-01
1.347567982844391221e-01
1.346640190211985944e-01
1.345714119759031380e-01
1.344789765712691709e-01
1.343867122327939145e-01
1.342946183887379352e-01
1.342026944701081026e-01
1.341109399106416578e-01
1.340193541467880611e-01
