7.445180240448698861e-01
7.329402104719029420e-01
7.082125106150394256e-01
6.902734095727516284e-01
6.731100479550974347e-01
6.572670984523274473e-01
6.427513107100525369e-01
6.298757141744536492e-01
6.180019400900518267e-01
6.070361198350863186e-01
5.969094918130123384e-01
5.877559311162221523e-01
5.796754430552679693e-01
5.725547447660300771e-01
5.661777223911373946e-01
5.607151451097645012e-01
5.555776338947627790e-01
5.505985206914121299e-01
5.458879386980420856e-01
5.412317096956962281e-01
5.366296905675063122e-01
5.320816639794800906e-01
5.275873475469003981e-01
5.231464021368754658e-01
5.187584393335219479e-01
5.144230281257485826e-01
5.101397008865271587e-01
5.059079587117765175e-01
5.017272761826566674e-01
4.975971056096792355e-01
4.935168808115635297e-01
4.894860204765898448e-01
4.855039311494296905e-01
4.815700098821176223e-01
4.776836465839052193e-01
4.738442261012298928e-01
4.700511300558509742e-01
4.663037384663633045e-01
4.626014311757284392e-01
4.589435891051680261e-01
4.553295953526837470e-01
4.517588361526113649e-01
4.482307017109442016e-01
4.447445869296511867e-01
4.412998920318683682e-01
4.378960230986218005e-01
4.345323925266542098e-01
4.312084194159384598e-01
4.279736370490930253e-01
4.248242325847145784e-01
4.217091425356024326e-01
4.186279964920138208e-01
4.155804184152316338e-01
4.125660279526769392e-01
4.095844416056076409e-01
4.066352737645413939e-01
4.037181376260173815e-01
4.008326460029304483e-01
3.979784120394403990e-01
3.951550498403412770e-01
3.923621750237826777e-01
3.895994052053275980e-01
3.868747472392807252e-01
3.842637606519948568e-01
3.816799757943256655e-01
3.791230591168046060e-01
3.765926788304686523e-01
3.740885052754687190e-01
3.716102112413156577e-01
3.691574722438844547e-01
3.667299667637652916e-01
3.643273764500916667e-01
3.619493862935510009e-01
3.595956847719067317e-01
3.572659639710210056e-01
3.549599196840603210e-01
3.526772514912971390e-01
3.504176628226636780e-01
3.481808610050041164e-01
3.459665572957608126e-01
3.438770212123620773e-01
3.418127466228982891e-01
3.397685188317137728e-01
3.377440943907841775e-01
3.357392330025308902e-01
3.337536975337767053e-01
3.317872540220076494e-01
3.298396716748441260e-01
3.279107228635295135e-01
3.260001831111622450e-01
3.241078310763216286e-01
3.222334485326702191e-01
3.203768203450559904e-01
3.185694412181198643e-01
3.167789025392002689e-01
3.150048399970807878e-01
3.132470692271456802e-01
3.115054081869890745e-01
3.097796771414754735e-01
3.080696986458170694e-01
3.063752975269223300e-01
3.047735769510214743e-01
3.032272908417976143e-01
3.017293897943688630e-01
3.002443099459171649e-01
2.987719144528870330e-01
2.973120683193477554e-01
2.958646383684360726e-01
2.944294932139082666e-01
2.930065032318543428e-01
2.915955405326153271e-01
2.901964789329434247e-01
2.888091939284364584e-01
2.874506077719946595e-01
2.861502794243246939e-01
2.848601388473015472e-01
2.835800914375959936e-01
2.823100436199624252e-01
2.810499028351711726e-01
2.797995775279077391e-01
2.785589771346628218e-01
2.773280120716385411e-01
2.761065937226902522e-01
2.748946344273194842e-01
2.736920474687360438e-01
2.724987470620020003e-01
2.713146483422668731e-01
2.701396673531084591e-01
2.689737210349825713e-01
2.678687053336951118e-01
2.668073544497105432e-01
2.657533287039559600e-01
2.647065737720705747e-01
2.636670356623295741e-01
2.626346607166436531e-01
2.616093956114121655e-01
2.605911873582391625e-01
2.595799833045170368e-01
2.585757311338861553e-01
2.575783788665766960e-01
2.565878748596392978e-01
2.556041678070679612e-01
2.546272067398231420e-01
2.536569410257586976e-01
2.526933203694575747e-01
2.517362948119820087e-01
2.507858147305388474e-01
2.498418308380695452e-01
2.489042941827637745e-01
2.479731561475026491e-01
2.470483684492348064e-01
2.461298831382880137e-01
2.452176525976199062e-01
2.443116295420105777e-01
2.434117670171999093e-01
2.425180183989719129e-01
2.416303373921903086e-01
2.407569672273054684e-01
2.399177746260537092e-01
2.390840962380988977e-01
2.382558905809666339e-01
2.374331164905210956e-01
2.366157331188190882e-01
2.358036999319672311e-01
2.349969767079856942e-01
2.341955235346763475e-01
2.333993008074947140e-01
2.326082692274301644e-01
2.318223897988904159e-01
2.310416238275933010e-01
2.302659329184662262e-01
2.294952789735509313e-01
2.287296241899174909e-01
2.279689310575847838e-01
2.272131623574497605e-01
2.264622811592240381e-01
2.257204851394235268e-01
2.250034359422859731e-01
2.242908720036891346e-01
2.235827602799942970e-01
2.228790679937263930e-01
2.221797626311501073e-01
2.214848119398737103e-01
2.207941839264875861e-01
2.201078468542301547e-01
2.194257692406839932e-01
2.187479198555007387e-01
2.180742677181545242e-01
2.174047820957217270e-01
2.167394325006889166e-01
2.160781886887866154e-01
2.154210206568488717e-01
2.147678986406985624e-01
2.141187931130562050e-01
2.134736747814750535e-01
2.128325145862986212e-01
2.121952836986409352e-01
2.115619535183912714e-01
2.109324956722408440e-01
2.103068820117300064e-01
2.096850846113189337e-01
2.090670757664780666e-01
2.084528279918006211e-01
2.078423140191338059e-01
2.072355067957310504e-01
2.066323794824236892e-01
2.060329054518123260e-01
2.054370582864754879e-01
2.048448117771990706e-01
2.042561399212223516e-01
2.036710169205026288e-01
2.030894171799972336e-01
2.025186411886568394e-01
2.019595086692072550e-01
2.014036461807608425e-01
2.008510304922798695e-01
2.003016385564611868e-01
1.997554475081314285e-01
1.992124346626559794e-01
1.986725775143694528e-01
1.981358537350204341e-01
1.976175687257268609e-01
1.971110727904612225e-01
1.966081522288247452e-01
1.961078716666717070e-01
1.956102149165300230e-01
1.951151658931887800e-01
1.946227086131282480e-01
1.941328271939493644e-01
1.936455058538075202e-01
1.931607289108470404e-01
1.926784807826374402e-01
1.921987459856124292e-01
1.917215091345096656e-01
1.912467549418144230e-01
1.907744682172021478e-01
1.903046338669858728e-01
1.898372368935638821e-01
1.893722623948697892e-01
1.889096955638242537e-01
1.884495216877891954e-01
1.879917261480227864e-01
1.875362944191383829e-01
1.870832120685627376e-01
1.866324647559982342e-01
1.861840382328864563e-01
1.857379183418730595e-01
1.852940910162755306e-01
1.848525422795522233e-01
1.844132582447737256e-01
1.839762251140955873e-01
1.835414291782342666e-01
1.831088568159434105e-01
1.826784944934932986e-01
1.822503287641517311e-01
1.818243462676674138e-01
1.814005337297542875e-01
1.809788779615791598e-01
1.805764322935140276e-01
1.801832799465009349e-01
1.797920164774636509e-01
1.794026310601629925e-01
1.790151129304171085e-01
1.786294513858897315e-01
1.782456357858749341e-01
1.778636555510785255e-01
1.774845588487945769e-01
1.771083132924781145e-01
1.767338387094283259e-01
1.763611250036833944e-01
1.759901621390646265e-01
1.756209401389273450e-01
1.752534490859089800e-01
1.748876791216752158e-01
1.745236204466632801e-01
1.741612633198231230e-01
1.738005980583566534e-01
1.734416150374546994e-01
1.730843046900326365e-01
1.727360779436733496e-01
1.723914857105421916e-01
1.720484402826943093e-01
1.717069332578831653e-01
1.713669562824845227e-01
1.710285010512462567e-01
1.706915593070380543e-01
1.703561228406013928e-01
1.700221834902994333e-01
1.696897331418684707e-01
1.693587637281679936e-01
1.690292672289319120e-01
1.687012356705212546e-01
1.683746611256747849e-01
1.680495357132624490e-01
1.677258515980378228e-01
1.674036009903916711e-01
1.670827761461056715e-01
1.667633693661074445e-01
1.664453729962246664e-01
1.661287794269410978e-01
1.658135810931528342e-01
1.654997704739245845e-01
1.651873400922474200e-01
1.648762825147963018e-01
1.645665903516896900e-01
1.642582562562476811e-01
1.639512729247525891e-01
1.636456330962101635e-01
1.633413295521099207e-01
1.630383551161881384e-01
1.627367026541907680e-01
1.624363650736370679e-01
1.621373353235835146e-01
1.618396063943898511e-01
1.615431713174848294e-01
1.612480231651330920e-01
1.609541550502028295e-01
1.606615601259343828e-01
1.603702315857095662e-01
1.600801626628221841e-01
1.597913466302487429e-01
1.595037768004206602e-01
1.592174465249967252e-01
1.589397023876792658e-01
1.586657491417209909e-01
1.583929003620765941e-01
1.581211506267446998e-01
1.578504945428668149e-01
1.575809267465635710e-01
1.573124419027723542e-01
1.570450347050848239e-01
1.567786998755872907e-01
1.565134321647001503e-01
1.562492263510195656e-01
1.559860772411598706e-01
1.557239796695961409e-01
1.554629284985090676e-01
1.552029186176294706e-01
1.549439449440851158e-01
1.546860024222463936e-01
1.544290860235754681e-01
1.541731907464747309e-01
1.539183116161357279e-01
1.536644436843901673e-01
1.534115820295623156e-01
1.531597217563195057e-01
1.529088579955267813e-01
1.526589859041002362e-01
1.524101006648621859e-01
1.521621974863969495e-01
1.519152716029071315e-01
1.516693182740710688e-01
1.514243327849016107e-01
1.511803104456047320e-01
1.509379100625336256e-01
1.506986831485736811e-01
1.504604156761098488e-01
1.502231026348055110e-01
1.499867390450999594e-01
1.497513199579953713e-01
1.495168404548460339e-01
1.492832956471487615e-01
1.490506806763345349e-01
1.488189907135633039e-01
1.485882209595181247e-01
1.483583666442033211e-01
1.481294230267418965e-01
1.479013853951767765e-01
1.476742490662714957e-01
1.474480093853134666e-01
1.472226617259195791e-01
1.469982014898411904e-01
1.467746241067724722e-01
1.465532740843683845e-01
1.463389549002249990e-01
1.461254642548067417e-01
1.459127977987808855e-01
1.457009512109405103e-01
1.454899201979883983e-01
1.452797004943236492e-01
1.450702878618293779e-01
1.448616780896627987e-01
1.446538669940465871e-01
1.444468504180634605e-01
1.442406242314507037e-01
1.440351843303985524e-01
1.438305266373492708e-01
1.436266471007975609e-01
1.434235416950943032e-01
1.432212064202506852e-01
1.430196373017445788e-01
1.428188303903288048e-01
1.426187817618410625e-01
1.424194875170149976e-01
1.422209437812936295e-01
1.420231467046443319e-01
1.418260924613751472e-01
1.416297772499526264e-01
1.414341972928218061e-01
1.412393488362277127e-01
1.410452281500376159e-01
1.408518315275657240e-01
1.406591552853993232e-01
1.404671957632255552e-01
1.402759493236612753e-01
1.400854123520827166e-01
1.398955812564579293e-01
1.397064524671794705e-01
1.395180224369003408e-01
1.393302876403689217e-01
1.391432445742674662e-01
1.389568897570508665e-01
1.387712197287873095e-01
1.385862310509994588e-01
1.384019203065083581e-01
1.382182840992775275e-01
1.380353190542588648e-01
1.378530218172396016e-01
1.376713890546910901e-01
1.374904174536182577e-01
1.373101037214102815e-01
1.371304445856942333e-01
1.369514367941865041e-01
1.367730771145493074e-01
1.365953623342457957e-01
1.364182892603973962e-01
1.362418547196423135e-01
1.360660555579948361e-01
1.358908886407063643e-01
1.357163508521274653e-01
1.355424390955703440e-01
1.353691502931734791e-01
1.351964813857671754e-01
1.350244293327392542e-01
1.348529911119037139e-01
1.346821637193681975e-01
1.345119441694044848e-01
1.343423294943196789e-01
1.341733167443269759e-01
1.340049029874198494e-01
1.338370853092448187e-01
1.336698608129776311e-01
1.335032266191984729e-01
1.333371798657698448e-01
1.331766675388601773e-01
1.330180134784660073e-01
1.328598793016531887e-01
1.327022627022536039e-01
1.325451613870783085e-01
1.323885730758236068e-01
1.322324955009784031e-01
1.320769264077314986e-01
1.319218635538803031e-01
1.317673047097406291e-01
1.316132476580570143e-01
1.314596901939136531e-01
1.313066301246474665e-01
1.311540652697600340e-01
1.310019934608320225e-01
1.308504125414372554e-01
1.306993203670590020e-01
1.305487148050048507e-01
1.303985937343249413e-01
1.302544273523851548e-01
1.301123471226576511e-01
1.299706937228821968e-01
1.298294654222906797e-01
1.296895141197058066e-01
1.295509721211898502e-01
1.294128392029235408e-01
1.292751137135750017e-01
1.291377940104061206e-01
1.290008784592145685e-01
1.288643654342765676e-01
1.287282533182902422e-01
1.285925405023196910e-01
1.284572253857387270e-01
1.283223063761760874e-01
1.281877818894607834e-01
1.280536503495668943e-01
1.279199101885614420e-01
1.277865598465494912e-01
1.276535977716221626e-01
1.275210224198043696e-01
1.273888322550019714e-01
1.272570257489515078e-01
1.271256013811683239e-01
1.269945576388961661e-01
1.268638930170573609e-01
1.267336060182024104e-01
1.266036951524616150e-01
1.264741589374951680e-01
1.263449958984453614e-01
1.262162045678885125e-01
1.260886169455696093e-01
1.259614942039477825e-01
1.258347401349995953e-01
1.257083532533950776e-01
1.255823320814996868e-01
1.254566751493249588e-01
1.253313809944793800e-01
1.252064481621187331e-01
1.250818752048984128e-01
1.249576606829249786e-01
1.248338031637080264e-01
1.247103012221132540e-01
1.245871534403157205e-01
1.244643584077525650e-01
1.243419147210773623e-01
1.242198209841137019e-01
1.240980760282081319e-01
1.239766866855252503e-01
1.238556431086880877e-01
1.237349439299469389e-01
1.236145877884971822e-01
1.234945733304358417e-01
1.233748992087174423e-01
1.232555640831124733e-01
1.231365666201628822e-01
1.230179054931405669e-01
1.228995793820059634e-01
1.227815869733649840e-01
1.226639269604284238e-01
1.225465980429704393e-01
1.224295989272888019e-01
1.223129283261625427e-01
1.221965849588140529e-01
1.220805675508671723e-01
1.219648748343091921e-01
1.218495055474507760e-01
1.217344584348873660e-01
1.216224126289278951e-01
1.215216057100692720e-01
1.214210306121444177e-01
1.213206866096856462e-01
1.212205729802811188e-01
1.211206890045572054e-01
1.210210339661602491e-01
1.209216071517380808e-01
1.208224078509231719e-01
1.207234353563146206e-01
1.206246889634608188e-01
1.205261679708422018e-01
1.204278716798539012e-01
1.203297993947894245e-01
1.202319504228227115e-01
1.201343240739929374e-01
1.200369196611865419e-01
1.199397365001214910e-01
1.198427739093313460e-01
1.197460312101481517e-01
1.196495077266873513e-01
1.195532027858316332e-01
1.194571157172146653e-01
1.193612458532066350e-01
1.192655925288973462e-01
1.191701550820822575e-01
1.190749328532460793e-01
1.189799251855484796e-01
1.188851314248088598e-01
1.187905509194911308e-01
1.186961830206895441e-01
1.186020270821136618e-01
1.185080824600741878e-01
1.184143485134682150e-01
1.183208246037652650e-01
1.182275100949927715e-01
1.181344043537224942e-01
1.180415067490561409e-01
1.179488166526118792e-01
1.178563334385103745e-01
1.177640564833614123e-01
1.176719851662501176e-01
1.175801188687237847e-01
1.174884569747783603e-01
1.173969988708456202e-01
1.173057439457796808e-01
1.172146915908442166e-01
1.171238411996994300e-01
1.170331921683894494e-01
1.169427438953297010e-01
1.168524957812937942e-01
1.167624472294016141e-01
1.166725976451068597e-01
1.165829464361839984e-01
1.164934930127170531e-01
1.164042367870869593e-01
1.163151771739594081e-01
1.162263135902732863e-01
1.161376454552283388e-01
1.160491721902741635e-01
1.159608932190974023e-01
1.158728079676110551e-01
1.157849158639429332e-01
1.156972163384234614e-01
1.156097088235754494e-01
1.155223927541015744e-01
1.154352675668743750e-01
1.153483327009243858e-01
1.152615875974294796e-01
