1.019917080216815153e+00
9.036573478254406044e-01
8.701379446399629680e-01
8.400471615915404699e-01
8.144833566823869164e-01
7.912132729935020814e-01
7.701345451553841537e-01
7.508568542003124513e-01
7.337548258964687875e-01
7.182576415737953468e-01
7.036881516206525689e-01
6.902406425866136619e-01
6.777021527957554081e-01
6.667258632678140229e-01
6.568313378253212154e-01
6.476854165209309233e-01
6.395073715180754625e-01
6.325501691160007045e-01
6.260375049649473667e-01
6.197350997390017602e-01
6.136330700040438790e-01
6.077219860484130987e-01
6.019928675814405494e-01
5.964371747159595838e-01
5.910467956034570758e-01
5.858140317743696368e-01
5.807315819889460329e-01
5.757925252112691128e-01
5.710796311063481845e-01
5.666502567860994821e-01
5.623358428339293447e-01
5.584406823844659806e-01
5.547022392118157175e-01
5.510338120124969041e-01
5.474330669405252925e-01
5.438977689554276296e-01
5.404257773585428026e-01
5.370150414899224067e-01
5.336635965929646952e-01
5.303695598500470787e-01
5.271311265895316511e-01
5.239465666623684958e-01
5.208142209849614401e-01
5.177324982438445966e-01
5.146998717569472026e-01
5.117462959584325732e-01
5.092150767773014897e-01
5.067239987902616427e-01
5.042623269108092998e-01
5.018294744092313131e-01
4.994248678816547438e-01
4.970479471142695838e-01
4.946981649280769999e-01
4.923749870067606338e-01
4.900778917100253596e-01
4.878063698745263577e-01
4.855853586841833436e-01
4.834281277645813280e-01
4.812944456618837852e-01
4.791838299888026009e-01
4.771791441403608891e-01
4.752187085454928073e-01
4.732764249853067540e-01
4.713520125653116177e-01
4.694451951052154293e-01
4.675557011675043340e-01
4.656832640725039330e-01
4.638276219012895107e-01
4.619885174877008671e-01
4.601656984006186613e-01
4.584559909028695923e-01
4.567692626564421321e-01
4.550955724794815138e-01
4.534450561744570174e-01
4.518930381113880346e-01
4.503515470621833328e-01
4.488205020120005218e-01
4.473154495595065283e-01
4.458462832148159527e-01
4.443863386652874281e-01
4.429355658272731699e-01
4.414939118907652560e-01
4.400613216059839905e-01
4.386377375477814589e-01
4.372231003594803100e-01
4.358173489776575593e-01
4.344204208392724587e-01
4.330322520724323998e-01
4.316760163712483611e-01
4.303298705658428758e-01
4.289923031123540897e-01
4.276632446649449859e-01
4.263426250966627085e-01
4.250303736439261515e-01
4.237264190388834728e-01
4.224306896305471959e-01
4.211431134955586075e-01
4.198636185393570530e-01
4.185921325884918720e-01
4.173286042187738243e-01
4.160733351805273039e-01
4.148258474406443241e-01
4.135860696120421398e-01
4.123539305772911390e-01
4.111293595395444922e-01
4.099122860684872860e-01
4.087026401416970489e-01
4.075003521817663343e-01
4.063053530895295862e-01
4.051175742736929375e-01
4.039369476771575429e-01
4.027634058002987349e-01
4.016009356380551565e-01
4.004456888015051064e-01
3.992972411922205422e-01
3.981555305035858749e-01
3.970204950253949927e-01
3.958920736508511062e-01
3.947915882708926683e-01
3.937354365869926154e-01
3.926849663599862872e-01
3.916401253974272079e-01
3.906008622086345472e-01
3.895671259966637101e-01
3.885388666499621779e-01
3.875160347337604505e-01
3.864985814812374465e-01
3.854864587845034940e-01
3.844864903867796779e-01
3.835167056439645616e-01
3.825517290756570432e-01
3.815915151895106772e-01
3.806360193091590793e-01
3.796851975529852430e-01
3.787390068134821597e-01
3.777974047371876476e-01
3.768603497051869478e-01
3.759278008141664906e-01
3.749997178580095070e-01
3.740760613099186616e-01
3.731567923050564395e-01
3.722418726236869646e-01
3.713312646748094803e-01
3.704249314802691706e-01
3.695471148146412532e-01
3.686844320688927867e-01
3.678254598994246671e-01
3.669701698555590808e-01
3.661185339078357748e-01
3.652705244379063632e-01
3.644261142287227306e-01
3.635852764550142613e-01
3.627479846740438441e-01
3.619142128166352723e-01
3.610839351784624895e-01
3.602571264115965732e-01
3.594337615162994104e-01
3.586138158330579584e-01
3.577972650348527628e-01
3.569840851196514619e-01
3.561742524031240587e-01
3.553677435115679684e-01
3.545645353750419004e-01
3.537646052206981362e-01
3.529679305663088740e-01
3.521744892139799243e-01
3.513842592440469259e-01
3.505972190091461993e-01
3.498133471284570750e-01
3.490326224821090340e-01
3.482550242057488865e-01
3.474805316852621062e-01
3.467091245516442100e-01
3.459407826760179105e-01
3.451754861647894357e-01
3.444132153549421260e-01
3.436539508094600404e-01
3.428976733128804577e-01
3.421443638669686704e-01
3.413940036865127370e-01
3.406465741952328652e-01
3.399020570218033721e-01
3.391604339959827241e-01
3.384216871448482711e-01
3.376857986891319552e-01
3.369527510396545522e-01
3.362225267938553919e-01
3.354951087324127279e-01
3.347704798159543138e-01
3.340486231818542984e-01
3.333295221411124443e-01
3.326131601753148370e-01
3.318995209336731422e-01
3.311885882301391915e-01
3.304803460405933424e-01
3.297747785001030052e-01
3.290718699002514458e-01
3.283716046865319260e-01
3.276739674558075133e-01
3.269789429538325076e-01
3.262865160728354308e-01
3.255966718491601908e-01
3.249093954609642010e-01
3.242246722259725100e-01
3.235424875992838345e-01
3.228628271712304931e-01
3.221856766652868020e-01
3.215110219360278188e-01
3.208388489671332722e-01
3.201691438694404535e-01
3.195018928790386847e-01
3.188370823554083078e-01
3.181746987796015280e-01
3.175147287524637818e-01
3.168642587503888719e-01
3.162438898372300633e-01
3.156550019972699794e-01
3.150680777478265249e-01
3.144831070834393505e-01
3.139000800876972086e-01
3.133189869318114273e-01
3.127398178732219702e-01
3.121625632542383566e-01
3.115872135007111132e-01
3.110137591207363106e-01
3.104421907033893535e-01
3.098724989174881372e-01
3.093057468748767191e-01
3.087548662220916396e-01
3.082057098223029423e-01
3.076582697724552506e-01
3.071125382297340001e-01
3.065685074107267760e-01
3.060261695906044688e-01
3.054855171023194149e-01
3.049465423358214133e-01
3.044092377372913938e-01
3.038735958083907951e-01
3.033396091055277632e-01
3.028072702391388371e-01
3.022765718729848450e-01
3.017475067234633990e-01
3.012200675589340459e-01
3.006942471990581844e-01
3.001700385141520266e-01
2.996474344245532717e-01
2.991264278999997139e-01
2.986070119590213956e-01
2.980891796683439177e-01
2.975729241423032412e-01
2.970582385422734228e-01
2.965451160761038429e-01
2.960335499975677576e-01
2.955235336058221196e-01
2.950150602448763371e-01
2.945081233030719114e-01
2.940027162125715687e-01
2.934988324488579381e-01
2.929964655302408905e-01
2.924956090173745915e-01
2.919962565127829368e-01
2.914984016603931472e-01
2.910020381450786897e-01
2.905071596922088051e-01
2.900137600672075822e-01
2.895218330751190283e-01
2.890313725601814654e-01
2.885423724054072547e-01
2.880548265321712376e-01
2.875687288998059477e-01
2.870840735052025416e-01
2.866008543824191124e-01
2.861190656022962742e-01
2.856387012720775220e-01
2.851597555350364188e-01
2.846822225701106657e-01
2.842060965915406134e-01
2.837313718485147129e-01
2.832580426248195726e-01
2.827861032384968998e-01
2.823155480415042717e-01
2.818463714193822911e-01
2.813785677909264593e-01
2.809121316078639907e-01
2.804470573545359557e-01
2.799833395475835318e-01
2.795209727356402496e-01
2.790599514990270702e-01
2.786002704494535687e-01
2.781419242297226146e-01
2.776849075134401601e-01
2.772292150047280246e-01
2.767748414379422872e-01
2.763217815773945651e-01
2.758700302170782326e-01
2.754195821803979705e-01
2.749704323199027023e-01
2.745225755170236925e-01
2.740760066818154206e-01
2.736307207526989527e-01
2.731867126962115311e-01
2.727439775067573291e-01
2.723044175229176744e-01
2.718900966297869148e-01
2.714768973160158194e-01
2.710648156889617355e-01
2.706538478722183005e-01
2.702439900055137456e-01
2.698352382446104758e-01
2.694275887612045950e-01
2.690210377428300381e-01
2.686231575509408498e-01
2.682437566338755075e-01
2.678653358381407612e-01
2.674878916082311653e-01
2.671114204072896348e-01
2.667359187169425772e-01
2.663613830371384106e-01
2.659878098859872475e-01
2.656151957996033541e-01
2.652435373319497747e-01
2.648728310546852316e-01
2.645030735570128022e-01
2.641342614455311488e-01
2.637663913440872476e-01
2.633994598936315601e-01
2.630334637520750363e-01
2.626683995941480609e-01
2.623042641112611206e-01
2.619476755776947718e-01
2.615930455075337058e-01
2.612392582995756718e-01
2.608863111038569049e-01
2.605342010854095336e-01
2.601829254241241340e-01
2.598324813146141166e-01
2.594828659660827763e-01
2.591340766021907327e-01
2.587861104609266993e-01
2.584389647944784207e-01
2.580926368691065509e-01
2.577471239650191426e-01
2.574024233762488012e-01
2.570585324105310043e-01
2.567154483891834205e-01
2.563731686469876148e-01
2.560316905320723646e-01
2.556910114057975858e-01
2.553511286426404792e-01
2.550120396300831760e-01
2.546737417685011606e-01
2.543362324710541356e-01
2.539995091635771640e-01
2.536635692844740886e-01
2.533284102846117825e-01
2.529940296272160660e-01
2.526604247877686227e-01
2.523275932539054689e-01
2.519955325253165346e-01
2.516642401136468532e-01
2.513337135423979185e-01
2.510039503468320943e-01
2.506749480738763025e-01
2.503467042820283206e-01
2.500192165412634115e-01
2.496924824329423698e-01
2.493664995497207326e-01
2.490412654954593519e-01
2.487167778851351874e-01
2.483930343447542655e-01
2.480700325112649429e-01
2.477477700324728360e-01
2.474262445669557497e-01
2.471054537839810217e-01
2.467853953634227548e-01
2.464660669956806049e-01
2.461474663815989283e-01
2.458295912323880950e-01
2.455124392695449687e-01
2.451960082247765516e-01
2.448802958399222407e-01
2.445652998668782219e-01
2.442510180675233067e-01
2.439374482136440481e-01
2.436245880868623259e-01
2.433124354785624610e-01
2.430009881898201884e-01
2.426902440313315201e-01
2.423802008233436611e-01
2.420708563955856485e-01
2.417622085871997950e-01
2.414542552466748260e-01
2.411469942317788218e-01
2.408404234094935203e-01
2.405345406559490085e-01
2.402293438563595229e-01
2.399248309049595018e-01
2.396209997049406348e-01
2.393178481683898018e-01
2.390153742162271500e-01
2.387135757781458645e-01
2.384124507925507175e-01
2.381119972064999757e-01
2.378122129756454484e-01
2.375130960641747557e-01
2.372146444447533198e-01
2.369168560984679373e-01
2.366197290147698251e-01
2.363232611914194148e-01
2.360274506344305356e-01
2.357322953580169578e-01
2.354377933845369086e-01
2.351439427444411978e-01
2.348507414762194823e-01
2.345581876263482801e-01
2.342662792492392621e-01
2.339750144071880977e-01
2.336843911703238297e-01
2.333944076165590520e-01
2.331050618315398948e-01
2.328163519085972299e-01
2.325282759486981821e-01
2.322408320603982779e-01
2.319540183597934291e-01
2.316678329704734973e-01
2.313822740234751929e-01
2.310973396572363059e-01
2.308130280175502425e-01
2.305293372575205058e-01
2.302462655375163703e-01
2.299638110251281953e-01
2.296819718951242928e-01
2.294007463294071292e-01
2.291201325169706371e-01
2.288401286538572776e-01
2.285607329431166290e-01
2.282819435947633369e-01
2.280037588257359804e-01
2.277261768598562441e-01
2.274491959277885056e-01
2.271728142669998673e-01
2.268970301217201058e-01
2.266218417429033960e-01
2.263472473881879832e-01
2.260732453218591287e-01
2.257998338148097806e-01
2.255270111445038805e-01
2.252547755949377839e-01
2.249831254566042604e-01
2.247120590264553019e-01
2.244415746078656237e-01
2.241716705105968044e-01
2.239023450507618695e-01
2.236335965507893486e-01
2.233654233393887745e-01
2.230978237515157947e-01
2.228307961283375604e-01
2.225643388171991699e-01
2.222984501715893346e-01
2.220331285511074892e-01
2.217683723214301239e-01
2.215041798542784213e-01
2.212405495273851719e-01
2.209774797244628552e-01
2.207172496724779664e-01
2.204605085669700815e-01
2.202042986578127692e-01
2.199486185042208441e-01
2.196934666697091532e-01
2.194388417220803911e-01
2.191847422334157747e-01
2.189311667800633854e-01
2.186781139426272058e-01
2.184255823059569057e-01
2.181735704591365177e-01
2.179220769954739456e-01
2.176711005124898068e-01
2.174206396119062190e-01
2.171706928996373354e-01
2.169212589857764939e-01
2.166723364845870303e-01
2.164239240144903431e-01
2.161760201980552909e-01
2.159286236619876176e-01
2.156817330371182950e-01
2.154353469583937530e-01
2.151894640648636947e-01
2.149440829996709657e-01
2.146992024100404517e-01
2.144548209472682820e-01
2.142109372667104772e-01
2.139675500277727349e-01
2.137246578938988284e-01
2.134822595325601979e-01
2.132403536152444878e-01
2.129992482437410017e-01
2.127595749958731963e-01
2.125203790475531651e-01
2.122816591493998373e-01
2.120434140557714287e-01
2.118056425247538122e-01
2.115683433181494155e-01
2.113315152014656195e-01
2.110951569439039610e-01
2.108592673183480315e-01
2.106238451013533186e-01
2.103888890731349937e-01
2.101543980175572535e-01
2.099203707221220794e-01
2.096868059779579130e-01
2.094537025798089425e-01
2.092210593260235008e-01
2.089888750185434074e-01
2.087571484628928664e-01
2.085258784681673638e-01
2.082950638470225657e-01
2.080647034156639930e-01
2.078347959938352529e-01
2.076053404048078532e-01
2.073763354753698218e-01
2.071477800358152155e-01
2.069196729199332396e-01
2.066949153088461499e-01
2.064754884549319658e-01
2.062564708975269390e-01
2.060378616456758349e-01
2.058196597111249249e-01
2.056018641083152965e-01
2.053844738543739168e-01
2.051674879691073872e-01
2.049509054749928672e-01
2.047347253971717185e-01
2.045189467634414560e-01
2.043035686042475596e-01
2.040885899526769243e-01
2.038740098444496163e-01
2.036598273179121288e-01
2.034488735068252230e-01
2.032385646030420989e-01
2.030286378635509370e-01
2.028190923944700741e-01
2.026099273041735704e-01
2.024011417032872406e-01
2.021927347046828805e-01
2.019847054234745476e-01
2.017770529770131493e-01
2.015697764848820572e-01
2.013628750688920277e-01
2.011563478530767612e-01
2.009501939636879897e-01
2.007444125291908965e-01
2.005390026802590098e-01
2.003339635497698445e-01
2.001292942727999347e-01
1.999249939866198089e-01
1.997210618306898555e-01
1.995174969466550763e-01
1.993142984783403127e-01
1.991114655717454718e-01
1.989089973750409190e-01
1.987068930385630094e-01
1.985051517148083144e-01
1.983037725584298472e-01
1.981027547262317612e-01
1.979020973771645209e-01
1.977017996723206550e-01
1.975018607749292332e-01
1.973022798503516750e-01
1.971030560660766706e-01
1.969041885917152401e-01
1.967056765989966538e-01
1.965075192617626587e-01
1.963097157559634542e-01
1.961122652596527516e-01
1.959151669529826945e-01
1.957184200181994183e-01
1.955220236396380262e-01
1.953259770037180654e-01
1.951302792989384749e-01
1.949366692232887832e-01
1.947459444535658002e-01
1.945555486766957221e-01
1.943654811417154793e-01
1.941757410996431399e-01
1.939863278034720528e-01
1.937972405081653804e-01
1.936084784706502138e-01
1.934200409498120499e-01
1.932319272064895177e-01
1.930441365034678558e-01
1.928566681054741938e-01
1.926695212791716960e-01
1.924826952931540935e-01
1.922961894179398556e-01
1.921100029259671660e-01
1.919274886504295785e-01
1.917459167133447051e-01
1.915646538443098457e-01
1.913836993034796485e-01
1.912030523532476378e-01
