4.856788788773461540e+00
1.366758016851401081e+00
8.504901019262017803e-01
7.728413888646633589e-01
7.213925156543444794e-01
6.821522031850636436e-01
6.520637133634620275e-01
6.271142542909372564e-01
6.058090307852769252e-01
5.867653233538208113e-01
5.694626167162277763e-01
5.536904480977054011e-01
5.397736734817846216e-01
5.268365946025677093e-01
5.147955195012364760e-01
5.037358428100250363e-01
4.932648663066411809e-01
4.833214733596478685e-01
4.738798823849325048e-01
4.648107351065606241e-01
4.562126751216819542e-01
4.483892124068594165e-01
4.408260465843353848e-01
4.335193277275826151e-01
4.266319965961966054e-01
4.199460178633259710e-01
4.134523692302479181e-01
4.072808930438771013e-01
4.015243434640344278e-01
3.960259729412068386e-01
3.906477350207185895e-01
3.853790612209082589e-01
3.802601885121832392e-01
3.752860457157372043e-01
3.704109990076699388e-01
3.656327859582345630e-01
3.609491730815940769e-01
3.563724287366399346e-01
3.518988046425961524e-01
3.475165636651259549e-01
3.432231923651499761e-01
3.390162541421578579e-01
3.348933875767559631e-01
3.308523046937232870e-01
3.269347296986673812e-01
3.231069041787095752e-01
3.193498904644723191e-01
3.156619961466813895e-01
3.120415681533899588e-01
3.084869929586435133e-01
3.049966966046495642e-01
3.015691445639715473e-01
2.982028414652024284e-01
2.948963307028286129e-01
2.916481939495575992e-01
2.884570505871992818e-01
2.854092929119144140e-01
2.824968296099829579e-01
2.796299298840205227e-01
2.768317507743072725e-01
2.741588426379518717e-01
2.715244169154020226e-01
2.689277468964759721e-01
2.663681222424260642e-01
2.638448487034232848e-01
2.613572478212090044e-01
2.589046566201423927e-01
2.564864272894651909e-01
2.541019268592423219e-01
2.517505368721199011e-01
2.494316530527530829e-01
2.471446849765061848e-01
2.448890557388005429e-01
2.426642016262908486e-01
2.404695717908697516e-01
2.383046279273516310e-01
2.361688439555449937e-01
2.340617057073048901e-01
2.319827106190502086e-01
2.299313674301382560e-01
2.279071958874084591e-01
2.259097264561332197e-01
2.239385000375564705e-01
2.219930676931431424e-01
2.200729903756173389e-01
2.181778386668283276e-01
2.163071925224464287e-01
2.144606410234631833e-01
2.126377821344445085e-01
2.108382224684647865e-01
2.090615770586305711e-01
2.073074691360902999e-01
2.055755299144121917e-01
2.038653983802032887e-01
2.021767210898350042e-01
2.005091519721349524e-01
1.988623521368993730e-01
1.972481883496479405e-01
1.956673356406034847e-01
1.941057463157395135e-01
1.925631098631792049e-01
1.910391226319348157e-01
1.895334876269972602e-01
1.880459143121694654e-01
1.865761184203081069e-01
1.851238217706435429e-01
1.836887520928773554e-01
1.822706428577554050e-01
1.808692331138399556e-01
1.794842673302115277e-01
1.781154952448461559e-01
1.767626717184238583e-01
1.754255565933366956e-01
1.741039145576762370e-01
1.727975150139881289e-01
1.715061319525949535e-01
1.702383611711849876e-01
1.689921970836692489e-01
1.677679666502688016e-01
1.665659081159951149e-01
1.653770943299580631e-01
1.642013377966179688e-01
1.630384546314176120e-01
1.618882644640168011e-01
1.607505903449506779e-01
1.596252586555675090e-01
1.585120990211038583e-01
1.574233834852119540e-01
1.563596510122828298e-01
1.553071096798221973e-01
1.542656093001760764e-01
1.532350024070215366e-01
1.522151441866964050e-01
1.512058924118336312e-01
1.502071073772073828e-01
1.492186518376986126e-01
1.482403909482947202e-01
1.472721922060407085e-01
1.463139253938638418e-01
1.453654625261959210e-01
1.444266777963240378e-01
1.434974475253991966e-01
1.425776501130395224e-01
1.416671659894652158e-01
1.407658775691068009e-01
1.398736692056295750e-01
1.389956719192894929e-01
1.381289900710881424e-01
1.372708524036355682e-01
1.364211553997313198e-01
1.355864906051541530e-01
1.347603860926678276e-01
1.339423446883414581e-01
1.331322691144561365e-01
1.323300636021632892e-01
1.315356338598207830e-01
1.307488870422260918e-01
1.299697317207145764e-01
1.291980778540921804e-01
1.284338367603728437e-01
1.276769210892906015e-01
1.269272447955615279e-01
1.261847231128673530e-01
1.254492725285366594e-01
1.247208107588986814e-01
1.239992567252886368e-01
1.232845305306806138e-01
1.225765534369267634e-01
1.218752478425851327e-01
1.211805372613138365e-01
1.204923463008128470e-01
1.198106006422984537e-01
1.191352270204899255e-01
1.184661532040937881e-01
1.178033079767684677e-01
1.171466211185553941e-01
1.164960233877606055e-01
1.158514465032739471e-01
1.152128231273113479e-01
1.145800868485665897e-01
1.139531721657631169e-01
1.133320144715888461e-01
1.127165500370067436e-01
1.121067159959276693e-01
1.115024503302353698e-01
1.109036918551525031e-01
1.103103802049391208e-01
1.097224558189119764e-01
1.091398599277782488e-01
1.085625345402703307e-01
1.079904224300775178e-01
1.074234671230635263e-01
1.068616128847626051e-01
1.063048047081455033e-01
1.057529883016507799e-01
1.052061100774693281e-01
1.046641171400796849e-01
1.041269572750248840e-01
1.036018440260143003e-01
1.030892370506137218e-01
1.025811059007866316e-01
1.020774028882956153e-01
1.015780809454089190e-01
1.010830936147074921e-01
1.005923950391068161e-01
1.001059399520893289e-01
9.962368366814103315e-02
9.914558207338668161e-02
9.867159161641851639e-02
9.820166929931416211e-02
9.773577266883821946e-02
9.728746283824951657e-02
9.684502422512919484e-02
9.640618935938563561e-02
9.597092308643900838e-02
9.553919065951506362e-02
9.511095773373547113e-02
9.468619036032216441e-02
9.426647113154998370e-02
9.385303325925395401e-02
9.344288730288272116e-02
9.303600222746834236e-02
9.263234733382350039e-02
9.223189225428846116e-02
9.183460694854340967e-02
9.144046169948809311e-02
9.104942710918564885e-02
9.066147409486838282e-02
9.027657388500678892e-02
8.989469801543810423e-02
8.951581832555399743e-02
8.913990695454727942e-02
8.876693633771441660e-02
8.839687920281387445e-02
8.802970856647999998e-02
8.766539773068983410e-02
8.730392027928161880e-02
8.694525007452671983e-02
8.658936125375021886e-02
8.623622822600221505e-02
8.588582566877722702e-02
8.553812852478100137e-02
8.519311199874468610e-02
8.485075155428507820e-02
8.451102291080901663e-02
8.417390204046275304e-02
8.383936516512438542e-02
8.350738875343965972e-02
8.317794951789850288e-02
8.285102441195354994e-02
8.252659062717894456e-02
8.220462559046838591e-02
8.188510696127282440e-02
8.156801262887554416e-02
8.125909947356158014e-02
8.095465978513251282e-02
8.065249238395971743e-02
8.035257679711939327e-02
8.005489276296770540e-02
7.975942022865946390e-02
7.946613934770214993e-02
7.917503047754249901e-02
7.888607417718586368e-02
7.859925120484909100e-02
7.831454251564398672e-02
7.803192925929368362e-02
7.775139277787825043e-02
7.747291460361137305e-02
7.719647645664753921e-02
7.692206024291710353e-02
7.664964805199138420e-02
7.638127286862786414e-02
7.611655146015805506e-02
7.585373815262880237e-02
7.559281612641863268e-02
7.533377278190227233e-02
7.507988006268011272e-02
7.482778442815929409e-02
7.457747018215477031e-02
7.432892178732113109e-02
7.408212386333651311e-02
7.383926670681106863e-02
7.360048717882881897e-02
7.336335247249252400e-02
7.312784857377738201e-02
7.289396160624730947e-02
7.266167782955808285e-02
7.243098363797603745e-02
7.220186555891684732e-02
7.197431025149943207e-02
7.174830450511969493e-02
7.152383523803881871e-02
7.130088949598982484e-02
7.107945445080095237e-02
7.085951739903327551e-02
7.064106576063738929e-02
7.042408707762377873e-02
7.020856901274954986e-02
6.999449934822102315e-02
6.978186598441075972e-02
6.957065693859071365e-02
6.936086034367959507e-02
6.915246444700480499e-02
6.894545760907916376e-02
6.873982830239214192e-02
6.853556511021474673e-02
6.833265672541828650e-02
6.813109194930756785e-02
6.793085969046720740e-02
6.773194896362096096e-02
6.753711964699199433e-02
6.734464792212008222e-02
6.715341716341256817e-02
6.696341725454658944e-02
6.677463817685992675e-02
6.658707000827208955e-02
6.640070292221972315e-02
6.621552718660521364e-02
6.603153316275874041e-02
6.584871130441247167e-02
6.566705215668974804e-02
6.548654635510400834e-02
6.530718462457280049e-02
6.512895777844267264e-02
6.495185671752652656e-02
6.477587242915330834e-02
6.460099598622830175e-02
6.442721854630677203e-02
6.425453135067739352e-02
6.408292572345800076e-02
6.391239307070176179e-02
6.374292487951496722e-02
6.357451271718532471e-02
6.340714823032003733e-02
6.324082314399631644e-02
6.307552926091995749e-02
6.291125846059603122e-02
6.274800269850847045e-02
6.258575400530955180e-02
6.242450448602018115e-02
6.226424631923889452e-02
6.210497175636013611e-02
6.194667312080289617e-02
6.178934280724782124e-02
6.163297328088349070e-02
6.147755707666234526e-02
6.132412599368276124e-02
6.117325288261002414e-02
6.102327071589287028e-02
6.087417282209459102e-02
6.072595258908615456e-02
6.057860346345029373e-02
6.043211894989083260e-02
6.028649261064952802e-02
6.014171806492844830e-02
5.999778898832021368e-02
5.985469911224299000e-02
5.971437225206448901e-02
5.957603610710221487e-02
5.943848355028710784e-02
5.930170889917778243e-02
5.916570652087124738e-02
5.903340219347680967e-02
5.890439987125863086e-02
5.877610490777484403e-02
5.864851234718078399e-02
5.852161727525715534e-02
5.839559747439214410e-02
5.827067057530994215e-02
5.814641662259761867e-02
5.802283100700960511e-02
5.789990915713070369e-02
5.777764653902411202e-02
5.765603865588152244e-02
5.753508104767763448e-02
5.741476929082774128e-02
5.729509899784963889e-02
5.717606581702789487e-02
5.705766543208305036e-02
5.693989356184239736e-02
5.682274595991641114e-02
5.670621841437602229e-02
5.659030674743537048e-02
5.647500681513642484e-02
5.636031450703771900e-02
5.624622574590491114e-02
5.613273648740695759e-02
5.601984271981244601e-02
5.590754046369111885e-02
5.579582577161779078e-02
5.568469472787931224e-02
5.557414344818370489e-02
5.546416807937384896e-02
5.535476479914317599e-02
5.524592981575349865e-02
5.513765936775710114e-02
5.502994972372102916e-02
5.492279718195331589e-02
5.481619807023380836e-02
5.471014874554615964e-02
5.460466985979031684e-02
5.450120136987322839e-02
5.439825230693785124e-02
5.429581936861069963e-02
5.419389927784322436e-02
5.409248878269000416e-02
5.399158465609003171e-02
5.389118369564842997e-02
5.379128272342102030e-02
5.369187858570164534e-02
5.359296815281051202e-02
5.349454831888492135e-02
5.339661600167232985e-02
5.329916814232488892e-02
5.320220170519607272e-02
5.310571367763950584e-02
5.300970106980940760e-02
5.291416091446316666e-02
5.281909026676538665e-02
5.272448620409477676e-02
5.263034582585143090e-02
5.253666625326702116e-02
5.244344462921658734e-02
5.235067811803199855e-02
5.225836390531674036e-02
5.216649919776391447e-02
5.207508122297336423e-02
5.198410722927391397e-02
5.189357448554415136e-02
5.180348028103676922e-02
5.171382192520410093e-02
5.162459674752477995e-02
5.153580209733323036e-02
5.144743534364933091e-02
5.135949387501068109e-02
5.127197509930627589e-02
5.118487644361116584e-02
5.109819535402353174e-02
5.101192929550275174e-02
5.092607575170870343e-02
5.084063222484389716e-02
5.075559623549508181e-02
5.067096532247802876e-02
5.058673704268306509e-02
5.050290897092198084e-02
5.041947869977674024e-02
5.033644383944922696e-02
5.025380201761216192e-02
5.017155087926306045e-02
5.008968808657652400e-02
5.000821131876076464e-02
4.992711827191435164e-02
4.984640665888406125e-02
4.976607420912402407e-02
4.968611866855694725e-02
4.960653779943571817e-02
4.952744817731069560e-02
4.944898960680782496e-02
4.937089437069557690e-02
4.929316033887437554e-02
4.921578539658180013e-02
4.913876744426322329e-02
4.906210439744303903e-02
4.898579418659875645e-02
4.890983475703390010e-02
4.883422406875398414e-02
4.875896009634280576e-02
4.868404082884043166e-02
4.860946426962178823e-02
4.853522843627652850e-02
4.846133136049058515e-02
4.838777108792852860e-02
4.831454567811643841e-02
4.824165320432634990e-02
4.816909175346248406e-02
4.809685942594740804e-02
4.802595513220725421e-02
4.795555485953937463e-02
4.788573898135042861e-02
4.781746706156189686e-02
4.774948036329223350e-02
4.768177743396617013e-02
4.761435683006173120e-02
4.754721711704251036e-02
4.748035686928950977e-02
4.741377467003418666e-02
4.734746911129234653e-02
4.728143879379751585e-02
4.721568232693663242e-02
4.715019832868447974e-02
4.708498542553996719e-02
4.702004225246234764e-02
4.695536745280860097e-02
4.689119820543059813e-02
4.682755364403509701e-02
4.676416986432378742e-02
4.670104556935116003e-02
4.663817947004313125e-02
4.657557028513974878e-02
4.651321674113743226e-02
4.645111757223138738e-02
4.638927152025971307e-02
4.632767733464697446e-02
4.626633377234857375e-02
4.620523959779591905e-02
4.614439358284160020e-02
4.608379450670505723e-02
4.602344115591918555e-02
4.596333232427706611e-02
4.590346681277943097e-02
4.584384342958180286e-02
4.578446098994280733e-02
4.572531831617362985e-02
4.566641423758602270e-02
4.560774759044202570e-02
4.554931721790450583e-02
4.549112196998687102e-02
4.543316070350374158e-02
4.537543228202293999e-02
4.531793557581651616e-02
4.526066946181273726e-02
4.520363282354894485e-02
4.514682455112415532e-02
4.509024354115215988e-02
4.503388869671558908e-02
4.497775892731965819e-02
4.492185314884665492e-02
4.486617028351073261e-02
4.481070925981330000e-02
4.475546901249827236e-02
4.470044848250830788e-02
4.464564661694104403e-02
4.459106236900581277e-02
4.453669469798053615e-02
4.448254256916937127e-02
4.442860495386041775e-02
4.437488082928365413e-02
4.432136917856952657e-02
4.426806899070801632e-02
4.421735391566439938e-02
4.416706977841120679e-02
4.411696850691190774e-02
4.406704932699710697e-02
4.401731146838550740e-02
4.396775416465962399e-02
4.391837665324166418e-02
4.386944992373677937e-02
4.382095170619299679e-02
4.377262845352263704e-02
4.372447942738826032e-02
4.367650389318854243e-02
4.362870112003381512e-02
4.358107038072285555e-02
4.353361095171871809e-02
4.348632211312610657e-02
4.343920314866795557e-02
4.339225334566229608e-02
4.334547199500014825e-02
4.329885839112230378e-02
4.325241183199739214e-02
4.320613161909984956e-02
4.316001705738729127e-02
4.311406745527927853e-02
4.306828212463566230e-02
4.302266038073473270e-02
4.297720154225248557e-02
4.293190493124064699e-02
4.288676987310730687e-02
4.284179569659404135e-02
4.279698173375732356e-02
4.275232731994648566e-02
4.270783179378477568e-02
4.266349449714811060e-02
4.261931477514611238e-02
4.257529197610145782e-02
4.253142545153088677e-02
4.248771455612539161e-02
4.244415864773069119e-02
4.240075708732886361e-02
4.235750923901852871e-02
4.231441446999618244e-02
4.227147215053763535e-02
4.222868165397944407e-02
4.218604235670023878e-02
4.214355363810246002e-02
4.210121488059452577e-02
4.205902546957236005e-02
4.201698479340213593e-02
4.197509224340198464e-02
4.193334721382454416e-02
4.189174910183963985e-02
4.185029730751673588e-02
4.180899123380802523e-02
4.176783028653140162e-02
4.172681387435289019e-02
4.168594140877072279e-02
4.164521230409801156e-02
4.160462597744640084e-02
4.156418184870996901e-02
4.152387934054822122e-02
