5.382079582659742734e+00
9.676596702529053351e-01
6.729350783964552773e-01
6.426899717276235435e-01
6.242267617329985141e-01
6.079908174957523448e-01
5.927370756796227491e-01
5.782419684742936550e-01
5.646666488477867230e-01
5.527126513059724688e-01
5.414070815650852131e-01
5.306622019571834992e-01
5.209330534364218224e-01
5.120262414222563896e-01
5.037161560618340639e-01
4.957418718338615915e-01
4.880283622299940172e-01
4.805645055709737434e-01
4.738699776651212336e-01
4.673803254560833231e-01
4.610617358508669050e-01
4.549090139453866866e-01
4.489170697243374253e-01
4.430809229449246267e-01
4.374293690819225366e-01
4.320542143514846112e-01
4.268067000519892851e-01
4.217070315007844239e-01
4.172293667281207208e-01
4.128499655095230758e-01
4.085547934274278425e-01
4.043422922413911214e-01
4.002108659777257604e-01
3.961588911127604806e-01
3.921847255378788644e-01
3.882867164256027515e-01
3.844632071071400481e-01
3.807125430628839347e-01
3.770330771186208851e-01
3.734231739318412124e-01
3.698812138446729292e-01
3.664055961726316313e-01
3.629947419915945384e-01
3.596470964791996239e-01
3.564178619426596195e-01
3.532577415363441498e-01
3.501536135476235323e-01
3.471040848292216707e-01
3.441077958944463999e-01
3.411634209951476260e-01
3.382696680636931852e-01
3.354252785377483947e-01
3.326290270845472241e-01
3.298797212394589118e-01
3.271762009719695330e-01
3.245173381906860666e-01
3.219020361976218658e-01
3.193292291008202333e-01
3.167978811932847805e-01
3.143069863052415092e-01
3.118555671358768100e-01
3.094426745699562220e-01
3.070673869840250814e-01
3.047288098218587926e-01
3.024262557844278332e-01
3.001586923634786408e-01
2.979253012294965086e-01
2.957313169371588724e-01
2.936397701449653952e-01
2.915846598276569113e-01
2.895583295778692556e-01
2.875601424605067069e-01
2.855894800273939826e-01
2.836457417509805623e-01
2.817283444718849950e-01
2.798367218603747819e-01
2.779703238918180275e-01
2.761286163360989754e-01
2.743812706856923467e-01
2.726833129591306748e-01
2.710049129046536165e-01
2.693457334802113468e-01
2.677094174534708215e-01
2.661497614791228372e-01
2.646070498082148115e-01
2.630809942525369483e-01
2.615713140177360896e-01
2.600777354601086500e-01
2.585999918522473018e-01
2.571378231572124529e-01
2.556909758109155995e-01
2.542592025124061905e-01
2.528422620217707362e-01
2.514399189653633848e-01
2.500519436480903579e-01
2.486781118724920303e-01
2.473182047643651404e-01
2.459720086046842114e-01
2.446393146675859831e-01
2.433199190641898435e-01
2.420136225920389572e-01
2.407202305899492079e-01
2.394395527980642813e-01
2.382074309382428978e-01
2.369945956275430754e-01
2.357929656250249140e-01
2.346023947727383652e-01
2.334227397570440565e-01
2.322538600269428710e-01
2.310956177155469859e-01
2.299478775645422413e-01
2.288105068515004226e-01
2.276833753199124788e-01
2.265663551118136942e-01
2.254593207028849078e-01
2.243621488399164254e-01
2.232747184805307372e-01
2.221969107350627304e-01
2.211286088105016145e-01
2.200696979564069899e-01
2.190200654127109903e-01
2.179796003593292286e-01
2.169481938674982235e-01
2.159257388527724142e-01
2.149121300296063797e-01
2.139072638674590632e-01
2.129110385483564127e-01
2.119233539258519317e-01
2.109505739325698570e-01
2.100251228493426603e-01
2.091069292895278431e-01
2.081959206785932159e-01
2.072920253796262935e-01
2.063951726767989658e-01
2.055052927592598833e-01
2.046223167054395942e-01
2.037461764677505061e-01
2.028768048576710947e-01
2.020141355311960707e-01
2.011581029746431770e-01
2.003086424908024354e-01
1.994656901854137132e-01
1.986291829539667264e-01
1.977990584688058551e-01
1.969752551665352458e-01
1.961674728698006853e-01
1.953883442898404488e-01
1.946149514476338271e-01
1.938472393697136253e-01
1.930851537898792547e-01
1.923286411362222226e-01
1.915776485185069211e-01
1.908321237158912831e-01
1.900920151649780065e-01
1.893572719481774747e-01
1.886278437823770693e-01
1.879036810079006137e-01
1.871847345777504501e-01
1.864709560471180527e-01
1.857622975631574858e-01
1.850587118550110488e-01
1.843601522240747304e-01
1.836665725345008326e-01
1.829779272039252502e-01
1.822941711944138232e-01
1.816152600036189946e-01
1.809411496561409705e-01
1.802717966950862505e-01
1.796071581738156731e-01
1.789471916478803382e-01
1.782918551671314189e-01
1.776411072680075531e-01
1.769949069659878249e-01
1.763532137482075324e-01
1.757159875662319404e-01
1.750831888289821614e-01
1.744547783958106113e-01
1.738307175697196005e-01
1.732109680907192029e-01
1.725954921293221256e-01
1.719954492364894894e-01
1.714017694058167229e-01
1.708120657353059124e-01
1.702263034582014167e-01
1.696444482191805381e-01
1.690664660675250952e-01
1.684923234504527578e-01
1.679219872066024799e-01
1.673554245596696466e-01
1.667964179018434911e-01
1.662480522951942929e-01
1.657031505815040329e-01
1.651616848394690251e-01
1.646236274472414884e-01
1.640889510779726945e-01
1.635576286954493752e-01
1.630296335498196414e-01
1.625049391734059989e-01
1.619835193766033521e-01
1.614653482438600240e-01
1.609504001297383802e-01
1.604386496550540553e-01
1.599300717030916752e-01
1.594246414158933811e-01
1.589223341906208509e-01
1.584231256759863204e-01
1.579269917687535774e-01
1.574339086103039576e-01
1.569438525832681786e-01
1.564568003082209002e-01
1.559727286404387625e-01
1.554916146667155996e-01
1.550134357022391329e-01
1.545418488406870849e-01
1.540732498773305648e-01
1.536074708082111051e-01
1.531444903316555584e-01
1.526842873537226086e-01
1.522268409855115079e-01
1.517721305405179966e-01
1.513201355320355213e-01
1.508708356706004727e-01
1.504242108614813889e-01
1.499802412022114839e-01
1.495389069801610904e-01
1.491001886701528167e-01
1.486640669321141195e-01
1.482305226087703154e-01
1.477995367233757851e-01
1.473733467811654263e-01
1.469527163980403894e-01
1.465345580153435967e-01
1.461188529300552208e-01
1.457055826248626063e-01
1.452947287657788689e-01
1.448862731997963560e-01
1.444801979525807134e-01
1.440764852261982032e-01
1.436751173968796869e-01
1.432760770128211902e-01
1.428793467920171922e-01
1.424849096201274978e-01
1.420927485483786668e-01
1.417028467914966949e-01
1.413151877256716704e-01
1.409300585747267076e-01
1.405494411468568572e-01
1.401709500577827949e-01
1.397945707239115487e-01
1.394227854697048519e-01
1.390663991543809319e-01
1.387118580452082472e-01
1.383591507377786856e-01
1.380082659115483834e-01
1.376591923291343444e-01
1.373119188356138609e-01
1.369664343578324839e-01
1.366227279037179054e-01
1.362807885615975045e-01
1.359406054995255519e-01
1.356021679646141620e-01
1.352654652823702397e-01
1.349304868560385062e-01
1.345972221659506030e-01
1.342656607688797188e-01
1.339357922974006021e-01
1.336076064592560397e-01
1.332810930367273050e-01
1.329562418860119610e-01
1.326330429366057162e-01
1.323114861906905804e-01
1.319933501221115801e-01
1.316803809670227532e-01
1.313689534794727498e-01
1.310590585333398783e-01
1.307506870715259562e-01
1.304438301052500415e-01
1.301384787133508525e-01
1.298346240415999275e-01
1.295322573020224188e-01
1.292313697722283494e-01
1.289319527947523358e-01
1.286339977764023867e-01
1.283374961876169729e-01
1.280424395618307842e-01
1.277488194948496469e-01
1.274566276442324897e-01
1.271658557286820257e-01
1.268764955274435946e-01
1.265885388797117206e-01
1.263019776840441921e-01
1.260168038977837468e-01
1.257454468807938375e-01
1.254787440014449029e-01
1.252133126190289603e-01
1.249491454285806408e-01
1.246862351784763651e-01
1.244245746699118998e-01
1.241641567563865206e-01
1.239049743431955009e-01
1.236470203869266815e-01
1.233902878949648257e-01
1.231347699250023714e-01
1.228804595845553738e-01
1.226286167567689073e-01
1.223806541504640771e-01
1.221338289967132951e-01
1.218881351966046023e-01
1.216435666909311958e-01
1.214001174598523525e-01
1.211577815225577670e-01
1.209165529369359560e-01
1.206764257992463535e-01
1.204373942437947098e-01
1.201994524426137217e-01
1.199625946051451064e-01
1.197268149779278368e-01
1.194921078442874873e-01
1.192584675240311448e-01
1.190258883731440398e-01
1.187943647834912297e-01
1.185638911825214054e-01
1.183344620329742219e-01
1.181060718325920578e-01
1.178787151138329381e-01
1.176523864435885941e-01
1.174270804229047421e-01
1.172027916867037639e-01
1.169795149035126047e-01
1.167572447751908521e-01
1.165359760366639491e-01
1.163157034556587810e-01
1.160964218324413155e-01
1.158781259995578100e-01
1.156608108215794600e-01
1.154444711948478808e-01
1.152291020472253069e-01
1.150146983378463467e-01
1.148012550568724838e-01
1.145887672252498685e-01
1.143772298944687460e-01
1.141666381463258134e-01
1.139569870926894352e-01
1.137482718752671623e-01
1.135404876653744177e-01
1.133336296637083851e-01
1.131276931001210656e-01
1.129226732333971778e-01
1.127185653510326402e-01
1.125153647690164266e-01
1.123130668316146552e-01
1.121116669111555941e-01
1.119111604078180944e-01
1.117115427494227847e-01
1.115128093912228641e-01
1.113149558156997510e-01
1.111179775323593716e-01
1.109218700775301963e-01
1.107266290141646348e-01
1.105322499316412771e-01
1.103387284455689121e-01
1.101460601975942921e-01
1.099542408552088707e-01
1.097632661115604397e-01
1.095731316852647796e-01
1.093838333202191287e-01
1.091953667854190513e-01
1.090077278747747236e-01
1.088209124069313138e-01
1.086349162250897921e-01
1.084497351968287532e-01
1.082653652139308892e-01
1.080818021922072963e-01
1.078990420713258763e-01
1.077170808146413750e-01
1.075372910945467664e-01
1.073626931700823323e-01
1.071888150179631793e-01
1.070156533378140984e-01
1.068432048460008638e-01
1.066714662755299803e-01
1.065004343759514832e-01
1.063301059132605308e-01
1.061604776698015229e-01
1.059915464441714694e-01
1.058233090511252888e-01
1.056557623214813141e-01
1.054889031020273260e-01
1.053227282554281830e-01
1.051572346601331448e-01
1.049924192102847514e-01
1.048282788156269796e-01
1.046648104014171188e-01
1.045020109083345944e-01
1.043398772923933432e-01
1.041784065248529539e-01
1.040175955921320700e-01
1.038574414957212505e-01
1.036979412520970395e-01
1.035390918926364229e-01
1.033808904635322989e-01
1.032233340257094067e-01
1.030664196547400602e-01
1.029101444407626020e-01
1.027545054883976378e-01
1.025994999166672389e-01
1.024451248589140495e-01
1.022913774627194905e-01
1.021382548898255999e-01
1.019857543160543889e-01
1.018338729312291413e-01
1.016826079390973220e-01
1.015319565572510990e-01
1.013819160170522649e-01
1.012324835635538267e-01
1.010836564554253164e-01
1.009354319648764070e-01
1.007878073775824584e-01
1.006407799926101604e-01
1.004943471223428281e-01
1.003485060924080297e-01
1.002032542416039507e-01
1.000585889218268965e-01
9.991450749800051545e-02
9.977100734800260773e-02
9.962808586259591648e-02
9.948574044535601901e-02
9.934396851260275663e-02
9.920276749333022115e-02
9.906213482913735213e-02
9.892206797415963038e-02
9.878256439500113228e-02
9.864362157066658421e-02
9.850523699249448539e-02
9.836740816408938437e-02
9.823013260125711132e-02
9.809340783193735980e-02
9.795723139613891906e-02
9.782160084587507298e-02
9.768651374509766672e-02
9.755196766963403210e-02
9.741796020712310822e-02
9.728448895695120113e-02
9.715155153019007506e-02
9.701914554953371128e-02
9.688726864923630222e-02
9.675591847505056464e-02
9.662509268416637209e-02
9.649478894514976202e-02
9.636500493788195676e-02
9.623573835349960581e-02
9.610698689433502806e-02
9.597874827385609320e-02
9.585102021660790728e-02
9.572380045815324923e-02
9.559708674501517234e-02
9.547087683461834284e-02
9.534516849523158588e-02
9.521995950591047309e-02
9.509524765644034039e-02
9.497103074728038830e-02
9.484730658950654703e-02
9.472407300475613190e-02
9.460132782517184646e-02
9.447906889334765912e-02
9.435729406227207072e-02
9.423600119527540675e-02
9.411518816597459758e-02
9.399485285821967961e-02
9.387499316604001887e-02
9.375560699359125616e-02
9.363669225510197480e-02
9.351824687482214460e-02
9.340026878696942869e-02
9.328275593567837698e-02
9.316570627494816237e-02
9.304911776859138561e-02
9.293298839018267199e-02
9.281731612300893330e-02
9.270209896001802008e-02
9.258733490376862274e-02
9.247302196638074179e-02
9.235915816948592205e-02
9.224574154417812533e-02
9.213277013096482504e-02
9.202024197971796216e-02
9.190815514962551169e-02
9.179650770914431213e-02
9.168529773595091026e-02
9.157452331689458491e-02
9.146418254795019021e-02
9.135427353417099883e-02
9.124479438964185063e-02
9.113574323743271755e-02
9.102711820955260158e-02
9.091891744690333566e-02
9.081113909923427263e-02
9.070378132509678004e-02
9.059684229179838788e-02
9.049032017535939276e-02
9.038421316046621468e-02
9.027851944042869503e-02
9.017323721713535467e-02
9.006836470100906822e-02
8.996390011096408457e-02
8.985984167436253389e-02
8.975648852532269739e-02
8.965377069620734940e-02
8.955165404008411101e-02
8.944993367427606090e-02
8.934860785133599825e-02
8.924767483249709810e-02
8.914713288762338150e-02
8.904698029516040780e-02
8.894721534208793745e-02
8.884783632387026342e-02
8.874884154440988715e-02
8.865022931599939038e-02
8.855199795927373718e-02
8.845414580316421360e-02
8.835667118485203420e-02
8.825957244972129634e-02
8.816284795131339169e-02
8.806649605128201441e-02
8.797051511934679546e-02
8.787490353324932391e-02
8.777965967870798858e-02
8.768478194937313897e-02
8.759026874678381425e-02
8.749611848032373684e-02
8.740232956717729207e-02
8.730890043228653474e-02
8.721582950830868153e-02
8.712311523557283999e-02
8.703075606203783399e-02
8.693875044325025114e-02
8.684709684230217108e-02
8.675579372979026760e-02
8.666483958377359242e-02
8.657423288973356557e-02
8.648397214053255011e-02
8.639405583637324582e-02
8.630448248475930395e-02
8.621525060045413802e-02
8.612635870544189942e-02
8.603780532888824495e-02
8.594958900710059080e-02
8.586170828348908823e-02
8.577416170852858457e-02
8.568694783971923801e-02
8.560006524154908925e-02
8.551351248545548123e-02
8.542728814978789442e-02
8.534139081976969965e-02
8.525581908746129867e-02
8.517057155172352845e-02
8.508564681817969155e-02
8.500104349918037594e-02
8.491676021376581840e-02
8.483279558763059947e-02
8.474914825308740851e-02
8.466617585179993244e-02
8.458365461822921205e-02
8.450144271499478166e-02
8.441953882529665276e-02
8.433794163863532478e-02
8.425664985077768732e-02
8.417566216372454613e-02
8.409497728567576214e-02
8.401459393099768025e-02
8.393532513347071178e-02
8.385666176737148481e-02
8.377829045193138646e-02
8.370020993416804611e-02
8.362241896729891155e-02
8.354491631070477820e-02
8.346770072989503908e-02
8.339077099647272673e-02
8.331412588809951336e-02
8.323776418846122460e-02
8.316168468723386664e-02
8.308588618004919546e-02
8.301036746846049419e-02
8.293512735991040441e-02
8.286016466769577371e-02
8.278547821093597270e-02
8.271106681453867238e-02
8.263692930916820278e-02
8.256306453121245448e-02
8.248947132275043226e-02
8.241614853152121056e-02
8.234309501089034922e-02
8.227079176498042212e-02
8.219892556665796268e-02
8.212731806132715640e-02
8.205596819131405484e-02
8.198487490380672316e-02
8.191403715082971881e-02
8.184345388921937525e-02
8.177312408059866922e-02
