7.458562627669553802e-01
7.756009341278331526e-01
7.457840554031903713e-01
7.228688104732605701e-01
7.025508681102961006e-01
6.840375341314880453e-01
6.674433129563978051e-01
6.530507011077365531e-01
6.403073936203707017e-01
6.293274954530702070e-01
6.200089927715725091e-01
6.117928740263547382e-01
6.040501377387241799e-01
5.966245361975920369e-01
5.897385413529552256e-01
5.834894747468795106e-01
5.775858725359290791e-01
5.718411189585177468e-01
5.662505405635781530e-01
5.607963762938521501e-01
5.554690008957312575e-01
5.502602858844490852e-01
5.451629853927483227e-01
5.401706250296457457e-01
5.352774059952821739e-01
5.304781220096740357e-01
5.257680871251542154e-01
5.211430728595222162e-01
5.165992533591872160e-01
5.121331575100350753e-01
5.077416270779893104e-01
5.034217800939106979e-01
4.991709788068093290e-01
4.949868016208844312e-01
4.908670185094612393e-01
4.868095694651699001e-01
4.828125456027414497e-01
4.788741725800527704e-01
4.749927960457793197e-01
4.711668688591247878e-01
4.673949398593998383e-01
4.636756439913783390e-01
4.600076936168941422e-01
4.563898708645675040e-01
4.528210208882362253e-01
4.493000459209935959e-01
4.458259000259811589e-01
4.423975844575402938e-01
4.390141435571937589e-01
4.356746611184288964e-01
4.323782571625552906e-01
4.291240850751535385e-01
4.259551222350019817e-01
4.228487143071226195e-01
4.197799879026786196e-01
4.167482917943322041e-01
4.137529927393235885e-01
4.107934744945032079e-01
4.078691369237086306e-01
4.049793951867648456e-01
4.021698730224081419e-01
3.994820285395793702e-01
3.968244741263928232e-01
3.941967423651245306e-01
3.915983758468372100e-01
3.890289268130245337e-01
3.864879568214713013e-01
3.839750364338717636e-01
3.814897449230348347e-01
3.790316699977698822e-01
3.766004075437578424e-01
3.741955613789166302e-01
3.718167430219398439e-01
3.694635714728344844e-01
3.671356730044184058e-01
3.648326809638557933e-01
3.625542355834064923e-01
3.602999837996584409e-01
3.580695790805871193e-01
3.558626812598608136e-01
3.536789563778646173e-01
3.515180765289766529e-01
3.493797197146704114e-01
3.472635697020663992e-01
3.451693158875864254e-01
3.430966531654002227e-01
3.410452818003826270e-01
3.390149073053250195e-01
3.370052403221650006e-01
3.350159965070244050e-01
3.330468964188557646e-01
3.310976654115207474e-01
3.291680335291333193e-01
3.272577354045165254e-01
3.253665101606290078e-01
3.234941013148346922e-01
3.216440604039503270e-01
3.198489141538756741e-01
3.180711516936878258e-01
3.163105429507103716e-01
3.145668616788444560e-01
3.128398853784706279e-01
3.111293952185853473e-01
3.094351759610818320e-01
3.077570158870862604e-01
3.061052348127671907e-01
3.045107656070373259e-01
3.029311645177592549e-01
3.013662321180455295e-01
2.998157724580511330e-01
2.982795929888006903e-01
2.967575044881080037e-01
2.952493209885181380e-01
2.937548597071966139e-01
2.922927652066951154e-01
2.908699893030879391e-01
2.894730625658610279e-01
2.881284317982140686e-01
2.867954409069030097e-01
2.854739457637154310e-01
2.841638044303511634e-01
2.828648771201214829e-01
2.815770261604234048e-01
2.803001159559703193e-01
2.790413885507760372e-01
2.778424839601968954e-01
2.766533396767323350e-01
2.754738390187352337e-01
2.743038670215313113e-01
2.731433104091720021e-01
2.719920575666863183e-01
2.708499985128243193e-01
2.697170248732821407e-01
2.685930298543975359e-01
2.674779082173107669e-01
2.663715562525786895e-01
2.652738717552343695e-01
2.641995472831148439e-01
2.631448342966168918e-01
2.620981811520303184e-01
2.610594939658267277e-01
2.600286802421861720e-01
2.590056488498188592e-01
2.579903099992005289e-01
2.569825752202120617e-01
2.559823573401794339e-01
2.549895704623021397e-01
2.540041299444668055e-01
2.530259523784365583e-01
2.520549555694104882e-01
2.510972860897131009e-01
2.501634122560162377e-01
2.492362666283468586e-01
2.483157720149171133e-01
2.474018523720410700e-01
2.464944327850386585e-01
2.455934394494674877e-01
2.446987996526772680e-01
2.438104417556814507e-01
2.429282951753396202e-01
2.420522903668474723e-01
2.411823588065279134e-01
2.403184329749181447e-01
2.394604463401487915e-01
2.386351888248172126e-01
2.378258314636935433e-01
2.370215413786103675e-01
2.362222674613738971e-01
2.354279593137352800e-01
2.346565558755296099e-01
2.339086551306065465e-01
2.331757644613678959e-01
2.324468052706602783e-01
2.317217444436837359e-01
2.310005492731236898e-01
2.302831874527451195e-01
2.295696270711061471e-01
2.288598366053848643e-01
2.281537849153219000e-01
2.274514412372712069e-01
2.267527751783618706e-01
2.260577567107641406e-01
2.253663561660607106e-01
2.246785442297191127e-01
2.239942919356644468e-01
2.233187139504586582e-01
2.226589047962194423e-01
2.220083341506829677e-01
2.213608961053683266e-01
2.207165690109597067e-01
2.200753314225696589e-01
2.194371620975199833e-01
2.188020399931394910e-01
2.181699442645806120e-01
2.175408542626554587e-01
2.169147495316890162e-01
2.162916098073923432e-01
2.156714150147547304e-01
2.150541452659551211e-01
2.144397808582926279e-01
2.138283022721370330e-01
2.132196901688984403e-01
2.126139253890170500e-01
2.120109889499719180e-01
2.114108620443105879e-01
2.108135260376971798e-01
2.102189624669815737e-01
2.096271530382877724e-01
2.090380796251221640e-01
2.084517242665014647e-01
2.078680691651009493e-01
2.072870966854216956e-01
2.067087893519782005e-01
2.061331298475051477e-01
2.055601010111844373e-01
2.049896858368904506e-01
2.044218674714565198e-01
2.038566292129591340e-01
2.032939545090216571e-01
2.027338269551390848e-01
2.021762302930185939e-01
2.016211484089419914e-01
2.010685653321452049e-01
2.005184652332172301e-01
1.999755661416154073e-01
1.994374499333069761e-01
1.989016469630220385e-01
1.983681435555783579e-01
1.978369261456925099e-01
1.973079812769467090e-01
1.967812956007634617e-01
1.962568558753854664e-01
1.957346489648638943e-01
1.952336971729103365e-01
1.947393903516081159e-01
1.942469704362701222e-01
1.937564284228779077e-01
1.932677553627216716e-01
1.927928495591049174e-01
1.923248524858069408e-01
1.918584126008673618e-01
1.913935255005100866e-01
1.909301867693673493e-01
1.904683919810474524e-01
1.900081366986906273e-01
1.895494164755119337e-01
1.890922268553336394e-01
1.886365633731041380e-01
1.881824215554081803e-01
1.877297969209635597e-01
1.872786849811086951e-01
1.868290812402785273e-01
1.863809811964713958e-01
1.859343803417044250e-01
1.854892741624602770e-01
1.850456581401232481e-01
1.846035277514067596e-01
1.841711227299261955e-01
1.837401799730230822e-01
1.833106803474979229e-01
1.828826192368647185e-01
1.824559920231758336e-01
1.820307940874414387e-01
1.816070208100391548e-01
1.811846675711119015e-01
1.807637297509574192e-01
1.803442027304053563e-01
1.799298429298500923e-01
1.795274140740409363e-01
1.791262987717250899e-01
1.787264926789891295e-01
1.783279914547064027e-01
1.779307907608621286e-01
1.775348862628683133e-01
1.771402736298711700e-01
1.767469485350480762e-01
1.763549066558973144e-01
1.759641436745182641e-01
1.755825926402824477e-01
1.752203463977774489e-01
1.748620720934888073e-01
1.745100255884800000e-01
1.741589650621732654e-01
1.738088883530946038e-01
1.734597932868058301e-01
1.731183891839505329e-01
1.727980055308162288e-01
1.724784599812578534e-01
1.721597511030258931e-01
1.718418774476971889e-01
1.715248375510901035e-01
1.712086299336718909e-01
1.708932531009579037e-01
1.705787055439043909e-01
1.702649857392926902e-01
1.699520921501072312e-01
1.696400232259054341e-01
1.693287774031814741e-01
1.690183531057226074e-01
1.687087487449589751e-01
1.683999627203069949e-01
1.680919934195058141e-01
1.677848392189478510e-01
1.674793886444122248e-01
1.671765581960180935e-01
1.668745443124479144e-01
1.665733448445351483e-01
1.662729576430082012e-01
1.659733805586233735e-01
1.656746114422940341e-01
1.653766481452173809e-01
1.650794885189985906e-01
1.647892169850488087e-01
1.645043192131998566e-01
1.642201153654936352e-01
1.639366042537755142e-01
1.636537846813779229e-01
1.633716554433218837e-01
1.630902153265148813e-01
1.628094631099459566e-01
1.625293975648770817e-01
1.622500174550330077e-01
1.619713215367866721e-01
1.616933085593417752e-01
1.614159772649140512e-01
1.611393263889077110e-01
1.608633546600903019e-01
1.605880608007645149e-01
1.603134435269371050e-01
1.600395015484849803e-01
1.597662335693197100e-01
1.594936382875480618e-01
1.592217143956304315e-01
1.589504605805373560e-01
1.586798755239027525e-01
1.584099579021751580e-01
1.581407063867660556e-01
1.578721196441965346e-01
1.576041963362409815e-01
1.573369351200688826e-01
1.570703346483837970e-01
1.568043935695608848e-01
1.565391105277812167e-01
1.562744841631650838e-01
1.560105131119018940e-01
1.557471960063790128e-01
1.554845314753077745e-01
1.552225181438481594e-01
1.549611546337303913e-01
1.547010423481458841e-01
1.544504458924755297e-01
1.542004981963990551e-01
1.539511282925469793e-01
1.537023353167679129e-01
1.534541183973573419e-01
1.532064766552150015e-01
1.529594092039992803e-01
1.527129151502796822e-01
1.524669935936870113e-01
1.522216436270615036e-01
1.519768643365981275e-01
1.517326548019907184e-01
1.514890140965730880e-01
1.512459412874582465e-01
1.510034354356759589e-01
1.507614955963079983e-01
1.505201208186210671e-01
1.502793101461982472e-01
1.500390626170683139e-01
1.497993772638330778e-01
1.495602531137925906e-01
1.493216891890691012e-01
1.490836845067286809e-01
1.488462380789007389e-01
1.486093489128969269e-01
1.483730160113268248e-01
1.481372383722127928e-01
1.479020149891029090e-01
1.476673448511821862e-01
1.474332269433820397e-01
1.471996602464882564e-01
1.469666437372472712e-01
1.467341763884707773e-01
1.465022571691386999e-01
1.462708850445011699e-01
1.460400589761784440e-01
1.458097779222587431e-01
1.455800408373962573e-01
1.453508466729061255e-01
1.451221943768588318e-01
1.448940828941727155e-01
1.446665111667053694e-01
1.444394781333435962e-01
1.442129827300918099e-01
1.439870238901593547e-01
1.437616005440467137e-01
1.435367116196293313e-01
1.433123560422416287e-01
1.430885327347587721e-01
1.428652406176772194e-01
1.426424786091949060e-01
1.424202456252889881e-01
1.421985405797931701e-01
1.419773623844736710e-01
1.417567099491042482e-01
1.415365821815394443e-01
1.413169779877873622e-01
1.410978962720812191e-01
1.408793359369493181e-01
1.406612958832846316e-01
1.404437750104125804e-01
1.402267722161585906e-01
1.400102863969138467e-01
1.397943164477004896e-01
1.395788612622357872e-01
1.393639197329948620e-01
1.391494907512732249e-01
1.389355732072473371e-01
1.387221659900357007e-01
1.385092679877567567e-01
1.382968780875885872e-01
1.380921262885216605e-01
1.378879624390563774e-01
1.376842570218433648e-01
1.374810091794989309e-01
1.372782180523345885e-01
1.370758827784228917e-01
1.368740024936619948e-01
1.366725763318397957e-01
1.364716034246961640e-01
1.362710829019856129e-01
1.360710138915382506e-01
1.358713955193197043e-01
1.356722269094907396e-01
1.354735071844658800e-01
1.352752354649707778e-01
1.350774108700994180e-01
1.348800325173697412e-01
1.346830995227792371e-01
1.344866110008590132e-01
1.342905660647278621e-01
1.340949638261447474e-01
1.338998033955610956e-01
1.337050838821718934e-01
1.335108043939666755e-01
1.333169640377790677e-01
1.331235619193358866e-01
1.329305971433058786e-01
1.327380688133468212e-01
1.325459760321534841e-01
1.323543179015027604e-01
1.321630935223003789e-01
1.319723019946252296e-01
1.317819424177737730e-01
1.315920138903038106e-01
1.314025155100774223e-01
1.312134463743034052e-01
1.310248055795789068e-01
1.308365922219305311e-01
1.306488053968551388e-01
1.304614441993594554e-01
1.302745077239991778e-01
1.300879950649184436e-01
1.299019053158871062e-01
1.297162375703390103e-01
1.295309909214086563e-01
1.293461644619676998e-01
1.291617572846607553e-01
1.289777684819410075e-01
1.287941971461049884e-01
1.286110423693264670e-01
1.284283032436909777e-01
1.282459788612282936e-01
1.280640683139457614e-01
1.278825706938602758e-01
1.277014850930301426e-01
1.275208106035863875e-01
1.273405463177633146e-01
1.271606913279291207e-01
1.269812447266156497e-01
1.268022056065475356e-01
1.266235730606716792e-01
1.264453461821851699e-01
1.262675240645637353e-01
1.260901058015889420e-01
1.259130904873757839e-01
1.257364772163991617e-01
1.255602650835201950e-01
1.253844531840123122e-01
1.252090406135866196e-01
1.250340264684167424e-01
1.248594098451643319e-01
1.246851898410022697e-01
1.245113655536393277e-01
1.243379360813435114e-01
1.241649005229651798e-01
1.239922579779595552e-01
1.238200075464096772e-01
1.236481483290481631e-01
1.234766794272785517e-01
1.233055999431972305e-01
1.231349089796139884e-01
1.229646056400728327e-01
1.227946890288723891e-01
1.226251582510853727e-01
1.224560124125788768e-01
1.222872506200331083e-01
1.221188719809607331e-01
1.219508756037253200e-01
1.217832605975597976e-01
1.216160260725845099e-01
1.214491711398246604e-01
1.212826949112283670e-01
1.211165964996829131e-01
1.209508750190324416e-01
1.207855295840937621e-01
1.206205593106733365e-01
1.204559633155825454e-01
1.202917407166540359e-01
1.201278906327564733e-01
1.199644121838102789e-01
1.198013044908022157e-01
1.196385666758001398e-01
1.194761978619672815e-01
1.193141971735762197e-01
1.191525637360230511e-01
1.189912966758406715e-01
1.188303951207124176e-01
1.186698581994850149e-01
1.185096850421813175e-01
1.183498747800131451e-01
1.181904265453937730e-01
1.180313394719498254e-01
1.178730536346112856e-01
1.177163932637726451e-01
1.175600882701070410e-01
1.174041377565550742e-01
1.172485408279048402e-01
1.170932965907963974e-01
1.169384041537263191e-01
1.167838626270527452e-01
1.166296711229992400e-01
1.164758287556589833e-01
1.163226455543000110e-01
1.161756731882038207e-01
1.160290264355100659e-01
1.158827045029547781e-01
1.157367065986657645e-01
1.155910319321689778e-01
1.154456797143960517e-01
1.153030251863057937e-01
1.151616211964860137e-01
1.150205287931271164e-01
1.148797472118863044e-01
1.147392756898711896e-01
1.145991134656451499e-01
1.144592597792323529e-01
1.143197138721224748e-01
1.141804749872757652e-01
1.140415423691273911e-01
1.139029152635921693e-01
1.137645929180687854e-01
1.136265745814440953e-01
1.134888595040972059e-01
1.133514469379036105e-01
1.132143361362389772e-01
1.130775263539828546e-01
1.129410168475223908e-01
1.128048068747557198e-01
1.126688956950958193e-01
1.125332825694731337e-01
1.123979667603392796e-01
1.122629475316699044e-01
1.121282241489679893e-01
1.119937958792660143e-01
1.118596619911294138e-01
1.117258217546590882e-01
1.115922744414934581e-01
1.114590193248116978e-01
1.113260556793356920e-01
1.111933827813321868e-01
1.110609999086152044e-01
1.109289063405479586e-01
1.107971013580448805e-01
1.106655842435739501e-01
1.105343542811573626e-01
1.104034107563744566e-01
1.102727529563628239e-01
1.101423801698198923e-01
1.100122916870041601e-01
1.098824867997370974e-01
1.097529648014039516e-01
1.096237249869553149e-01
1.094947666529076935e-01
1.093660890973456451e-01
1.092376916199214870e-01
1.091095735218571006e-01
1.089817341059443889e-01
1.088541726765460127e-01
1.087268885395963891e-01
