5.361276421247336721e+00
1.651818639397715893e+00
9.970365077519410812e-01
8.902788440169223660e-01
8.579794717180068142e-01
8.385287280371062080e-01
8.209923063038928603e-01
8.038838501844757234e-01
7.873725314823344368e-01
7.718011042794303833e-01
7.569519545299984165e-01
7.432872541080808304e-01
7.302887290162586309e-01
7.177451962096910165e-01
7.056347253803967323e-01
6.939366643858061456e-01
6.826315954011472620e-01
6.717012502193590029e-01
6.611284230841777410e-01
6.508968902414428159e-01
6.409913375634649357e-01
6.313972956537716730e-01
6.222333192411148017e-01
6.134891357521092825e-01
6.049946335974015765e-01
5.967398296423627180e-01
5.887180374891916035e-01
5.810356722628171600e-01
5.738092026763332854e-01
5.668722947875530771e-01
5.601163478026679465e-01
5.536092607668610110e-01
5.473493241669776799e-01
5.412863145043526059e-01
5.353699391804467300e-01
5.295950930700612513e-01
5.239568846558168014e-01
5.184506259613071988e-01
5.130718230453330531e-01
5.078161670093570557e-01
5.027148921415823812e-01
4.977587192585933851e-01
4.929087123782639468e-01
4.883899845347487445e-01
4.840574373092208504e-01
4.799123424835236573e-01
4.759165837561157852e-01
4.719886680282241453e-01
4.681998830509721543e-01
4.645123257626676549e-01
4.609477492598740844e-01
4.574350746131946033e-01
4.539732514155939702e-01
4.505612539582126708e-01
4.472158904410921121e-01
4.439582087108229769e-01
4.407456784407167705e-01
4.375774223989653544e-01
4.344525831397957338e-01
4.313703226131950230e-01
4.283298217717591005e-01
4.253694752988023686e-01
4.225375337660511876e-01
4.197405659594443672e-01
4.169779669933304511e-01
4.142491441957465992e-01
4.115535168967109914e-01
4.088905162141868721e-01
4.062595848385219810e-01
4.036601768160804626e-01
4.010917573326855390e-01
3.985538024974201177e-01
3.960457991272641753e-01
3.935672445329794211e-01
3.911176463066039499e-01
3.887195734859020813e-01
3.863968920887475011e-01
3.841841064444770915e-01
3.820212039690197292e-01
3.798788923397067863e-01
3.777569561569127932e-01
3.756551800812441000e-01
3.735733490256382128e-01
3.715112483325562764e-01
3.694686639372423143e-01
3.674453825179734845e-01
3.654561605543897307e-01
3.634879577264746864e-01
3.615378569145952237e-01
3.596068225557580988e-01
3.577233686574312621e-01
3.558568189205495447e-01
3.540100670573921304e-01
3.522227599156864675e-01
3.504990066653439484e-01
3.487939956583800405e-01
3.471021159724715366e-01
3.454232947852319824e-01
3.437574565224379985e-01
3.421045230844196872e-01
3.404703129770597636e-01
3.388653579532813764e-01
3.372730521357455435e-01
3.357392292842145687e-01
3.342296550743238392e-01
3.327315578412811670e-01
3.312448505428727819e-01
3.297694452473806104e-01
3.283052532517587996e-01
3.268521851925020316e-01
3.254101511496185206e-01
3.239790607440903303e-01
3.225588232291896618e-01
3.211493475759920613e-01
3.197505425534130641e-01
3.183623168030770278e-01
3.169845789093058142e-01
3.156172374645015988e-01
3.142602011301859899e-01
3.129133786939353179e-01
3.115766791224467980e-01
3.102500116109526140e-01
3.089332856291889806e-01
3.076264109641140831e-01
3.063292977595614142e-01
3.050418565530005899e-01
3.037639983095714036e-01
3.024956344535486563e-01
3.012366768973804843e-01
2.999870380684452886e-01
2.987466309336537784e-01
2.975153690220238567e-01
2.962931664453447023e-01
2.950909636338237552e-01
2.938979401009480519e-01
2.927135171063607877e-01
2.915376125479388625e-01
2.903701451195177530e-01
2.892110343113601378e-01
2.880602004100081825e-01
2.869318971698575083e-01
2.858174630249290527e-01
2.847106600496615569e-01
2.836114200745430414e-01
2.825196755364910994e-01
2.814353594800492742e-01
2.803584055581017087e-01
2.792887480321414873e-01
2.782263217721180903e-01
2.771710622558919979e-01
2.761229055683227518e-01
2.750817884000132385e-01
2.740476480457346153e-01
2.730204224025523652e-01
2.720000499676749062e-01
2.709909789663829116e-01
2.699951746647832884e-01
2.690058229798754641e-01
2.680228692978973704e-01
2.670462594709063775e-01
2.660759398176484325e-01
2.651118571240730915e-01
2.641539586435147080e-01
2.632021920965632589e-01
2.622565056706434028e-01
2.613168480193226451e-01
2.603831682613638177e-01
2.594554159795420811e-01
2.585335412192402704e-01
2.576174944868381833e-01
2.567072267479112435e-01
2.558026894252508066e-01
2.549038343967192644e-01
2.540106139929533269e-01
2.531229809949244181e-01
2.522408886313693976e-01
2.513642905761001023e-01
2.504931409452023083e-01
2.496273942941331092e-01
2.487670056147251174e-01
2.479119303321040690e-01
2.470621243015316271e-01
2.462175438051748821e-01
2.453781455488140695e-01
2.445438866584927207e-01
2.437147246771165787e-01
2.428906175610061613e-01
2.420715236764107714e-01
2.412574017959855655e-01
2.404482110952395613e-01
2.396439111489561402e-01
2.388444619275937320e-01
2.380498237936654882e-01
2.372599574981083537e-01
2.364748241766382597e-01
2.356943853460986005e-01
2.349186029008054344e-01
2.341474391088891882e-01
2.333808566086380265e-01
2.326188184048445240e-01
2.318612878651585274e-01
2.311082287164473448e-01
2.303596050411660379e-01
2.296153812737393163e-01
2.288755221969577258e-01
2.281399929383886027e-01
2.274087589668024600e-01
2.266817860886208014e-01
2.259590404443797829e-01
2.252404885052165795e-01
2.245260970693771785e-01
2.238158332587459054e-01
2.231096645154006242e-01
2.224075585981905301e-01
2.217094835793404772e-01
2.210154078410812295e-01
2.203253000723057464e-01
2.196391292652539740e-01
2.189579465818211612e-01
2.182886523957516256e-01
2.176230574282873309e-01
2.169611340298886748e-01
2.163028548050534572e-01
2.156481926096281976e-01
2.149971205481475689e-01
2.143496119712028913e-01
2.137056404728376324e-01
2.130651798879710790e-01
2.124282042898504863e-01
2.117946879875296229e-01
2.111646055233767361e-01
2.105379316706072201e-01
2.099146414308467878e-01
2.092947100317187614e-01
2.086781129244599520e-01
2.080648257815626012e-01
2.074548244944430520e-01
2.068480851711365642e-01
2.062445841340180830e-01
2.056442979175493180e-01
2.050472032660508037e-01
2.044532771314999109e-01
2.038624966713538378e-01
2.032748392463974152e-01
2.027015366908891669e-01
2.021317411975961376e-01
2.015648742015372641e-01
2.010009154010482246e-01
2.004398446667375600e-01
1.998816420397386551e-01
1.993262877299829816e-01
1.987737621144942679e-01
1.982240457357042351e-01
1.976784662992192576e-01
1.971524614082176552e-01
1.966290187173951320e-01
1.961081212439657329e-01
1.955897521432967412e-01
1.950738947075731644e-01
1.945605323644774287e-01
1.940496486758846728e-01
1.935412273365738622e-01
1.930352521729525317e-01
1.925317071417972370e-01
1.920305763290081347e-01
1.915318439483776058e-01
1.910354943403739514e-01
1.905415119709373828e-01
1.900498814302913064e-01
1.895605874317662920e-01
1.890736148106376691e-01
1.885889485229760298e-01
1.881065736445106384e-01
1.876264753695062459e-01
1.871486390096520069e-01
1.866730499929628584e-01
1.862011030738856820e-01
1.857451868548829765e-01
1.852912802359402977e-01
1.848393713660639315e-01
1.843894484786055832e-01
1.839414998905541943e-01
1.834955140018343367e-01
1.830514792946117131e-01
1.826093843326082045e-01
1.821692177604216367e-01
1.817309683028542344e-01
1.812946247642476805e-01
1.808601760278248372e-01
1.804276110550394885e-01
1.800078581571290803e-01
1.795979944071226797e-01
1.791898234761223341e-01
1.787833360251454007e-01
1.783785227754882130e-01
1.779753745082975347e-01
1.775738820641435123e-01
1.771740363425979015e-01
1.767758283018150967e-01
1.763792489581174350e-01
1.759842893855847745e-01
1.755909407156456548e-01
1.751991941366742578e-01
1.748090408935901452e-01
1.744204722874600766e-01
1.740334796751053237e-01
1.736480544687110106e-01
1.732641881354390068e-01
1.728818721970435124e-01
1.725010982294910289e-01
1.721218578625823281e-01
1.717441427795780018e-01
1.713679447168267311e-01
1.709932554633966650e-01
1.706200668607102955e-01
1.702483708021811093e-01
1.698781592328539036e-01
1.695100654003291463e-01
1.691561927443492319e-01
1.688037024786357976e-01
1.684525872518122525e-01
1.681028397576704303e-01
1.677689931910957000e-01
1.674424306937842555e-01
1.671170206216379128e-01
1.667927575397968598e-01
1.664696360407068587e-01
1.661476507440391992e-01
1.658267962966092635e-01
1.655070673722947305e-01
1.651884586719517545e-01
1.648709649233307539e-01
1.645545808809902588e-01
1.642393013262107015e-01
1.639251210669060987e-01
1.636120349375360106e-01
1.633000377990150298e-01
1.629891245386224929e-01
1.626792900699111089e-01
1.623705293326138388e-01
1.620628372925516092e-01
1.617562089415382764e-01
1.614506392972863136e-01
1.611461234033107204e-01
1.608426563288332944e-01
1.605402331686849593e-01
1.602388490432087031e-01
1.599384990981602417e-01
1.596391785046101519e-01
1.593408824588432582e-01
1.590436061822593783e-01
1.587473449212720433e-01
1.584520939472073009e-01
1.581578485562028513e-01
1.578646040691044916e-01
1.575723558313648631e-01
1.572810992129397289e-01
1.569908296081843901e-01
1.567015424357506570e-01
1.564132331384817387e-01
1.561258971833083542e-01
1.558395300611442602e-01
1.555541272867801417e-01
1.552696843987789177e-01
1.549861969593701039e-01
1.547036605543439247e-01
1.544220707929451208e-01
1.541414233077667839e-01
1.538617137546435809e-01
1.535829378125460054e-01
1.533050911834720198e-01
1.530281695923425000e-01
1.527521687868918232e-01
1.524770845375622574e-01
1.522029126373967423e-01
1.519301735369866235e-01
1.516587600765098298e-01
1.513882360344827038e-01
1.511185973471194932e-01
1.508498399729543693e-01
1.505819598927221892e-01
1.503149531092399793e-01
1.500488156472877810e-01
1.497835435534903559e-01
1.495191328961993082e-01
1.492555797653745131e-01
1.489928802724673207e-01
1.487310305503026509e-01
1.484700267529619755e-01
1.482109212780626240e-01
1.479590371874212884e-01
1.477079254264308250e-01
1.474575827311266907e-01
1.472080058538651204e-01
1.469591915632506574e-01
1.467111366440652098e-01
1.464684477751874436e-01
1.462280649987176828e-01
1.459883910408020513e-01
1.457494229947472741e-01
1.455111579679843337e-01
1.452735930820154009e-01
1.450367254723593513e-01
1.448005522884977525e-01
1.445650706938194363e-01
1.443302778655660423e-01
1.440961709947759795e-01
1.438627472862289147e-01
1.436300039583893462e-01
1.433979382433505645e-01
1.431665473867773375e-01
1.429358286478496776e-01
1.427057792992047214e-01
1.424763966268805249e-01
1.422476779302567773e-01
1.420196205219986241e-01
1.417922217279973807e-01
1.415654788873130787e-01
1.413393893521154854e-01
1.411139504876262607e-01
1.408891596720596717e-01
1.406650142965640282e-01
1.404415117651635070e-01
1.402186494946980888e-01
1.399964249147649387e-01
1.397748354676597304e-01
1.395538786083170835e-01
1.393335518042511101e-01
1.391138525354964350e-01
1.388947782945490483e-01
1.386763265863064920e-01
1.384584949280092403e-01
1.382412808491805811e-01
1.380246818915678853e-01
1.378086956090827653e-01
1.375933195677426502e-01
1.373785513456103891e-01
1.371643885327359369e-01
1.369508287310970129e-01
1.367378695545393152e-01
1.365255086287186781e-01
1.363137435910409534e-01
1.361025720906038072e-01
1.358919917881375172e-01
1.356820003559467691e-01
1.354725954778510377e-01
1.352637748491273550e-01
1.350555361764505802e-01
1.348478771778364449e-01
1.346407955825819902e-01
1.344342891312085286e-01
1.342283555754033575e-01
1.340229926779616387e-01
1.338181982127293612e-01
1.336139699645452206e-01
1.334103057291839700e-01
1.332072033132984390e-01
1.330046605343626898e-01
1.328026752206157013e-01
1.326012452110038320e-01
1.324003683551248367e-01
1.322000425131709678e-01
1.320002655558731863e-01
1.318031206672277411e-01
1.316079307216794780e-01
1.314132660804779307e-01
1.312191247051331666e-01
1.310255045676060603e-01
1.308324036502469256e-01
1.306398199457348419e-01
1.304477514570177299e-01
1.302561961972517335e-01
1.300651521897412954e-01
1.298746174678800658e-01
1.296845900750912550e-01
1.294950680647686536e-01
1.293060495002184285e-01
1.291175324545999759e-01
1.289295150108682453e-01
1.287419952617163965e-01
1.285549713095174018e-01
1.283684412662673413e-01
1.281824032535285596e-01
1.279968554023732386e-01
1.278117958533261656e-01
1.276272227563100825e-01
1.274431342705890646e-01
1.272595285647133978e-01
1.270764038164642340e-01
1.268937582127994401e-01
1.267115899497983089e-01
1.265298972326077687e-01
1.263486782753887594e-01
1.261679313012620540e-01
1.259876545422553840e-01
1.258078462392500096e-01
1.256285046419287899e-01
1.254496280087228355e-01
1.252712146067601895e-01
1.250932627118134799e-01
1.249157706082485997e-01
1.247387365889738170e-01
1.245621589553885661e-01
1.243860360173324603e-01
1.242106799590979582e-01
1.240393409088258042e-01
1.238684212389972311e-01
1.236979194983051783e-01
1.235278342422640313e-01
1.233581640331700424e-01
1.231889074400606549e-01
1.230200630386756588e-01
1.228516294114184587e-01
1.226836051473159522e-01
1.225159888419807969e-01
1.223487790975721218e-01
1.221819745227580578e-01
1.220155737326770046e-01
1.218495753489001743e-01
1.216851098350493765e-01
1.215222351325708355e-01
1.213597444334501008e-01
1.211976364608068901e-01
1.210359099435333874e-01
1.208745636162611992e-01
1.207135962193301021e-01
1.205530064987555411e-01
1.203927932061973488e-01
1.202329550989278684e-01
1.200734909398003952e-01
1.199143994972189375e-01
1.197556795451058115e-01
1.195973298628720816e-01
1.194393492353858777e-01
1.192817364529429186e-01
1.191244903112349818e-01
1.189676096113208986e-01
1.188110931595958986e-01
1.186549397677622852e-01
1.184991482527994883e-01
1.183437174369345590e-01
1.181886461476131106e-01
1.180339332174703965e-01
1.178795774843019450e-01
1.177255777910351797e-01
1.175719329857004697e-01
1.174186419214032356e-01
1.172657034562950562e-01
1.171131164535461761e-01
1.169608797813173062e-01
1.168089923127319102e-01
1.166584487028485412e-01
1.165083571247138017e-01
1.163586017222789509e-01
1.162091814464340234e-01
1.160600952525159268e-01
1.159113421002844202e-01
1.157629209538979659e-01
1.156148307818906928e-01
1.154670705571491790e-01
1.153196392568883455e-01
1.151725358626290163e-01
1.150257593601745620e-01
1.148793087395879736e-01
1.147331829951693111e-01
1.145873811254329716e-01
1.144419021330849578e-01
1.142967450250014227e-01
1.141519088122051051e-01
1.140073925098439439e-01
1.138631951371696649e-01
1.137193157175143965e-01
1.135757532782709217e-01
1.134325068508693218e-01
1.132895754707563957e-01
1.131520775931009470e-01
1.130170141980779419e-01
1.128822326334769227e-01
1.127477320529114285e-01
1.126135116136649933e-01
1.124795704766696630e-01
1.123459078064847627e-01
1.122125227712752332e-01
1.120794145427918137e-01
1.119465822963486568e-01
1.118140252108038857e-01
1.116817424685382504e-01
1.115497332554349907e-01
1.114179967608593946e-01
1.112865321776387861e-01
1.111553387020423195e-01
1.110244155337613420e-01
1.108937618758889798e-01
1.107633769349012365e-01
1.106332599206374112e-01
1.105034100462801011e-01
1.103738265283366604e-01
1.102445085866198826e-01
1.101154554442288769e-01
1.099866663275303330e-01
