4.110437959236264760e+00
2.092904665798737796e+00
1.328361972753585807e+00
1.012979667125616379e+00
8.743739227444436990e-01
8.111361489035356920e-01
7.741414579914076555e-01
7.507962385320650078e-01
7.345893115794457362e-01
7.201560541827116690e-01
7.066962404960873689e-01
6.940510488398481392e-01
6.821646668065943775e-01
6.710449450315756348e-01
6.608028283392257674e-01
6.511714066953754321e-01
6.419287387889823782e-01
6.330838889870973318e-01
6.246929405234967758e-01
6.172085513208728225e-01
6.101002343630470559e-01
6.032362648225263468e-01
5.965713628820953351e-01
5.903616328734332397e-01
5.846387572388284104e-01
5.789988514720727508e-01
5.734407306565356688e-01
5.679631365652043629e-01
5.625647601672864040e-01
5.572442592582560472e-01
5.520002723347725571e-01
5.468314295241980538e-01
5.417363611770614762e-01
5.367137045925164385e-01
5.317621092467589294e-01
5.268802408190813580e-01
5.220667842519710611e-01
5.173204460357182510e-01
5.126399558713838900e-01
5.080240678365181006e-01
5.034715611542867064e-01
4.989812406474203876e-01
4.945813321473913060e-01
4.903374120226675625e-01
4.861507340504482300e-01
4.821262304352639805e-01
4.782533377520442053e-01
4.744291566360490098e-01
4.706528254806011669e-01
4.670457243616401577e-01
4.635105880262488376e-01
4.600159815073542879e-01
4.565612836679717734e-01
4.531458841186408737e-01
4.497691831693406139e-01
4.464305917538090029e-01
4.431295313314931317e-01
4.398654337714693052e-01
4.366377412219314413e-01
4.334459059682446158e-01
4.302893902820504879e-01
4.271676662634970034e-01
4.240802156783198273e-01
4.210265297912095805e-01
4.180061091966636444e-01
4.150184636483181810e-01
4.120631118875917043e-01
4.091399245173853449e-01
4.062514138421765564e-01
4.033938640062184056e-01
4.005668265077643175e-01
3.977698609431268295e-01
3.950025348486096988e-01
3.922644235442628302e-01
3.896266818114357822e-01
3.870326618824267428e-01
3.844645139923716370e-01
3.819219078843995030e-01
3.794045175868505093e-01
3.769120214128190427e-01
3.744441019541843163e-01
3.720004460706440863e-01
3.695807448742220447e-01
3.671850447667456829e-01
3.648316089460522660e-01
3.625015991628151579e-01
3.601945656572840826e-01
3.579528113125558519e-01
3.557471309022293693e-01
3.535928149154460853e-01
3.514676457669563825e-01
3.493634486004897899e-01
3.472792073139820967e-01
3.452146611441999635e-01
3.431822643888545188e-01
3.412047116434452909e-01
3.392885166584606593e-01
3.373882395529496092e-01
3.355037138105514960e-01
3.336347747698440447e-01
3.317812596196781372e-01
3.299430073929551233e-01
3.281198589589872094e-01
3.263116570145752626e-01
3.245687261764510501e-01
3.228646592490264644e-01
3.211733623844795771e-01
3.194947116894994443e-01
3.178285849970910459e-01
3.161748618278933387e-01
3.145334233527053436e-01
3.129041523561860716e-01
3.112869332016829360e-01
3.096816517971567873e-01
3.080881955621619928e-01
3.065250941731734735e-01
3.049752668589857385e-01
3.034367155207536304e-01
3.019093357676459477e-01
3.004136495227572867e-01
2.989338522797921893e-01
2.974643163239146793e-01
2.960049562880153196e-01
2.945567651426831968e-01
2.931287204346576525e-01
2.917102759824055092e-01
2.903013583355958938e-01
2.889018945476279909e-01
2.875118121786007785e-01
2.861310392978064776e-01
2.847595044857800239e-01
2.833971368359373688e-01
2.820438659558289207e-01
2.806996219680369942e-01
2.793643355107404136e-01
2.780379377379709749e-01
2.767203603195828587e-01
2.754115354409557015e-01
2.741113958024493646e-01
2.728198746186289436e-01
2.715369056172772244e-01
2.702624230382075221e-01
2.689963616318940542e-01
2.677386566579317839e-01
2.664892438833385557e-01
2.652480595807112929e-01
2.640150405262475797e-01
2.627901239976420111e-01
2.615732477718686333e-01
2.603929331947592574e-01
2.592568993449700931e-01
2.581279789259381952e-01
2.570202398228159102e-01
2.559399053578984007e-01
2.548661137557141632e-01
2.537988216642135253e-01
2.527379859330744494e-01
2.516835636172859991e-01
2.506355119804906662e-01
2.496076545629753729e-01
2.486068035317527125e-01
2.476118581132308316e-01
2.466227796216606816e-01
2.456395295571692783e-01
2.446620696084809976e-01
2.436903616554502994e-01
2.427243677714182868e-01
2.417640502253968482e-01
2.408093714840920385e-01
2.398602942137716965e-01
2.389167812819840697e-01
2.379787957591367464e-01
2.370463009199399174e-01
2.361192602447197975e-01
2.351976374206104503e-01
2.342813963426273460e-01
2.333705011146285091e-01
2.324649160501693623e-01
2.315646056732547364e-01
2.306695347189934853e-01
2.297796681341596203e-01
2.288949710776649604e-01
2.280154089209463220e-01
2.271409472482723013e-01
2.262715518569725637e-01
2.254071887575924693e-01
2.245478241739785608e-01
2.236934245432966595e-01
2.228439565159848756e-01
2.219993869556466382e-01
2.211596829388855767e-01
2.203248117550836160e-01
2.194947409061276944e-01
2.186694381060852732e-01
2.178488712808316907e-01
2.170330085676328291e-01
2.162218183146828732e-01
2.154152690806016013e-01
2.146133296338925134e-01
2.138326598060128481e-01
2.130610039967684444e-01
2.122936580149636376e-01
2.115305928190792939e-01
2.107717795704721897e-01
2.100171896325164489e-01
2.092667945697219423e-01
2.085205661468336746e-01
2.077784763279106328e-01
2.070404972753875361e-01
2.063066013491188788e-01
2.055767611054062083e-01
2.048509492960111367e-01
2.041291388671542528e-01
2.034209773757390816e-01
2.027189584039351955e-01
2.020206854376720151e-01
2.013261345190951457e-01
2.006352818509603841e-01
1.999481037958992791e-01
1.992645768756698965e-01
1.985846777703950961e-01
1.979083833177876228e-01
1.972356705123647358e-01
1.965665165046507068e-01
1.959008986003703545e-01
1.952387942596331416e-01
1.945885815715206746e-01
1.939477017084142441e-01
1.933101749169272576e-01
1.926759797184855183e-01
1.920450947840455502e-01
1.914174989332320664e-01
1.907931711334682756e-01
1.901720904991019423e-01
1.895542362905258404e-01
1.889395879132940714e-01
1.883281249172342464e-01
1.877198269955566989e-01
1.871146739839605888e-01
1.865126458597368697e-01
1.859137227408704796e-01
1.853178848851392002e-01
1.847251126892131556e-01
1.841353866877509238e-01
1.835486875524968975e-01
1.829649960913780349e-01
1.823842932475999157e-01
1.818065600987435193e-01
1.812317778558629744e-01
1.806599278625833638e-01
1.800909915942003336e-01
1.795249739105325426e-01
1.789624526565270490e-01
1.784027849803951904e-01
1.778459529131448114e-01
1.772919386128772312e-01
1.767407243638928205e-01
1.761922925757992142e-01
1.756466257826235777e-01
1.751037066419261490e-01
1.745635179339191378e-01
1.740260425605870687e-01
1.734912635448119800e-01
1.729591640295018717e-01
1.724297272767227607e-01
1.719029366668346770e-01
1.713787756976318244e-01
1.708572279834865704e-01
1.703382772544975721e-01
1.698219073556430647e-01
1.693081022459367035e-01
1.687982999144967411e-01
1.682974727406043869e-01
1.677990423496614480e-01
1.673029944769883204e-01
1.668093149533823594e-01
1.663179897044758104e-01
1.658290047500949049e-01
1.653423462036225644e-01
1.648580002713625481e-01
1.643759532519066258e-01
1.638961915355048038e-01
1.634187016034374940e-01
1.629434700273908465e-01
1.624704834688351363e-01
1.619997286784056467e-01
1.615470807549954091e-01
1.611036063541224361e-01
1.606621865918287095e-01
1.602228093437529644e-01
1.597854625681544571e-01
1.593501343053093378e-01
1.589168126769107403e-01
1.584854858854726212e-01
1.580561422137370942e-01
1.576287700240865119e-01
1.572033577579581565e-01
1.567798939352634535e-01
1.563583671538108510e-01
1.559387660887324445e-01
1.555210794919146822e-01
1.551052961914326511e-01
1.546914050909881377e-01
1.542793951693517684e-01
1.538692554798088974e-01
1.534609751496094077e-01
1.530545433794212040e-01
1.526499494427871473e-01
1.522471826855870403e-01
1.518462325255021395e-01
1.514470884514836913e-01
1.510497400232262422e-01
1.506541768706436690e-01
1.502603886933491506e-01
1.498683652601393579e-01
1.494780964084824471e-01
1.490895720440086891e-01
1.487027821400066230e-01
1.483177167369210403e-01
1.479343659418563273e-01
1.475527199280825263e-01
1.471727689345449230e-01
1.467974632669673263e-01
1.464319672085099555e-01
1.460778012331154230e-01
1.457251067304342618e-01
1.453738757795622338e-01
1.450241005087612167e-01
1.446757730951438170e-01
1.443288857643602041e-01
1.439834307902853328e-01
1.436394004947082748e-01
1.432967872470233550e-01
1.429555834639212319e-01
1.426157816090837804e-01
1.422773741928779756e-01
1.419403537720535791e-01
1.416047129494404089e-01
1.412704443736487736e-01
1.409375407387703227e-01
1.406059947840809232e-01
1.402757992937450904e-01
1.399469470965220286e-01
1.396194310654730875e-01
1.392932441176710223e-01
1.389683792139105589e-01
1.386448293584208458e-01
1.383225875985794606e-01
1.380016470246281657e-01
1.376820007693897729e-01
1.373664619594118785e-01
1.370617649859010301e-01
1.367582842423819001e-01
1.364560133852606161e-01
1.361549461088883417e-01
1.358550761453258260e-01
1.355563972641108395e-01
1.352589032720249440e-01
1.349625880128626776e-01
1.346674453672007388e-01
1.343734692521696972e-01
1.340806536212251210e-01
1.337889924639218686e-01
1.334984798056874367e-01
1.332091097075984720e-01
1.329208762661568122e-01
1.326337736130676626e-01
1.323477959150186900e-01
1.320629373734599488e-01
1.317791922243858882e-01
1.314965547381174993e-01
1.312150192190861542e-01
1.309345800056186115e-01
1.306552314697232708e-01
1.303769680168774814e-01
1.300997840858158783e-01
1.298236741483205225e-01
1.295486327090113743e-01
1.292746543051384034e-01
1.290017335063753934e-01
1.287298649146139673e-01
1.284590431637588348e-01
1.281892629195257594e-01
1.279205188792386649e-01
1.276528057716290188e-01
1.273861183566364630e-01
1.271204514252101681e-01
1.268557997991116848e-01
1.265921583307187404e-01
1.263295219028302829e-01
1.260678854284732198e-01
1.258072438507091273e-01
1.255475921424433206e-01
1.252889253062344777e-01
1.250312383741055133e-01
1.247745264073556737e-01
1.245187844963736162e-01
1.242640077604521415e-01
1.240101913476032158e-01
1.237573304343750763e-01
1.235054202256695710e-01
1.232544559545615398e-01
1.230044328821183891e-01
1.227553462972214571e-01
1.225071915163887248e-01
1.222599638835973196e-01
1.220136587701088626e-01
1.217682715742947203e-01
1.215237977214626286e-01
1.212802326636849004e-01
1.210375718796271038e-01
1.207958108743777265e-01
1.205549451792802818e-01
1.203149703517641667e-01
1.200758819751789747e-01
1.198376756586283925e-01
1.196003470368053739e-01
1.193638917698289503e-01
1.191283055430816112e-01
1.188935840670478222e-01
1.186597230771533756e-01
1.184267183336066287e-01
1.181945656212395751e-01
1.179632607493506929e-01
1.177327995515488751e-01
1.175031778855979564e-01
1.172743916332624481e-01
1.170464367001543410e-01
1.168193090155810188e-01
1.165930045323937819e-01
1.163675192268376068e-01
1.161428490984020706e-01
1.159189901696727476e-01
1.156959384861842161e-01
1.154736901162735918e-01
1.152522411509349642e-01
1.150315877036754003e-01
1.148117259103711985e-01
1.145926519291250029e-01
1.143743619401251799e-01
1.141568521455042506e-01
1.139401187691996414e-01
1.137241580568148641e-01
1.135089662754816403e-01
1.132945397137225529e-01
1.130808746813159460e-01
1.128679675091599777e-01
1.126558145491383389e-01
1.124444121739877622e-01
1.122337567771645311e-01
1.120238447727137515e-01
1.118146725951383036e-01
1.116062366992686405e-01
1.113985335601348353e-01
1.111915596728373923e-01
1.109853115524207928e-01
1.107797857337466246e-01
1.105749787713686538e-01
1.103708872394071200e-01
1.101675077314261814e-01
1.099648368603095283e-01
1.097628712581393134e-01
1.095616075760740132e-01
1.093610424842281631e-01
1.091611726715527170e-01
1.089619948457156290e-01
1.087635057329841975e-01
1.085657020781073123e-01
1.083685806441992416e-01
1.081721382126231285e-01
1.079763715828770260e-01
1.077812775724786148e-01
1.075868530168524601e-01
1.073930947692169624e-01
1.071999997004720317e-01
1.070075646990888557e-01
1.068157866709984333e-01
1.066246625394824399e-01
1.064341892450638843e-01
1.062443637453994033e-01
1.060551830151708896e-01
1.058666440459794661e-01
1.056787438462391954e-01
1.054914794410713036e-01
1.053048478722001385e-01
1.051188461978486838e-01
1.049334714926358075e-01
1.047487208474730536e-01
1.045645913694634582e-01
1.043810801817999095e-01
1.041981844236646026e-01
1.040159012501296609e-01
1.038342278320575490e-01
1.036531613560025822e-01
1.034726990241134903e-01
1.032928380540355934e-01
1.031135756788151836e-01
1.029349091468026722e-01
1.027568357215580402e-01
1.025793526817560530e-01
1.024024573210918915e-01
1.022261469481888785e-01
1.020504188865045542e-01
1.018752704742395820e-01
1.017006990642455588e-01
1.015267020239346979e-01
1.013532767351892627e-01
1.011804205942721108e-01
1.010081310117379033e-01
1.008364054123439407e-01
1.006652412349631903e-01
1.004946359324963845e-01
1.003245869717858951e-01
1.001550918335290946e-01
9.998614801219342374e-02
9.981775301593096006e-02
9.964990436649434624e-02
9.948259959915303763e-02
9.931583626260977182e-02
9.914961191891832892e-02
9.898392414340088930e-02
9.881877052456697341e-02
9.865414866403184047e-02
9.849005617643670496e-02
9.832649068936820391e-02
9.816344984327916856e-02
9.800093129140977077e-02
9.783893269970916906e-02
9.767745174675768194e-02
9.751648612368953029e-02
9.735603353411574623e-02
9.719609169404828941e-02
9.703665833182380240e-02
9.687773118802894823e-02
9.671930801542504008e-02
9.656138657887405885e-02
9.640396465526500369e-02
9.624704003344033976e-02
9.609061051412308430e-02
9.593467390984498910e-02
9.577922804487441766e-02
9.562427075514470798e-02
9.546979988818377061e-02
9.531581330304352007e-02
9.516230887022958385e-02
9.500928447163266288e-02
9.485673800045832382e-02
9.470466736115944195e-02
9.455307046936776982e-02
9.440194525182601937e-02
9.425128964632095707e-02
9.410110160161661019e-02
9.395137907738784766e-02
9.380300746117688215e-02
9.365537119295158641e-02
9.350818333541592586e-02
9.336144198590001775e-02
9.321514525152056752e-02
9.306929124912366458e-02
9.292387810522854952e-02
9.277890395597085393e-02
9.263436694704739460e-02
9.249026523365996844e-02
9.234659698046056298e-02
9.220336036149641423e-02
9.206055356015543922e-02
9.191817476911241791e-02
9.177622219027492534e-02
9.163469403472984665e-02
9.149358852269050268e-02
9.135290388344355361e-02
9.121263835529698494e-02
9.107279018552774663e-02
9.093335763033008612e-02
9.079433895476406169e-02
9.065573243270416692e-02
9.051753634678931515e-02
9.037974898837122795e-02
9.024236865746559921e-02
9.010539366270102490e-02
8.996882232127052792e-02
8.983265295888143154e-02
8.969688390970739778e-02
8.956151351633898083e-02
8.942654012973590139e-02
8.929196210917897392e-02
8.915777782222231163e-02
8.902398564464587827e-02
8.889058396040898369e-02
8.875757116160261362e-02
8.862494564840386890e-02
8.849270582902896143e-02
8.836085011968801417e-02
8.822937694453894530e-02
8.809828473564243478e-02
8.796757193291673826e-02
8.783723698409308389e-02
8.770727834467088868e-02
8.757769447787407124e-02
8.744848385460662898e-02
