4.783690194484355729e+00
7.783288713877960507e-01
5.671469209861601524e-01
5.464082159579048970e-01
5.266320013344499840e-01
5.097223733861814265e-01
4.963118769465491020e-01
4.843436370784240386e-01
4.737365731349952869e-01
4.643661673021443059e-01
4.562613299069266382e-01
4.486104789742169086e-01
4.412821578268628642e-01
4.343485651993155838e-01
4.278646569424776613e-01
4.215888580359923865e-01
4.155066321584037214e-01
4.096058660251740702e-01
4.038762587597088394e-01
3.983088813330056821e-01
3.928958577301449040e-01
3.876301333035745977e-01
3.825053056302494814e-01
3.775155002298472007e-01
3.726801748642061818e-01
3.680575441772155343e-01
3.635524383224673084e-01
3.594921737318412247e-01
3.555337146753924094e-01
3.516650902896964470e-01
3.478832806604149064e-01
3.441854026153323143e-01
3.405687002601245905e-01
3.370305367792185702e-01
3.335683872230194025e-01
3.301798320767583284e-01
3.268625514595096537e-01
3.236143198404107246e-01
3.204330011869688799e-01
3.173165444805886581e-01
3.142629795492224987e-01
3.112704131778796790e-01
3.083370254657363252e-01
3.054610664045337431e-01
3.026408526574316804e-01
2.998747645208648671e-01
2.971612430545673700e-01
2.944987873669493439e-01
2.918859520446200895e-01
2.893213447161322449e-01
2.868036237410752642e-01
2.843314960165113092e-01
2.819037148934800951e-01
2.795190781969196792e-01
2.771764263428930786e-01
2.748746405474798427e-01
2.726205346391846196e-01
2.704274096858660381e-01
2.682713396808422135e-01
2.661513596332156228e-01
2.640665390175683802e-01
2.620159801733927818e-01
2.599988168017747237e-01
2.580142125517196905e-01
2.560613596892261090e-01
2.541394778428528456e-01
2.522478128200941749e-01
2.503856354893982394e-01
2.485522407231212927e-01
2.467469463971277144e-01
2.449802371215446251e-01
2.432865315053975852e-01
2.416176857806220934e-01
2.399731237856679855e-01
2.383522875422873499e-01
2.367546365631493233e-01
2.351796471903666863e-01
2.336268119632560758e-01
2.320956390137589864e-01
2.305856514880675889e-01
2.290963869930910946e-01
2.276273970664899060e-01
2.262381680386481853e-01
2.248853865722456602e-01
2.235494720169776683e-01
2.222300865624833033e-01
2.209269021524802312e-01
2.196396001342081350e-01
2.183678709222651726e-01
2.171114136761784774e-01
2.158699359910921378e-01
2.146431536009807683e-01
2.134307900938287594e-01
2.122325766382422430e-01
2.110482517209860687e-01
2.098775608949628169e-01
2.087202565371777951e-01
2.075760976162490390e-01
2.064448494690484803e-01
2.053262835860782953e-01
2.042201774052039842e-01
2.031263141133848038e-01
2.020444824560591601e-01
2.009744765538578337e-01
1.999160957263338700e-01
1.988691443224116784e-01
1.978334315572722601e-01
1.968087713554035334e-01
1.957949821995591533e-01
1.947918869853781099e-01
1.938045965401240245e-01
1.928319266665434184e-01
1.918689597181337247e-01
1.909155501745797567e-01
1.899715558293030293e-01
1.890368376873012290e-01
1.881112598667526725e-01
1.871946895042326531e-01
1.862869966633919350e-01
1.853880542469539816e-01
1.844977379118966365e-01
1.836159259876876115e-01
1.827424993974526846e-01
1.818773415819538164e-01
1.810203384262698834e-01
1.801713781890678379e-01
1.793303514343632665e-01
1.784971509656723965e-01
1.776716717624577113e-01
1.768538109187828278e-01
1.760434675840841234e-01
1.752405429059810393e-01
1.744449399750433172e-01
1.736565637714415633e-01
1.728753211134055057e-01
1.721011206074250510e-01
1.713338726001221168e-01
1.705734891317343960e-01
1.698198838911465502e-01
1.690753993841044855e-01
1.683465712273017056e-01
1.676239932155904333e-01
1.669075928846083801e-01
1.661972989618502872e-01
1.654930413390645616e-01
1.647947510454869646e-01
1.641023602218789346e-01
1.634158020953443147e-01
1.627350109548932056e-01
1.620599221277289614e-01
1.613904719562311574e-01
1.607265977756092978e-01
1.600682378922057558e-01
1.594153315624222689e-01
1.587678189722523114e-01
1.581256412173924486e-01
1.574887402839178496e-01
1.568570590295018941e-01
1.562305411651569997e-01
1.556187350892804244e-01
1.550156184510917690e-01
1.544171967479046059e-01
1.538234225600239036e-01
1.532342491239034321e-01
1.526496303195035986e-01
1.520695206579766867e-01
1.514938752696669833e-01
1.509226498924172433e-01
1.503558008601713070e-01
1.497932850918625713e-01
1.492350600805810446e-01
1.486810838830077974e-01
1.481313151091111224e-01
1.475857129120935196e-01
1.470442369785847359e-01
1.465068475190702546e-01
1.459735052585500736e-01
1.454441714274210262e-01
1.449188077525732921e-01
1.443973764486981004e-01
1.438798402097981599e-01
1.433661622008948477e-01
1.428563060499278004e-01
1.423502358398393564e-01
1.418479161008398548e-01
1.413493118028487372e-01
1.408543883481042092e-01
1.403631115639402682e-01
1.398754476957222714e-01
1.393913633999403767e-01
1.389108257374531696e-01
1.384338021668793939e-01
1.379602605381337055e-01
1.374901690860997339e-01
1.370234964244413378e-01
1.365626598853384721e-01
1.361062988127663687e-01
1.356532663737056721e-01
1.352035314492925078e-01
1.347570633095577786e-01
1.343138316069205640e-01
1.338738063698214076e-01
1.334401945388728195e-01
1.330110433186173502e-01
1.325849392824150763e-01
1.321618549421963718e-01
1.317417631390154498e-01
1.313246370377708638e-01
1.309104501220351713e-01
1.304991761889927049e-01
1.300907893444804564e-01
1.296852639981309618e-01
1.292825748586156620e-01
1.288826969289829927e-01
1.284856055020919263e-01
1.280912761561361357e-01
1.276996847502593346e-01
1.273108074202563833e-01
1.269246205743601308e-01
1.265411008891117739e-01
1.261602253053109302e-01
1.257819710240463129e-01
1.254063155028019294e-01
1.250332364516399397e-01
1.246627118294561104e-01
1.242947198403072107e-01
1.239292389298084773e-01
1.235662477815988869e-01
1.232057253138737346e-01
1.228476506759827586e-01
1.224920032450903667e-01
1.221387626228993134e-01
1.217879086324349797e-01
1.214394213148884821e-01
1.210932809265177768e-01
1.207494679356059392e-01
1.204079630194742762e-01
1.200687470615495051e-01
1.197318011484848621e-01
1.194033755689249132e-01
1.190780234868233506e-01
1.187547742283818625e-01
1.184336111447947953e-01
1.181145177592251155e-01
1.177974777643938376e-01
1.174824750202127926e-01
1.171694935514604186e-01
1.168585175455013336e-01
1.165495313500454350e-01
1.162425194709482551e-01
1.159374665700515783e-01
1.156343574630616794e-01
1.153331771174653936e-01
1.150339106504841002e-01
1.147365433270636503e-01
1.144410605578988216e-01
1.141474478974932177e-01
1.138556910422534180e-01
1.135657758286147678e-01
1.132776882312020450e-01
1.129914143610194488e-01
1.127069404636727445e-01
1.124242529176231048e-01
1.121433382324679012e-01
1.118641830472533599e-01
1.115867741288141951e-01
1.113110983701422751e-01
1.110371427887813928e-01
1.107648945252502626e-01
1.104943408414904710e-01
1.102254691193415986e-01
1.099582668590398105e-01
1.096927216777430353e-01
1.094288213080782529e-01
1.091665535967144413e-01
1.089059065029577833e-01
1.086468680973692036e-01
1.083894265604050666e-01
1.081335701810793859e-01
1.078792873556473492e-01
1.076265665863094800e-01
1.073753964799377819e-01
1.071257657468199231e-01
1.068776631994248633e-01
1.066310777511875613e-01
1.063859984153117805e-01
1.061424143035927664e-01
1.059003146252574523e-01
1.056596886858225809e-01
1.054205258859704369e-01
1.051828157204427738e-01
1.049465477769499083e-01
1.047117117350978566e-01
1.044782973653307079e-01
1.042462945278902764e-01
1.040156931717898942e-01
1.037864833338045939e-01
1.035586551374761272e-01
1.033321987921325263e-01
1.031071045919227241e-01
1.028833629148643430e-01
1.026609642219078050e-01
1.024398990560106554e-01
1.022201580412284289e-01
1.020017318818181584e-01
1.017846113613530695e-01
1.015687873418520681e-01
1.013542507629215383e-01
1.011409926409076177e-01
1.009290040680630302e-01
1.007182762117244945e-01
1.005088003135011648e-01
1.003005676884759778e-01
1.000935697244176303e-01
9.988779788100295154e-02
9.968324368905119581e-02
9.948187024086010966e-02
9.928248189953731151e-02
9.908426205700629485e-02
9.888720266632046452e-02
9.869129574775069302e-02
9.849653338806929614e-02
9.830290773984279307e-02
9.811041102073451980e-02
9.791903551281774809e-02
9.772877356189654807e-02
9.754014818773000528e-02
9.735493971601735796e-02
9.717078572409779125e-02
9.698767918092124352e-02
9.680561311201434094e-02
9.662458059890181861e-02
9.644457477853535243e-02
9.626558884272914951e-02
9.608761603760358760e-02
9.591064966303597394e-02
9.573468307211835393e-02
9.555970967062291099e-02
9.538572291647337553e-02
9.521271631922409440e-02
9.504068343954576170e-02
9.486961788871689505e-02
9.469951332812273637e-02
9.453036346876036999e-02
9.436216207075011353e-02
9.419490294285289000e-02
9.402857994199351199e-02
9.386318697279090462e-02
9.369871798709361599e-02
9.353516698352073999e-02
9.337252800700923672e-02
9.321079514836699831e-02
9.304996254383086918e-02
9.289002437463016182e-02
9.273097486655640376e-02
9.257280828953745599e-02
9.241551895721750176e-02
9.225910122654133738e-02
9.210354949734468610e-02
9.194885821194889730e-02
9.179502185476108578e-02
9.164203495187837889e-02
9.148989207069735397e-02
9.133858781952813866e-02
9.118811684721345179e-02
9.103847384275137733e-02
9.088965353492305110e-02
9.074165069192548227e-02
9.059446012100728918e-02
9.044807666811011115e-02
9.030249521751293473e-02
9.015771069148188765e-02
9.001371804992318315e-02
8.987051229004067165e-02
8.972808844599655664e-02
8.958644158857712037e-02
8.944556682486209942e-02
8.930545929789637793e-02
8.916611418636777309e-02
8.902752670428699944e-02
8.888969210067151905e-02
8.875260565923286105e-02
8.861626269806847922e-02
8.848065856935549700e-02
8.834578865904955947e-02
8.821164838658536456e-02
8.807823320458250949e-02
8.794553859855246125e-02
8.781356008661055090e-02
8.768229321919077113e-02
8.755173357876221141e-02
8.742187677955151615e-02
8.729271846726528727e-02
8.716425431881807961e-02
8.703648004206182565e-02
8.690939137551824401e-02
8.678298408811560560e-02
8.665725397892645732e-02
8.653219687690982820e-02
8.640780864065429612e-02
8.628408515812635571e-02
8.616102234641909163e-02
8.603861615150530662e-02
8.591686254799137112e-02
8.579575753887638823e-02
8.567529715531131684e-02
8.555547745636198076e-02
8.543629452877390951e-02
8.531774448674110667e-02
8.519982347167508185e-02
8.508252765197758805e-02
8.496585322281580144e-02
8.484979640589988825e-02
8.473435344926166790e-02
8.461952062703685662e-02
8.450644989922123651e-02
8.439528240758255306e-02
8.428467775288542296e-02
8.417463275480434326e-02
8.406514425268540869e-02
8.395620910540819992e-02
8.384782419125129393e-02
8.373998640775742741e-02
8.363269267160026998e-02
8.352593991845252974e-02
8.341972510285411424e-02
8.331404519808323361e-02
8.320889719602667101e-02
8.310427810705209306e-02
8.300018495988152611e-02
8.289697630549955343e-02
8.279481773619618012e-02
8.269316626340242338e-02
8.259201909534034936e-02
8.249137345676783861e-02
8.239122658887208794e-02
8.229157574916368123e-02
8.219241821137049375e-02
8.209375126533430267e-02
8.199557221690571829e-02
8.189787838784254315e-02
8.180066711570700699e-02
8.170393575376407036e-02
8.160768167088108815e-02
8.151190225142831980e-02
8.141659489517910631e-02
8.132175701721169880e-02
8.122738604781173932e-02
8.113347943237485260e-02
8.104003463131086160e-02
8.094704911994819729e-02
8.085452038843854439e-02
8.076278219353201504e-02
8.067196878663791815e-02
8.058159764753726473e-02
8.049166638068375179e-02
8.040217260443266456e-02
8.031311395095418193e-02
8.022448806614654315e-02
8.013629260955057454e-02
8.004852525426446597e-02
7.996118368685896372e-02
7.987426560729375680e-02
7.978776872883390492e-02
7.970169077796714074e-02
7.961602949432143583e-02
7.953078263058381558e-02
7.944594795241928520e-02
7.936152323838996381e-02
7.927750627987596721e-02
7.919389488099511099e-02
7.911068685852455651e-02
7.902788004182365045e-02
7.894547227275440504e-02
7.886346140560537843e-02
7.878184530701531907e-02
7.870062185589679626e-02
7.861978894336067725e-02
7.853934447264068752e-02
7.845928635901995574e-02
7.837961252975605975e-02
7.830032092400808497e-02
7.822140949276369659e-02
7.814287619876614244e-02
7.806471901644278233e-02
7.798693593183365913e-02
7.790952494252038896e-02
7.783248405755506527e-02
7.775581129739146669e-02
7.767950469381421086e-02
7.760356228987062843e-02
7.752845840524444365e-02
7.745395878473793072e-02
7.737981028620390112e-02
7.730601107827538010e-02
7.723255933951678198e-02
7.715945325837067492e-02
7.708669103310408777e-02
7.701427087175556629e-02
7.694219099208303436e-02
7.687044962150989258e-02
7.679904499707423948e-02
7.672797536537601104e-02
7.665723898252566060e-02
7.658689566866987153e-02
7.651799275789784860e-02
7.644941054985694706e-02
7.638114736221231216e-02
7.631320152207837770e-02
7.624557136596196716e-02
7.617825523970675472e-02
7.611125149843839255e-02
7.604455850650868043e-02
7.597817463744155342e-02
7.591209827387832010e-02
7.584632780752396941e-02
7.578086163909399098e-02
7.571569817825993254e-02
7.565083584359713620e-02
7.558627306253265510e-02
7.552200827129168514e-02
7.545803991484663353e-02
7.539436644686514644e-02
7.533098632965880281e-02
7.526789803413204416e-02
7.520510003973150670e-02
7.514259083439590869e-02
7.508036891450553529e-02
7.501843278483313893e-02
7.495678095849381273e-02
7.489541195689662645e-02
7.483432430969513827e-02
7.477351655473919723e-02
7.471298723802702324e-02
7.465273491365680136e-02
7.459275814377942793e-02
7.453305549855082646e-02
7.447362555608558199e-02
7.441446690240957618e-02
7.435557813141380201e-02
7.429695784480849774e-02
7.423860465207667014e-02
7.418051717042915827e-02
7.412269402475910041e-02
7.406513384759655372e-02
7.400783527906458492e-02
7.395079696683402870e-02
7.389401756607934246e-02
7.383749573943571010e-02
7.378123015695391140e-02
7.372521949605846669e-02
7.366946244150290868e-02
7.361395768532866257e-02
7.355870392682119230e-02
7.350369987246795078e-02
7.344894423591706578e-02
7.339443573793444364e-02
7.334017310636299636e-02
7.328615507608154944e-02
7.323238038896280611e-02
7.317884779383365679e-02
7.312555604643376783e-02
7.307250390937618245e-02
7.301969015210642289e-02
7.296711355086352158e-02
7.291477288863992823e-02
7.286266695514233283e-02
7.281079454675243312e-02
7.275915446648893725e-02
7.270774552396794266e-02
7.265656653536507747e-02
7.260561632337715621e-02
7.255489371718512603e-02
7.250439755241536166e-02
7.245412667110245897e-02
7.240407992165265316e-02
7.235425615880626549e-02
7.230465424360130178e-02
7.225527304333660694e-02
7.220611143153582434e-02
7.215716828791186865e-02
7.210844249832931707e-02
7.205993295477094995e-02
7.201163855530059998e-02
7.196355820402935977e-02
7.191569081107931916e-02
7.186803529254992551e-02
7.182059057048237327e-02
7.177335557282601974e-02
7.172632923340406530e-02
7.167951049187920587e-02
7.163289829372042339e-02
7.158649159016931829e-02
7.154028933820669178e-02
7.149429050051921142e-02
7.144849404546706195e-02
7.140355055489998326e-02
7.135918198373954191e-02
7.131500541172913765e-02
7.127101987523240534e-02
