4.267676016683683571e+00
8.295048004030375344e-01
6.478458681341067171e-01
6.185298660873526089e-01
5.970134381167238047e-01
5.782647760021306649e-01
5.613350210338404755e-01
5.466671938424160215e-01
5.336195555096669985e-01
5.219330067230210091e-01
5.112099805332752656e-01
5.009953738606993667e-01
4.912537172027518495e-01
4.819546078538596290e-01
4.731029987573829865e-01
4.650368156870641201e-01
4.573052093632949400e-01
4.498856061229565273e-01
4.429866069071857204e-01
4.367524923727141850e-01
4.307364337531940368e-01
4.250658207291290180e-01
4.196741874407265982e-01
4.148478154117739569e-01
4.101409190430108653e-01
4.055481401367267424e-01
4.010645117831433959e-01
3.969701468138913114e-01
3.929715591144143372e-01
3.890707687950246685e-01
3.852519482405621365e-01
3.815080597592229172e-01
3.779550121130869633e-01
3.746604449269870241e-01
3.714210536451817424e-01
3.682350259152777916e-01
3.651006836043596548e-01
3.620164678970663186e-01
3.589809262059691641e-01
3.559927006724692977e-01
3.530505180631388629e-01
3.501531808900353870e-01
3.472995596043779720e-01
3.444885857313434441e-01
3.417192458299216917e-01
3.389905761760123037e-01
3.363016580794513377e-01
3.336516137566581386e-01
3.310396026902477917e-01
3.284648184154304595e-01
3.259264856804566235e-01
3.234238579348996945e-01
3.209562151052831602e-01
3.185228616225893039e-01
3.161231246705762388e-01
3.137563526277043491e-01
3.114219136788377029e-01
3.091191945758652304e-01
3.068475995289745017e-01
3.046065492125911156e-01
3.023954798719865056e-01
3.002138425183088488e-01
2.980611022013156530e-01
2.959367373504283583e-01
2.938402391759026844e-01
2.917711111229332466e-01
2.897288683724110747e-01
2.877130373828366006e-01
2.857231554685845665e-01
2.837587704103115560e-01
2.818194400938284772e-01
2.799047321742240135e-01
2.780142237624160795e-01
2.762184492866987529e-01
2.744466659320097812e-01
2.726963257004966779e-01
2.709670697419297447e-01
2.692585470125957725e-01
2.675704140217124993e-01
2.659023345946605055e-01
2.642539796511673700e-01
2.626250269968182227e-01
2.610151611264712734e-01
2.594240730383341464e-01
2.578514600576136129e-01
2.562970256687890913e-01
2.547604793556739189e-01
2.532415364485418041e-01
2.517399179776747542e-01
2.502553505327750893e-01
2.487875661277521300e-01
2.473363020704503756e-01
2.459039828735263000e-01
2.445066477989864262e-01
2.431247147948213394e-01
2.418106072919526117e-01
2.405175784712927090e-01
2.392374948774457222e-01
2.379701829687787262e-01
2.367154720285210845e-01
2.354731941095995207e-01
2.342431839812560146e-01
2.330252790773104932e-01
2.318193194459411965e-01
2.306251477008743889e-01
2.294554461970971515e-01
2.283232263788617100e-01
2.272013051521818428e-01
2.260895589167367659e-01
2.249878657855000075e-01
2.238961055631695507e-01
2.228141597246508787e-01
2.217419113936015540e-01
2.206792453210401350e-01
2.196260478640361669e-01
2.185822069644814403e-01
2.175476121279586172e-01
2.165221544027128575e-01
2.155057263587350225e-01
2.144982220669675588e-01
2.134995370786389179e-01
2.125095684047369760e-01
2.115282144956274757e-01
2.105553752208268459e-01
2.096320991628134733e-01
2.087263846762263397e-01
2.078281323900131039e-01
2.069372577776842359e-01
2.060536774673416838e-01
2.051773092274974397e-01
2.043080719528175271e-01
2.034458856498100598e-01
2.025906714224841865e-01
2.017423514579892163e-01
2.009008490122617396e-01
2.000660883956870417e-01
1.992379949587966825e-01
1.984164950780109293e-01
1.976015161414425569e-01
1.967929865347674834e-01
1.959908356271810037e-01
1.951949937574396776e-01
1.944053922200061901e-01
1.936219632512962419e-01
1.928446400160445939e-01
1.920733565937866039e-01
1.913080479654673816e-01
1.905486500001827566e-01
1.897950994420543325e-01
1.890473338972439021e-01
1.883052918211128024e-01
1.875689125055248208e-01
1.868381360663004531e-01
1.861129034308199592e-01
1.853931563257814330e-01
1.846788372651118615e-01
1.839698895380359744e-01
1.832662571972993593e-01
1.825717116112276495e-01
1.818852170491231379e-01
1.812035881333537712e-01
1.805267788983448696e-01
1.798547439383956503e-01
1.791874383996944209e-01
1.785248179724410467e-01
1.778668388830816072e-01
1.772134578866487731e-01
1.765646322592132333e-01
1.759203197904417593e-01
1.752804787762620720e-01
1.746450680116355125e-01
1.740140467834343230e-01
1.733873748634244816e-01
1.727650125013516780e-01
1.721469204181316492e-01
1.715330597991413797e-01
1.709233922876112755e-01
1.703178799781185082e-01
1.697164854101777809e-01
1.691191715619302371e-01
1.685259018439295153e-01
1.679366400930222825e-01
1.673513505663237755e-01
1.667699979352855466e-01
1.661925472798555792e-01
1.656189640827288034e-01
1.650492142236864579e-01
1.644832639740251012e-01
1.639210799910698901e-01
1.633626293127762308e-01
1.628078793524142254e-01
1.622567978933356914e-01
1.617093530838257520e-01
1.611655134320320315e-01
1.606252478009755069e-01
1.600885254036384930e-01
1.595553157981303427e-01
1.590255888829286424e-01
1.584993148921952089e-01
1.579872642281926476e-01
1.574809220669783905e-01
1.569777365705169736e-01
1.564776817873785308e-01
1.559807320526214180e-01
1.554868619838285226e-01
1.549960464772055513e-01
1.545082607037386868e-01
1.540234801054113367e-01
1.535540205518895196e-01
1.530878827391430330e-01
1.526244272283531489e-01
1.521636347166445968e-01
1.517054860842461939e-01
1.512499623922078928e-01
1.507970448801535523e-01
1.503467149640663747e-01
1.498989542341102044e-01
1.494537444524821068e-01
1.490110675512995864e-01
1.485709056305180298e-01
1.481332409558814289e-01
1.476980559569023577e-01
1.472653332248751168e-01
1.468350555109154687e-01
1.464072057240335123e-01
1.459817669292324538e-01
1.455587223456386026e-01
1.451380553446563748e-01
1.447197494481540780e-01
1.443037883266747867e-01
1.438901557976740297e-01
1.434788358237845118e-01
1.430698125111055929e-01
1.426630701075179974e-01
1.422585930010253352e-01
1.418563657181170501e-01
1.414563729221576527e-01
1.410612599237599518e-01
1.406713024987933658e-01
1.402834921055502726e-01
1.398978387094658715e-01
1.395148407486995756e-01
1.391339320832074011e-01
1.387550988139589769e-01
1.383783271574248186e-01
1.380036034444264981e-01
1.376309141190002749e-01
1.372602457372726070e-01
1.368915849663474293e-01
1.365249185832044798e-01
1.361602334736123632e-01
1.357980385232889498e-01
1.354400041667635501e-01
1.350839174580154012e-01
1.347297648966878092e-01
1.343775331075865997e-01
1.340272088391992744e-01
1.336787789622325973e-01
1.333322304681739678e-01
1.329875504678685594e-01
1.326447261901182451e-01
1.323037449802986765e-01
1.319645942989953469e-01
1.316272617206582507e-01
1.312917349322749727e-01
1.309580017320615963e-01
1.306260500281712367e-01
1.302958678374204760e-01
1.299674432840326743e-01
1.296438562790561688e-01
1.293224909902540576e-01
1.290027910869438188e-01
1.286847458519711773e-01
1.283683446598689604e-01
1.280535769758349429e-01
1.277419964376220185e-01
1.274351418208536368e-01
1.271297975852640483e-01
1.268283206169227295e-01
1.265350040764281758e-01
1.262430785934551269e-01
1.259525365564293786e-01
1.256633704080398484e-01
1.253755726446787733e-01
1.250891358158899291e-01
1.248040525238240939e-01
1.245203154227022824e-01
1.242379172182868224e-01
1.239568506673596471e-01
1.236771085772071926e-01
1.233986838051138041e-01
1.231215692578607468e-01
1.228457578912332954e-01
1.225712427095335122e-01
1.222980167651005201e-01
1.220260731578370339e-01
1.217554050347424560e-01
1.214860055894516760e-01
1.212178680617817667e-01
1.209509857372819269e-01
1.206853519467930846e-01
1.204209600660108154e-01
1.201578035150540763e-01
1.198958757580413925e-01
1.196351703026721364e-01
1.193756806998114706e-01
1.191174005430839650e-01
1.188603234684694893e-01
1.186044431539069188e-01
1.183497533189010603e-01
1.180962477241364467e-01
1.178439201710942130e-01
1.175927645016762169e-01
1.173427745978317810e-01
1.170939443811911396e-01
1.168462678127023674e-01
1.165997388922731526e-01
1.163543516584179538e-01
1.161101001879086825e-01
1.158669785954300618e-01
1.156249810332401207e-01
1.153841016908337958e-01
1.151443347946112944e-01
1.149056746075511615e-01
1.146681154288868992e-01
1.144316515937868206e-01
1.141962774730399394e-01
1.139619874727437476e-01
1.137287760339969894e-01
1.134966376325954596e-01
1.132655667787324516e-01
1.130355580167027307e-01
1.128066059246087410e-01
1.125787051140720169e-01
1.123518502299476474e-01
1.121260359500420994e-01
1.119012569848338162e-01
1.116775080771984091e-01
1.114547840021362091e-01
1.112330795665037869e-01
1.110123896087470557e-01
1.107927089986402713e-01
1.105740326370257820e-01
1.103563554555574006e-01
1.101396724164477314e-01
1.099239785122173990e-01
1.097092687654472459e-01
1.094955382285345419e-01
1.092827819834506636e-01
1.090709951415021056e-01
1.088601728430947102e-01
1.086503102574995355e-01
1.084414025826229977e-01
1.082334450447774710e-01
1.080264328984566757e-01
1.078203614261124543e-01
1.076152259379339338e-01
1.074110217716297278e-01
1.072077442922124563e-01
1.070053888917854717e-01
1.068039509893321665e-01
1.066034260305072506e-01
1.064038094874312917e-01
1.062050968584855870e-01
1.060072836681124758e-01
1.058103654666138066e-01
1.056143378299555374e-01
1.054191963595711434e-01
1.052249366821701865e-01
1.050315544495461495e-01
1.048390453383882537e-01
1.046474050500945108e-01
1.044566293105871208e-01
1.042670527556081583e-01
1.040808887136869809e-01
1.038955444554106877e-01
1.037110160533512709e-01
1.035272996024403785e-01
1.033443912197912068e-01
1.031622870445212808e-01
1.029809832375767203e-01
1.028004759815607100e-01
1.026207614805614565e-01
1.024418359599839345e-01
1.022636956663834085e-01
1.020863368673004951e-01
1.019097558510977108e-01
1.017339489267997804e-01
1.015589124239334728e-01
1.013846426923711436e-01
1.012111361021752753e-01
1.010383890434445597e-01
1.008663979261626431e-01
1.006951591800476914e-01
1.005246692544044529e-01
1.003549246179772786e-01
1.001859217588055295e-01
1.000176571840798723e-01
9.985012742000110020e-02
9.968332901163964865e-02
9.951725852279721951e-02
9.935191253586961313e-02
9.918728765171144768e-02
9.902338048950241889e-02
9.886018768661405942e-02
9.869770589847952358e-02
9.853593179846371897e-02
9.837486207773478430e-02
9.821449344513755175e-02
9.805482262706828600e-02
9.789584636734996459e-02
9.773756142711068073e-02
9.757996458466045020e-02
9.742305263537302806e-02
9.726682239156549115e-02
9.711127068238128990e-02
9.695639435367355008e-02
9.680219026789042835e-02
9.664865530396013482e-02
9.649578635717927233e-02
9.634358033910007946e-02
9.619203417742104578e-02
9.604114481587670837e-02
9.589090921412947444e-02
9.574132434766283173e-02
9.559238720767516961e-02
9.544409480097440501e-02
9.529644414987452350e-02
9.514943229209252284e-02
9.500305628064621699e-02
9.485731318375374699e-02
9.471220008473328622e-02
9.456869432801734421e-02
9.442611713111925820e-02
9.428414689575227714e-02
9.414278092256700425e-02
9.400201652492863602e-02
9.386185102884707365e-02
9.372228177290908846e-02
9.358330610820951578e-02
9.344492139828429467e-02
9.330712501904281364e-02
9.316991435870208837e-02
9.303328681771994013e-02
9.289723980873032527e-02
9.276177075647720760e-02
9.262687709775126177e-02
9.249255628132545259e-02
9.235880576789087804e-02
9.222562302999412487e-02
9.209300555197524885e-02
9.196095082990443648e-02
9.182945637152133134e-02
9.169851969617308363e-02
9.156813833475435649e-02
9.143830982964597232e-02
9.130903173465601541e-02
9.118030161495967179e-02
9.105211704704024855e-02
9.092447561863094274e-02
9.079737492865631865e-02
9.067081258717411829e-02
9.054478621531873717e-02
9.041929344524352041e-02
9.029433192006437736e-02
9.016989929380370139e-02
9.004599323133415101e-02
8.992261140832399913e-02
8.979975151118071985e-02
8.967741123699754513e-02
8.955558829349893890e-02
8.943428039898572435e-02
8.931348528228304218e-02
8.919320068268522805e-02
8.907342434990447866e-02
8.895415404401792181e-02
8.883538753541474209e-02
8.871712260474505507e-02
8.859935704286815705e-02
8.848208865080159358e-02
8.836531523967000590e-02
8.824903463065411624e-02
8.813324465494196125e-02
8.801794315367789112e-02
8.790312797791291488e-02
8.778879698855629465e-02
8.767494805632608523e-02
8.756157906170015937e-02
8.744868789486880123e-02
8.733627245568624520e-02
8.722433065362236726e-02
8.711286040771636097e-02
8.700185964652859538e-02
8.689132630809451308e-02
8.678125833987791748e-02
8.667165369872406600e-02
8.656251035081476142e-02
8.645382627162143119e-02
8.634559944586092661e-02
8.623782786744928208e-02
8.613050953945745880e-02
8.602364247406660280e-02
8.591722469252358052e-02
8.581125422509690293e-02
8.570572911103295499e-02
8.560064739851211413e-02
8.549600714460613149e-02
8.539180641523416715e-02
8.528804328512053223e-02
8.518471583775209799e-02
8.508182216533570486e-02
8.497936036875645971e-02
8.487732855753510330e-02
8.477572484978772305e-02
8.467454737218313432e-02
8.457379425990210753e-02
8.447346365659702538e-02
8.437355371435076301e-02
8.427406259363591501e-02
8.417498846327522988e-02
8.407632950040128117e-02
8.397808389041680477e-02
8.388024982695525822e-02
8.378282551184113025e-02
8.368580915505116624e-02
8.358919897467562143e-02
8.349299319687909782e-02
8.339719005586242184e-02
8.330178779382436949e-02
8.320678466092379377e-02
8.311217891524115553e-02
8.301796882274191380e-02
8.292415265723775131e-02
8.283072870035106117e-02
8.273769524147620014e-02
8.264505057774403085e-02
8.255279301398438241e-02
8.246092086269031507e-02
8.236943244398110819e-02
8.227832608556716332e-02
8.218760012271328352e-02
8.209725289820367367e-02
8.200728276230608016e-02
8.191768807273659692e-02
8.182846719462490148e-02
8.173961850047867239e-02
8.165114037014950532e-02
8.156303119079792718e-02
8.147528935685958984e-02
8.138791327001015929e-02
8.130090133913263351e-02
8.121425198028184300e-02
8.112796361665246259e-02
8.104203467854434462e-02
8.095646360332994784e-02
8.087124883542082254e-02
8.078638882623441486e-02
8.070188203416207851e-02
8.061772692453554601e-02
8.053392196959521798e-02
8.045046564845717563e-02
8.036735644708170589e-02
8.028459285824092462e-02
8.020217338148713515e-02
8.012009652312096497e-02
8.003836079616016841e-02
7.995696472030829061e-02
7.987590682192341474e-02
7.979518563398688147e-02
7.971479969607282723e-02
7.963474755431769470e-02
7.955502776138877186e-02
7.947563887645481273e-02
7.939657946515554787e-02
7.931784809957058424e-02
7.923944335819141371e-02
7.916136382588963294e-02
7.908360809388892410e-02
7.900617475973432946e-02
7.892906242726357990e-02
7.885354376214963323e-02
7.877843042267265727e-02
7.870362080735503196e-02
7.862911365210691061e-02
7.855490769809288232e-02
7.848100169171241813e-02
7.840739438457888788e-02
7.833408453350025613e-02
7.826107090045814063e-02
7.818835225258821686e-02
7.811592736215992872e-02
7.804379500655674040e-02
7.797195396825606917e-02
7.790040303480941231e-02
7.782914099882315417e-02
7.775816665793754134e-02
7.768747881480836392e-02
7.761707627708663848e-02
7.754695785739899871e-02
7.747712237332853025e-02
