8.555963715733684305e-01
6.380080258692786277e-01
5.854221877763069459e-01
5.651956438476666289e-01
5.511107835536771526e-01
5.402112178488981398e-01
5.322471901057048704e-01
5.251553622982734204e-01
5.186742249280666961e-01
5.126408397335273648e-01
5.069518318220830322e-01
5.015399955666680620e-01
4.963602467643920546e-01
4.915326630914403361e-01
4.870648297256895964e-01
4.828452497761511197e-01
4.788031694834764540e-01
4.748695649232955174e-01
4.710384835658961156e-01
4.673016298974163041e-01
4.636533412948261601e-01
4.600886479451654631e-01
4.566233478500139054e-01
4.535315758670638298e-01
4.504971756069237054e-01
4.475175799641521457e-01
4.445904167544328378e-01
4.417134866350500566e-01
4.388847451277160250e-01
4.361022875479805272e-01
4.333643360805117806e-01
4.306692285044785851e-01
4.280154082359287071e-01
4.254014154551357674e-01
4.228258791506884773e-01
4.202875099533062153e-01
4.177850936596751441e-01
4.153455084056765778e-01
4.131494463445656851e-01
4.109778250128484633e-01
4.088811593586227366e-01
4.068900388563445603e-01
4.049171813569694134e-01
4.029623099476674075e-01
4.010251507662114245e-01
3.991054335113319307e-01
3.972028918599078140e-01
3.953172638028688568e-01
3.934482919103383103e-01
3.915957235353332844e-01
3.897593109642714659e-01
3.879388115215587352e-01
3.861339876346903677e-01
3.843446068655215209e-01
3.825704419127002875e-01
3.808112705896383177e-01
3.790668757818744794e-01
3.773370453872011421e-01
3.756215722415089941e-01
3.739328045566025494e-01
3.722992691262972942e-01
3.706780013492254611e-01
3.690686260190118584e-01
3.674710297744773757e-01
3.658924050976087861e-01
3.644007233081325015e-01
3.629190099845922557e-01
3.614471902227497369e-01
3.599851892156368249e-01
3.585329322931697371e-01
3.570903449574507338e-01
3.556573529142463275e-01
3.542338821010865280e-01
3.528198587123643759e-01
3.514152092217828760e-01
3.500198604024471472e-01
3.486337393448697974e-01
3.472586041469658547e-01
3.459172629811763100e-01
3.445844016043247970e-01
3.432599632660127686e-01
3.419438908762855167e-01
3.406361270605011149e-01
3.393366142100792127e-01
3.380452945294822320e-01
3.367621100797386080e-01
3.354870028187958431e-01
3.342199146389596698e-01
3.329607874016508040e-01
3.317095629696917292e-01
3.304661832373153585e-01
3.292305901580672711e-01
3.280027257707614496e-01
3.267825322236333485e-01
3.255699517968191903e-01
3.243649269232836141e-01
3.231674002083023134e-01
3.219773144476010818e-01
3.207946126442418611e-01
3.196192380243392250e-01
3.184511340516848477e-01
3.172902444413491785e-01
3.161365131723268274e-01
3.149898844992848890e-01
3.138568210959801208e-01
3.127320482722767969e-01
3.116141943651231649e-01
3.105032040761245837e-01
3.093990224595812855e-01
3.083015949281058266e-01
3.072108672577645305e-01
3.061267855927692905e-01
3.050492964497474313e-01
3.039783467216105040e-01
3.029138836810477686e-01
3.018558549836626304e-01
3.008042086707707896e-01
2.997588931718805916e-01
2.987198573068693408e-01
2.976870502878729563e-01
2.966604217209035665e-01
2.956399216072082003e-01
2.946255003443819520e-01
2.936171087272480551e-01
2.926146979485164668e-01
2.916182195992313986e-01
2.906276256690194515e-01
2.896428685461460706e-01
2.886639010173926989e-01
2.876906762677610696e-01
2.867231478800141287e-01
2.857612698340618596e-01
2.848049965061996147e-01
2.838542826682063924e-01
2.829090834863097759e-01
2.819693545200256946e-01
2.810350517208771715e-01
2.801061314310004380e-01
2.791825503816439125e-01
2.782714823262531501e-01
2.773831497916974254e-01
2.764998106013270007e-01
2.756214252151277244e-01
2.747479544411660646e-01
2.738793594345861337e-01
2.730156016964832011e-01
2.721665463093685955e-01
2.713293346804708794e-01
2.705073221008695850e-01
2.696905482891044370e-01
2.688779351918562099e-01
2.680694525501691738e-01
2.672650703813995721e-01
2.664647589771041436e-01
2.656684889009107708e-01
2.648762309863716413e-01
2.640879563348028092e-01
2.633036363131086577e-01
2.625232425515947599e-01
2.617467469417703030e-01
2.609741216341403547e-01
2.602053390359909124e-01
2.594403718091667921e-01
2.586791928678431884e-01
2.579217753762951815e-01
2.571680927466610256e-01
2.564380659652568117e-01
2.557168742987275811e-01
2.549990828138113952e-01
2.542846686172552939e-01
2.535736090127370113e-01
2.528728148908928053e-01
2.521913110192661178e-01
2.515128130145242724e-01
2.508373020274066167e-01
2.501647593644105716e-01
2.494951664866003060e-01
2.488285050084084737e-01
2.481647566964297891e-01
2.475039034682115779e-01
2.468459273910355856e-01
2.461908106807005059e-01
2.455385357002959623e-01
2.448890849589770158e-01
2.442424411107355642e-01
2.435985869531698267e-01
2.429575054262525791e-01
2.423213538085962071e-01
2.416879882173261218e-01
2.410573130366382155e-01
2.404293131366792846e-01
2.398039734793012412e-01
2.391812791180972231e-01
2.385612151984061735e-01
2.379437669572847802e-01
2.373289197234486614e-01
2.367166589171849911e-01
2.361069700502375635e-01
2.354998387256651560e-01
2.348952506376758564e-01
2.342931915714368263e-01
2.336936474028622479e-01
2.330966040983798171e-01
2.325020477146764741e-01
2.319099643984256220e-01
2.313400168896492803e-01
2.307744683269856434e-01
2.302111492596656817e-01
2.296500481440304775e-01
2.290911534992743637e-01
2.285344539075669090e-01
2.279799380141479537e-01
2.274275945274006061e-01
2.268774122188997044e-01
2.263293799234398496e-01
2.257834865390407619e-01
2.252397210269350136e-01
2.246980724115344719e-01
2.241585297803798671e-01
2.236210822840735968e-01
2.230857191361942937e-01
2.225524296131982105e-01
2.220212030543035342e-01
2.214920288613618227e-01
2.209648964987156738e-01
2.204397954930440162e-01
2.199167154331941321e-01
2.193956459700040218e-01
2.188765768161121394e-01
2.183594977457579411e-01
2.178443985945722750e-01
2.173312692593586948e-01
2.168200996978654205e-01
2.163126469708196442e-01
2.158197055903656736e-01
2.153285649201633067e-01
2.148392159565406523e-01
2.143516497524382003e-01
2.138658574171245497e-01
2.133818301159082498e-01
2.128995590698437024e-01
2.124190355554343157e-01
2.119402509043301075e-01
2.114631965030226712e-01
2.109878637925362843e-01
2.105142442681161297e-01
2.100423294789131312e-01
2.095721110276667354e-01
2.091035805703851669e-01
2.086367298160230199e-01
2.081715505261581833e-01
2.077080345146654905e-01
2.072461736473900640e-01
2.067859598418185230e-01
2.063273850667501630e-01
2.058765089805250359e-01
2.054305559930060532e-01
2.049861091623295661e-01
2.045431619002455181e-01
2.041017076542177844e-01
2.036617399072280232e-01
2.032232521775802769e-01
2.027862380187042957e-01
2.023506910189572516e-01
2.019166048014273407e-01
2.014839730237340254e-01
2.010527893778310260e-01
2.006230475898064525e-01
2.001947414196851016e-01
1.997678646612285336e-01
1.993424111417371469e-01
1.989183747218507825e-01
1.984957492953503266e-01
1.980745287889601469e-01
1.976547071621486962e-01
1.972362784069320307e-01
1.968192365476755523e-01
1.964035756408979982e-01
1.959892897750743768e-01
1.955763730704401793e-01
1.951648196787969802e-01
1.947546237833161775e-01
1.943457795983468683e-01
1.939382813692208385e-01
1.935321233720609657e-01
1.931272999135894841e-01
1.927238053309360266e-01
1.923216339914480544e-01
1.919207802925018136e-01
1.915212386613126538e-01
1.911230035547483441e-01
1.907260694591419725e-01
1.903304308901057340e-01
1.899360823923467168e-01
1.895430185394823830e-01
1.891512339338577708e-01
1.887607232063638618e-01
1.883714810162557263e-01
1.879835020509732502e-01
1.875967810259620006e-01
1.872113126844952291e-01
1.868270917974967915e-01
1.864441131633657323e-01
1.860623716078010914e-01
1.856818619836283490e-01
1.853025791706268133e-01
1.849245180753576745e-01
1.845476736309942245e-01
1.841720407971515483e-01
1.837976145597189637e-01
1.834243899306918224e-01
1.830523619480065034e-01
1.826815256753744066e-01
1.823118762021182504e-01
1.819434086430093134e-01
1.815761181381054246e-01
1.812099998525903699e-01
1.808450489766139646e-01
1.804812607251340406e-01
1.801186303377584341e-01
1.797571530785889715e-01
1.793968242360657328e-01
1.790376391228136188e-01
1.786795930754884465e-01
1.783226814546249039e-01
1.779668996444863371e-01
1.776122430529137597e-01
1.772587071111776658e-01
1.769062872738302039e-01
1.765549790185575729e-01
1.762047778460356096e-01
1.758556792797842105e-01
1.755076788660237808e-01
1.751642082432762204e-01
1.748227693746685074e-01
1.744824190264514241e-01
1.741431525212008835e-01
1.738049652079831087e-01
1.734678524621604268e-01
1.731318096852005051e-01
1.727968323044864751e-01
1.724629157731280005e-01
1.721300555697757306e-01
1.717982471984360049e-01
1.714674861882871659e-01
1.711377680934991208e-01
1.708090884930524855e-01
1.704814429905601447e-01
1.701548272140911422e-01
1.698292368159947940e-01
1.695046674727273273e-01
1.691811148846794621e-01
1.688585747760062983e-01
1.685370428944571453e-01
1.682165150112091001e-01
1.678969869207000143e-01
1.675784544404639309e-01
1.672609134109681039e-01
1.669443596954508779e-01
1.666287891797609555e-01
1.663141977721991904e-01
1.660005814033601312e-01
1.656890112456677611e-01
1.653812827716261147e-01
1.650745063359960740e-01
1.647686779435192372e-01
1.644637936211704732e-01
1.641598494179952461e-01
1.638568414049503819e-01
1.635547656747450562e-01
1.632536183416830322e-01
1.629533955415079505e-01
1.626540934312479536e-01
1.623557081890635856e-01
1.620582360140953304e-01
1.617616731263139818e-01
1.614660157663719287e-01
1.611718862702675448e-01
1.608786514098131948e-01
1.605862977915374079e-01
1.602948218627703036e-01
1.600042200896588940e-01
1.597144889570379089e-01
1.594256249682996229e-01
1.591376246452671506e-01
1.588504845280667988e-01
1.585642011750021951e-01
1.582787711624308036e-01
1.579941910846394126e-01
1.577104575537223163e-01
1.574275671994598280e-01
1.571455166691981820e-01
1.568643026277302954e-01
1.565839217571777242e-01
1.563043707568732288e-01
1.560256463432453944e-01
1.557477452497030845e-01
1.554706642265209493e-01
1.551944000407275703e-01
1.549189494759921626e-01
1.546443093325139961e-01
1.543704764269122898e-01
1.540974475921166598e-01
1.538252196772591784e-01
1.535537895475666548e-01
1.532831540842545526e-01
1.530133101844210475e-01
1.527442547609428602e-01
1.524759847423707571e-01
1.522084970728276032e-01
1.519417887119056676e-01
1.516758566345656201e-01
1.514106978310363893e-01
1.511463093067153540e-01
1.508826880820703098e-01
1.506198311925409650e-01
1.503577356884425453e-01
1.501093313505334204e-01
1.498620845056824469e-01
1.496155019077524961e-01
1.493695812098784492e-01
1.491243200760849485e-01
1.488797161812184522e-01
1.486357672108786498e-01
1.483924708613514054e-01
1.481498248395417550e-01
1.479078268629080706e-01
1.476664746593957800e-01
1.474257659673728071e-01
1.471856985355648462e-01
1.469462701229914681e-01
1.467074784989027547e-01
1.464693214427161549e-01
1.462317967439545618e-01
1.459949022021841403e-01
1.457586356269535144e-01
1.455229948377323168e-01
1.452879776638517362e-01
1.450535819444440100e-01
1.448198055283840269e-01
1.445866462742297909e-01
1.443541020501646621e-01
1.441221707339394031e-01
1.438908502128149747e-01
1.436601383835056922e-01
1.434300331521229654e-01
1.432005324341191210e-01
1.429716341542325020e-01
1.427433362464320121e-01
1.425156366538627983e-01
1.422885333287922660e-01
1.420620242325561222e-01
1.418361073355056401e-01
1.416107806169544514e-01
1.413860420651264493e-01
1.411618896771039133e-01
1.409383214587756061e-01
1.407153354247859256e-01
1.404929295984846949e-01
1.402747120393990354e-01
1.400592547159796863e-01
1.398443280523432308e-01
1.396299304702893485e-01
1.394160603964239575e-01
1.392027162621524705e-01
1.389898965036724388e-01
1.387775995619667246e-01
1.385658238827960353e-01
1.383545679166915676e-01
1.381438301189471529e-01
1.379336089496125684e-01
1.377239028734843773e-01
1.375147103600993514e-01
1.373060298837256443e-01
1.370978599233550477e-01
1.368901989626946092e-01
1.366830454901586667e-01
1.364763979988599107e-01
1.362702549866015023e-01
1.360646149558679685e-01
1.358594764138166266e-01
1.356548378722687576e-01
1.354506978477010848e-01
1.352470548612363377e-01
1.350439074386343419e-01
1.348412541102831097e-01
1.346390934111891535e-01
1.344374238809685762e-01
1.342362440638374121e-01
1.340355525086024402e-01
1.338353477686513027e-01
1.336356284019431795e-01
1.334363929709989349e-01
1.332376400428914864e-01
1.330393681892358126e-01
1.328415759861790446e-01
1.326442620143907514e-01
1.324474248590525871e-01
1.322510631098486877e-01
1.320551753609548462e-01
1.318597602110288258e-01
1.316648162632000629e-01
1.314703421250589255e-01
1.312763364086468876e-01
1.310827977304456771e-01
1.308897247113669782e-01
1.306971159767420787e-01
1.305049701563108233e-01
1.303132858842113162e-01
1.301220617989694017e-01
1.299312965434875344e-01
1.297450029270709182e-01
1.295628672435136519e-01
1.293811448560948096e-01
1.291998346444684365e-01
1.290189354911658315e-01
1.288384462815968801e-01
1.286583659040517746e-01
1.284786932497016809e-01
1.282994272126007640e-01
1.281205666896862716e-01
1.279421105807794778e-01
1.277640577885867934e-01
1.275864072186993770e-01
1.274094568919388881e-01
1.272330032812525880e-01
1.270569514494601926e-01
1.268813002791953359e-01
1.267064337799197471e-01
1.265365753575265761e-01
1.263670986418173880e-01
1.261980025789438686e-01
1.260292861180226098e-01
1.258609482111338052e-01
1.256929878133172807e-01
1.255282225894710224e-01
1.253642448501812168e-01
1.252006328902528220e-01
1.250373856788072890e-01
1.248745021881326467e-01
1.247119813936774790e-01
1.245498222740443056e-01
1.243880238109828784e-01
1.242265849893843532e-01
1.240655047972738512e-01
1.239047822258047410e-01
1.237444162692510896e-01
1.235844059250020693e-01
1.234247501935540059e-01
1.232667264060142431e-01
1.231090576368718270e-01
1.229517278399248348e-01
1.227947361329611159e-01
1.226380816359715353e-01
1.224817634711502928e-01
1.223265663498549899e-01
1.221719107766272988e-01
1.220175846466163977e-01
1.218635871175015317e-01
1.217099173489527841e-01
1.215565745026335326e-01
1.214035577422021700e-01
1.212508662333137144e-01
1.210984991436223068e-01
1.209464556427816140e-01
1.207947349024472289e-01
1.206433360962780171e-01
1.204922583999367275e-01
1.203415009910918654e-01
1.201910630494183313e-01
1.200409437565982118e-01
1.198911422963221673e-01
1.197416578542894877e-01
1.195924896182094660e-01
1.194436367778010932e-01
1.192950985247942519e-01
1.191468740529292164e-01
1.189989625579578464e-01
1.188513632376430873e-01
1.187040752917588732e-01
1.185570979220907373e-01
1.184104303324351876e-01
1.182640717285994986e-01
1.181180213184017114e-01
1.179722783116699814e-01
1.178268419202421480e-01
1.176817113579651936e-01
1.175368858406945494e-01
1.173923645862936238e-01
1.172481468146326783e-01
1.171042317475880223e-01
1.169606186090414446e-01
1.168173066248785891e-01
1.166753575720155811e-01
1.165349582057621791e-01
1.163948499210065018e-01
1.162550319761263828e-01
1.161155036313491207e-01
1.159762641487523255e-01
1.158373127922634749e-01
