3.751682200009457624e+00
2.130026961824613263e+00
1.425758502761119928e+00
1.151437348327294385e+00
1.032519668757901909e+00
9.766663926352888714e-01
9.315901854224591938e-01
8.938075699079650605e-01
8.631147931295249931e-01
8.373112421346766698e-01
8.151328558286812243e-01
7.972672329311983885e-01
7.804657684647874349e-01
7.645198774414383447e-01
7.493716127308265307e-01
7.349431599591338404e-01
7.211519129848982246e-01
7.079409495484437764e-01
6.963680247037535853e-01
6.860319550503279906e-01
6.764642413549354361e-01
6.672195334011857826e-01
6.582564435320444884e-01
6.495560714629755594e-01
6.411018668593340131e-01
6.328792514101365674e-01
6.248753053190376772e-01
6.170785076432286909e-01
6.094785213145009761e-01
6.025440311793704984e-01
5.958521157900452669e-01
5.893149546218661161e-01
5.829261997724303201e-01
5.767217412420048150e-01
5.707026742852095991e-01
5.648062301429161991e-01
5.590967416038055138e-01
5.535224096885937861e-01
5.480825912768092500e-01
5.428572017898943836e-01
5.378800576104176834e-01
5.331328310302037021e-01
5.284678651231977664e-01
5.238828255610123996e-01
5.193754863786449461e-01
5.149437209400500315e-01
5.105854940650000895e-01
5.062988551357675560e-01
5.021277226637453905e-01
4.981190345077721737e-01
4.941944698414417192e-01
4.903281638481988836e-01
4.865188617847457375e-01
4.828874966862514162e-01
4.793250357880619039e-01
4.758112630342323235e-01
4.723451773037885548e-01
4.689258046567076343e-01
4.655617608426534382e-01
4.623261276064986602e-01
4.591311498305408745e-01
4.559760565955908174e-01
4.528600952743666030e-01
4.497825309762872315e-01
4.467426460291786250e-01
4.437606615160841761e-01
4.408196645268868119e-01
4.379143813636918736e-01
4.350441441274123799e-01
4.322083005693508895e-01
4.294062136960182796e-01
4.266372613860657248e-01
4.239008360183441626e-01
4.211963441102745676e-01
4.185232059658529069e-01
4.158808553327282831e-01
4.132687390678828621e-01
4.106863168115216234e-01
4.081330606688384210e-01
4.056084548993729721e-01
4.031119956137165228e-01
4.006431904773526398e-01
3.982015584214457782e-01
3.958221420180655370e-01
3.935061842052687830e-01
3.912152929164855464e-01
3.889490214794737444e-01
3.867069345730895780e-01
3.844886078630767035e-01
3.822936276517420739e-01
3.801215905408877327e-01
3.779774105184440236e-01
3.759110380265567319e-01
3.738652998585421106e-01
3.718398520343768610e-01
3.698343589521206343e-01
3.678484931251821966e-01
3.658819349294589185e-01
3.639343723599122726e-01
3.620055007961672788e-01
3.600950227767455436e-01
3.582026477815588583e-01
3.563280920223144688e-01
3.544710782404928984e-01
3.526313355125854088e-01
3.508085990622832884e-01
3.490026100793358621e-01
3.472131155447999995e-01
3.454398680624219953e-01
3.436826256959023551e-01
3.419411518118077309e-01
3.402152149279011883e-01
3.385045885666782550e-01
3.368090511139014698e-01
3.351283856819361473e-01
3.334623799777015618e-01
3.318108261750561949e-01
3.301735207914472392e-01
3.285827026623689973e-01
3.270104542334586473e-01
3.254515851920994907e-01
3.239059078473060516e-01
3.223732383574534066e-01
3.208533966282470784e-01
3.193462062139073576e-01
3.178514942214558103e-01
3.163690912179903392e-01
3.148988311408426610e-01
3.134405512105168934e-01
3.119940918463091628e-01
3.105741818398340404e-01
3.091915000843621364e-01
3.078194390770817024e-01
3.064578673776074957e-01
3.051066559696172797e-01
3.037656782002355338e-01
3.024348097213009345e-01
3.011149847954323611e-01
2.998052404985324104e-01
2.985052313066278162e-01
2.972148416340792965e-01
2.959339579334204773e-01
2.946624686464987541e-01
2.934002641570779280e-01
2.921472367448531560e-01
2.909255016772026581e-01
2.897239980210251642e-01
2.885308014548347844e-01
2.873641296018971114e-01
2.862114021217191939e-01
2.850664484692632117e-01
2.839291840137380674e-01
2.827995255098330607e-01
2.816773910676448334e-01
2.805627001233818030e-01
2.794553734108232157e-01
2.783553329335109461e-01
2.772625019376542266e-01
2.761768048857253244e-01
2.750981674307284575e-01
2.740265163911212998e-01
2.729617797263714785e-01
2.719038865131295224e-01
2.708527669220014422e-01
2.698083521949041219e-01
2.687705746229857029e-01
2.677393675250977489e-01
2.667146652268005957e-01
2.657057082199382192e-01
2.647145721379500771e-01
2.637292057466283368e-01
2.627495605862297245e-01
2.617755887493305456e-01
2.608072428730244252e-01
2.598444761312491136e-01
2.588872422272366913e-01
2.579419768992339823e-01
2.570241577735104532e-01
2.561113868752467604e-01
2.552036234423748495e-01
2.543008271788526620e-01
2.534029582477910769e-01
2.525099772647010909e-01
2.516218452908584036e-01
2.507385238267840211e-01
2.498599748058372982e-01
2.489861605879207795e-01
2.481170439532923988e-01
2.472525880964857037e-01
2.463927566203330810e-01
2.455375135300922329e-01
2.446868232276726285e-01
2.438406505059602936e-01
2.429989605432393285e-01
2.421617188977075730e-01
2.413288915020853909e-01
2.405004446583160205e-01
2.396763450323529387e-01
2.388565596490379861e-01
2.380410558870619808e-01
2.372298014740132077e-01
2.364227644815041773e-01
2.356199133203837892e-01
2.348212167360261005e-01
2.340266438036978647e-01
2.332361639240038420e-01
2.324497468184047733e-01
2.316673625248123758e-01
2.308889813932534230e-01
2.301145740816067653e-01
2.293460990465849281e-01
2.286039157625065488e-01
2.278654717816548658e-01
2.271307398746307549e-01
2.263996930926100160e-01
2.256723047635732782e-01
2.249485484885955788e-01
2.242283981381936464e-01
2.235118278487301657e-01
2.227988120188745813e-01
2.220893253061192174e-01
2.213833426233491886e-01
2.206836711424280395e-01
2.199960197692985842e-01
2.193115897843356810e-01
2.186303604624994790e-01
2.179523112588020173e-01
2.172774218063356078e-01
2.166056719143261144e-01
2.159370415662098808e-01
2.152715109177344432e-01
2.146090602950824489e-01
2.139496701930193034e-01
2.132933212730628025e-01
2.126399943616758548e-01
2.119896704484816874e-01
2.113423306845002014e-01
2.106979563804069477e-01
2.100565290048127254e-01
2.094180301825657453e-01
2.087824416930725013e-01
2.081497454686417337e-01
2.075199235928466002e-01
2.068929582989086080e-01
2.062688319681010019e-01
2.056475271281710537e-01
2.050290264517824756e-01
2.044133127549771778e-01
2.038003689956548181e-01
2.031901782720723637e-01
2.025827238213611103e-01
2.019779890180624093e-01
2.013759573726810470e-01
2.007894880793279768e-01
2.002116416186847936e-01
1.996363164673927992e-01
1.990634981302884798e-01
1.984931722188106595e-01
1.979253244500865927e-01
1.973599406460272154e-01
1.967970067324260053e-01
1.962365087380672224e-01
1.956784327938398405e-01
1.951227651318580281e-01
1.945694920845886799e-01
1.940186000839860536e-01
1.934700756606330396e-01
1.929239054428889266e-01
1.923800761560442996e-01
1.918385746214831822e-01
1.912993877558514522e-01
1.907625025702318344e-01
1.902279061693271656e-01
1.896955857506480436e-01
1.891655286037101091e-01
1.886377221092361556e-01
1.881121537383657616e-01
1.875888110518712792e-01
1.870676816993813163e-01
1.865487534186101581e-01
1.860320140345947115e-01
1.855174514589371382e-01
1.850050536890552044e-01
1.844948088074384596e-01
1.839867049809115751e-01
1.834807304599038458e-01
1.829768735777258792e-01
1.824751227498518924e-01
1.819754664732090577e-01
1.814778933254737325e-01
1.809823919643728241e-01
1.804889511269934521e-01
1.799975596290966651e-01
1.795082063644394266e-01
1.790208803041019869e-01
1.785355704958213885e-01
1.780567647625468652e-01
1.775838050841403171e-01
1.771127779224675736e-01
1.766436729653541315e-01
1.761764799713156360e-01
1.757111887689624952e-01
1.752477892564099082e-01
1.747862714006929441e-01
1.743266252371869496e-01
1.738688408690334253e-01
1.734129084665703424e-01
1.729588182667678165e-01
1.725065605726687490e-01
1.720561257528344934e-01
1.716075042407962936e-01
1.711606865345100259e-01
1.707156631958176296e-01
1.702724691702374726e-01
1.698321005221521685e-01
1.694029777753778832e-01
1.689762784473783641e-01
1.685511744658498290e-01
1.681276583599628782e-01
1.677057227015508190e-01
1.672853601048253924e-01
1.668665632260949161e-01
1.664493247634840634e-01
1.660336374566553641e-01
1.656194940865321485e-01
1.652068874750237393e-01
1.647958104847524474e-01
1.643862560187818733e-01
1.639782170203475942e-01
1.635716864725889341e-01
1.631666573982835378e-01
1.627631228595824153e-01
1.623610759577482632e-01
1.619605098328937287e-01
1.615614176637236721e-01
1.611637926672770393e-01
1.607676280986720385e-01
1.603729172508525092e-01
1.599796534543355409e-01
1.595878300769620339e-01
1.591974405236479539e-01
1.588084782361378067e-01
1.584209366927596951e-01
1.580348094081824029e-01
1.576500899331737537e-01
1.572667718543607207e-01
1.568848487939921432e-01
1.565043144097015282e-01
1.561251623942730427e-01
1.557473864754085058e-01
1.553709804154960183e-01
1.549959380113805074e-01
1.546222530941358808e-01
1.542499195288384584e-01
1.538789312143429289e-01
1.535092820830589455e-01
1.531409661007302192e-01
1.527739772662140838e-01
1.524083096112644753e-01
1.520439572003142448e-01
1.516809141302614405e-01
1.513191745302549795e-01
1.509594332332462319e-01
1.506012166347810155e-01
1.502443142866413117e-01
1.498887200158692534e-01
1.495344276856697407e-01
1.491887076766590936e-01
1.488509378360852453e-01
1.485143594081483054e-01
1.481789670569806372e-01
1.478447554759829696e-01
1.475117193876312460e-01
1.471798535432848054e-01
1.468491527229966176e-01
1.465196117353240735e-01
1.461912254171415793e-01
1.458639886334549274e-01
1.455378962772160278e-01
1.452129432691407485e-01
1.448936793830025438e-01
1.445760545484103821e-01
1.442594966196653339e-01
1.439440011963014354e-01
1.436295638993153323e-01
1.433161803710388260e-01
1.430038462750135575e-01
1.426925572958649691e-01
1.423823091391785423e-01
1.420751574472629009e-01
1.417715806699350600e-01
1.414690096585893564e-01
1.411674403671362155e-01
1.408668687680933729e-01
1.405672908524902009e-01
1.402687026297730066e-01
1.399711001277109401e-01
1.396744793923019867e-01
1.393788364876794583e-01
1.390841674960200947e-01
1.387904685174508046e-01
1.385054587155995498e-01
1.382263112179962505e-01
1.379480612372608606e-01
1.376707052823847033e-01
1.373942398776212825e-01
1.371186615624137017e-01
1.368439668913236373e-01
1.365701524339596462e-01
1.362972147749064444e-01
1.360251505136540195e-01
1.357539562645280473e-01
1.354836286566190595e-01
1.352141643337135268e-01
1.349455599542244977e-01
1.346778121911225146e-01
1.344109177318671411e-01
1.341448732783387943e-01
1.338796755467707711e-01
1.336153212676815527e-01
1.333518071858080523e-01
1.330891300600379190e-01
1.328272866633437854e-01
1.325662737827166260e-01
1.323060882190994769e-01
1.320467267873228490e-01
1.317881863160383360e-01
1.315304636476544997e-01
1.312735556382717550e-01
1.310174591576183933e-01
1.307621710889864952e-01
1.305076883291680367e-01
1.302540077883919956e-01
1.300011263902609571e-01
1.297490410716885811e-01
1.294977487828372631e-01
1.292472464870557392e-01
1.289975311608176911e-01
1.287485997936600179e-01
1.285004493881218846e-01
1.282530769596836873e-01
1.280064795367066854e-01
1.277606541603725776e-01
1.275155978846236327e-01
1.272713077761031264e-01
1.270277809140958614e-01
1.267850143904693805e-01
1.265430053096147922e-01
1.263017507883888724e-01
1.260612479560553334e-01
1.258214939542274258e-01
1.255824859368100399e-01
1.253442210699425574e-01
1.251066965319421187e-01
1.248699095132461134e-01
1.246338572163568081e-01
1.243985368557843085e-01
1.241639456579911455e-01
1.239300808613367638e-01
1.236969397160217199e-01
1.234645194840332943e-01
1.232328174390902170e-01
1.230018308665885157e-01
1.227715570635470044e-01
1.225419933385537424e-01
1.223131370117120365e-01
1.220880904042522946e-01
1.218688810921859239e-01
1.216503174381558666e-01
1.214323971127221902e-01
1.212169711118407656e-01
1.210049954035078562e-01
1.207961088056583726e-01
1.205905900503193573e-01
1.203856265198550296e-01
1.201812165426094231e-01
1.199773584509127577e-01
1.197740505810947209e-01
1.195712912734977207e-01
1.193690788724882101e-01
1.191674117264695520e-01
1.189662881878929546e-01
1.187657066132684069e-01
1.185656653631758234e-01
1.183661628022747575e-01
1.181671972993145608e-01
1.179687672271438059e-01
1.177708709627190570e-01
1.175735068871140154e-01
1.173766733855273470e-01
1.171803688472910221e-01
1.169845916658778656e-01
1.167893402389086621e-01
1.165946129681588866e-01
1.164004082595659212e-01
1.162067245232344531e-01
1.160151591634158846e-01
1.158259190875850497e-01
1.156371793236303375e-01
1.154489383374653344e-01
1.152611945993695652e-01
1.150739465839897974e-01
1.148871927703387363e-01
1.147009316417949149e-01
1.145151616861016103e-01
1.143298813953664422e-01
1.141450892660597349e-01
1.139607837990130185e-01
1.137769634994180989e-01
1.135936268768244217e-01
1.134107724451375726e-01
1.132283987226169880e-01
1.130465042318735402e-01
1.128650874998667758e-01
1.126841470579025145e-01
1.125036814416296577e-01
1.123236891910369128e-01
1.121441688504499073e-01
1.119651189685272330e-01
1.117865380982573376e-01
1.116084247969541948e-01
1.114307776262534605e-01
1.112535951521088085e-01
1.110768759447868931e-01
1.109006185788635329e-01
1.107248216332186869e-01
1.105494836910319162e-01
1.103746033397776521e-01
1.102001791712198114e-01
1.100262097814067863e-01
1.098526937706664625e-01
1.096796297435999878e-01
1.095070163090773180e-01
1.093348520802304435e-01
1.091631356744482279e-01
1.089918657133703839e-01
1.088210408228810627e-01
1.086506596331031083e-01
1.084807207783913957e-01
1.083112228973269336e-01
1.081421646327096475e-01
1.079735446315523151e-01
1.078053615450734332e-01
1.076376140286908339e-01
1.074703007420142326e-01
1.073034203488386629e-01
1.071369715171369419e-01
1.069709529190525504e-01
1.068053632308924999e-01
1.066402011331196581e-01
1.064754653103453241e-01
1.063111544513218737e-01
1.061472672489345570e-01
1.059838024001942269e-01
1.058207586062292066e-01
1.056581345722773513e-01
1.054959290076783324e-01
1.053341406258654356e-01
1.051727681443570539e-01
1.050118102847488050e-01
1.048512657727053016e-01
1.046911333379515335e-01
1.045314117142646382e-01
1.043720996394651018e-01
1.042131958554085580e-01
1.040546991079769751e-01
1.038966081470699132e-01
1.037389217265959201e-01
1.035816386044634135e-01
1.034247575425724791e-01
1.032682773068050869e-01
1.031121966670166812e-01
1.029565143970270907e-01
1.028012292746113832e-01
1.026463400814904142e-01
1.024918456033224873e-01
1.023377446296931809e-01
1.021840359541066473e-01
1.020307183739762036e-01
1.018777906906149777e-01
1.017252517092262359e-01
1.015731002388944870e-01
1.014213350925753654e-01
1.012699550870866938e-01
1.011189590430985885e-01
1.009683457851240779e-01
1.008181141415091520e-01
1.006682629444235338e-01
1.005187910298506182e-01
1.003696972375780760e-01
1.002209804111878488e-01
1.000726393980464340e-01
9.992467304929518457e-02
9.977708021984051101e-02
9.962985976834359825e-02
9.948301055721113506e-02
9.933653145258500294e-02
9.919042132433239511e-02
9.904467904603594941e-02
9.889930349498389506e-02
