4.808894389738541442e+00
1.663378822854091776e+00
9.909306685099871226e-01
8.106832496451137349e-01
7.181615400392082904e-01
6.646467041162078537e-01
6.273917180204352517e-01
6.013350619645275730e-01
5.798071389513531626e-01
5.619693264552880763e-01
5.471940265751645827e-01
5.340659771934218591e-01
5.224925106982537537e-01
5.118478404011042038e-01
5.018439730521261355e-01
4.925590513272701809e-01
4.837494040778700377e-01
4.753314134155285364e-01
4.672649915396707154e-01
4.595177082296324489e-01
4.520629245523260509e-01
4.449089726443229420e-01
4.380227906619001965e-01
4.313698324171981180e-01
4.249363914698732203e-01
4.187102391931588063e-01
4.126803534877587221e-01
4.068367116276842554e-01
4.011701307702216224e-01
3.956721439978889143e-01
3.903634448499003762e-01
3.852208447641632394e-01
3.803372167052128106e-01
3.759835621621814838e-01
3.717697981176050770e-01
3.676597672392609706e-01
3.636492692289289841e-01
3.598372169247668340e-01
3.564162136445551132e-01
3.530663471762267025e-01
3.497956794817998483e-01
3.466145205540350216e-01
3.434964200012375346e-01
3.404392826387220294e-01
3.375463424456044415e-01
3.348456897309887159e-01
3.322057576943309165e-01
3.296148040228936704e-01
3.270659571371572483e-01
3.245580077248930162e-01
3.220897946537004675e-01
3.196602025312739181e-01
3.172681594277974026e-01
3.149126347454336283e-01
3.125926372218876259e-01
3.104288018729263188e-01
3.082953376409829360e-01
3.061903499727592348e-01
3.041131513752399207e-01
3.021621585721118719e-01
3.002464906534274558e-01
2.983534796304510572e-01
2.964826341066620352e-01
2.946334786505291348e-01
2.928309594036234698e-01
2.910508541425331219e-01
2.892901143778788819e-01
2.875483693248540584e-01
2.858252587740082729e-01
2.841204327007366692e-01
2.824335508940449824e-01
2.807642826032507033e-01
2.791123062013982081e-01
2.774773088642788488e-01
2.758589862640392631e-01
2.742570422764512572e-01
2.726711887009952151e-01
2.711011449929781603e-01
2.696165485895768432e-01
2.681669968280358529e-01
2.667332134239744357e-01
2.653319152850747153e-01
2.639420440849485350e-01
2.625634652291483073e-01
2.611960459714489091e-01
2.598396554118736490e-01
2.584941644923232085e-01
2.571594459900046759e-01
2.558361396088163486e-01
2.545269262867665416e-01
2.532280309713618172e-01
2.519527664790283672e-01
2.507142908991563113e-01
2.494839416066060023e-01
2.482616669557025091e-01
2.470474152298574866e-01
2.458411346600374858e-01
2.446427734426862011e-01
2.434522797570912445e-01
2.422696017821898695e-01
2.410946877128103960e-01
2.399274857753465329e-01
2.387679442428680132e-01
2.376160114496672360e-01
2.364716358052496303e-01
2.353382814806519174e-01
2.342416220755245138e-01
2.331516202411171301e-01
2.320682461134027375e-01
2.309914691512546525e-01
2.299212581841119374e-01
2.288575814573199363e-01
2.278004066752558621e-01
2.267497010423398796e-01
2.257054313020320224e-01
2.246675637739065923e-01
2.236360643888965771e-01
2.226108987227884972e-01
2.215920320280541367e-01
2.205794292640926857e-01
2.195730551259595098e-01
2.185728740716516849e-01
2.175788503480159397e-01
2.165909480153451194e-01
2.156091309707251491e-01
2.146333629701866197e-01
2.136636076497219761e-01
2.126998285452165183e-01
2.117419891113498376e-01
2.107900527395079326e-01
2.098439827747607678e-01
2.089037425319416053e-01
2.079692953108769893e-01
2.070406044108012433e-01
2.061176331439964204e-01
2.052003448486969250e-01
2.042887029012868116e-01
2.033826707278291734e-01
2.024822118149564310e-01
2.015872897201511083e-01
2.006978680814476834e-01
1.998139106265811593e-01
1.989353811816103323e-01
1.980622436790391294e-01
1.971944621654595220e-01
1.963320008087425239e-01
1.954748239047920666e-01
1.946228958838898682e-01
1.937761813166454516e-01
1.929346449195730451e-01
1.920982515603117669e-01
1.912669662625083589e-01
1.904407542103750961e-01
1.896237995542387200e-01
1.888140116384722511e-01
1.880091079708409163e-01
1.872090541819334819e-01
1.864138161251751025e-01
1.856233598781150129e-01
1.848376517435334487e-01
1.840566582503787851e-01
1.832803461545441936e-01
1.825086824394926144e-01
1.817416343167397308e-01
1.809791692262017471e-01
1.802212548364168776e-01
1.794678590446474320e-01
1.787189499768698786e-01
1.779744959876592425e-01
1.772451660170083487e-01
1.765221872372720602e-01
1.758034275037233807e-01
1.750888578603129186e-01
1.743784495428455927e-01
1.736721739793604669e-01
1.729700027904080284e-01
1.722719077892325423e-01
1.715778609818621736e-01
1.708878345671153987e-01
1.702018009365242057e-01
1.695197326741826327e-01
1.688416025565222800e-01
1.681673835520204885e-01
1.674970488208434305e-01
1.668305717144297484e-01
1.661679257750174055e-01
1.655090847351162742e-01
1.648540225169314311e-01
1.642027132317388782e-01
1.635551311792166063e-01
1.629112508467351061e-01
1.622710469086084961e-01
1.616344942253088168e-01
1.610015678426471586e-01
1.603722429909224811e-01
1.597464950840411235e-01
1.591242997186092245e-01
1.585056326729979148e-01
1.578904699063866657e-01
1.572787875577838224e-01
1.566705619450263209e-01
1.560657695637613918e-01
1.554643870864106381e-01
1.548663913611182386e-01
1.542717594106847723e-01
1.536804684314880820e-01
1.530924957923911200e-01
1.525078190336407735e-01
1.519264158657549491e-01
1.513482641684021912e-01
1.507733419892737792e-01
1.502016275429475245e-01
1.496330992097473223e-01
1.490677355345972066e-01
1.485055152258705768e-01
1.479464171542359263e-01
1.473904203515008227e-01
1.468375040094524742e-01
1.462876474786974634e-01
1.457408302675006206e-01
1.451970320406230919e-01
1.446562326181613511e-01
1.441184119743858238e-01
1.435835502365818417e-01
1.430516276838917356e-01
1.425226247461584272e-01
1.419965220027731845e-01
1.414733001815232372e-01
1.409529401574466378e-01
1.404354229516864561e-01
1.399207297303516617e-01
1.394088418033813392e-01
1.388997406234124821e-01
1.383934077846538380e-01
1.378898250217635013e-01
1.373889742087321675e-01
1.368908373577717441e-01
1.363953966182092359e-01
1.359026342753860972e-01
1.354125327495645514e-01
1.349250745948386565e-01
1.344425623858130359e-01
1.339644952938034150e-01
1.334889597872249145e-01
1.330159396164663221e-01
1.325454186530604928e-01
1.320773808887318324e-01
1.316118104344488060e-01
1.311486915194820246e-01
1.306880084904662731e-01
1.302297458104687833e-01
1.297738880580628917e-01
1.293204199264075538e-01
1.288693262223302993e-01
1.284205918654190981e-01
1.279742018871172504e-01
1.275301414298257163e-01
1.270883957460101077e-01
1.266489501973150356e-01
1.262117902536830649e-01
1.257782943605990911e-01
1.253489650449584047e-01
1.249264182446625515e-01
1.245060242698971253e-01
1.240877697048939216e-01
1.236716412338107335e-01
1.232576256398384695e-01
1.228457098043189144e-01
1.224358807058733706e-01
1.220281254195397236e-01
1.216224311159209565e-01
1.212187850603419631e-01
1.208171746120172141e-01
1.204175872232262218e-01
1.200200104384992056e-01
1.196244318938126106e-01
1.192308393157907598e-01
1.188392205209197333e-01
1.184495634147672699e-01
1.180618559912125221e-01
1.176760863316837075e-01
1.172922426044040456e-01
1.169103130636461180e-01
1.165302860489936809e-01
1.161521499846123462e-01
1.157758933785263400e-01
1.154015048219050876e-01
1.150289729883552520e-01
1.146582866332220563e-01
1.142894345928963246e-01
1.139224057841298210e-01
1.135571892033574171e-01
1.131937739260261422e-01
1.128321491059309234e-01
1.124723039745581243e-01
1.121142278404344134e-01
1.117579100884833199e-01
1.114033401793884659e-01
1.110505076489618492e-01
1.106994021075199675e-01
1.103500132392657707e-01
1.100023308016764428e-01
1.096563446248975254e-01
1.093120446111436883e-01
1.089694207341037474e-01
1.086284630383539257e-01
1.082891616387745976e-01
1.079515067199746936e-01
1.076154885357198110e-01
1.072810974083678870e-01
1.069492092998748506e-01
1.066199033557682779e-01
1.062921662552378244e-01
1.059659889873593164e-01
1.056413626021482921e-01
1.053182782100804821e-01
1.049967269816163146e-01
1.046767001467306113e-01
1.043581889944469460e-01
1.040411848723757221e-01
1.037256791862580241e-01
1.034116633995120493e-01
1.031026862673525002e-01
1.027964288881935417e-01
1.024915908333128012e-01
1.021881641276487507e-01
1.018861408494423360e-01
1.015855131298213504e-01
1.012862731523899162e-01
1.009884131528207274e-01
1.006919254184517887e-01
1.003968022878865135e-01
1.001030361505980820e-01
9.981342590452065011e-02
9.953012154975071635e-02
9.924810977208418927e-02
9.896738342408625821e-02
9.868793540525104546e-02
9.840975866164521080e-02
9.813284618555587202e-02
9.785719101514031570e-02
9.758278623407977415e-02
9.730962497123546440e-02
9.703770040030916533e-02
9.676700573950486328e-02
9.649753425119458883e-02
9.622927924158718171e-02
9.596223406039959547e-02
9.569639210053064449e-02
9.543174679773899771e-02
9.516829163032257399e-02
9.490602011880121258e-02
9.464492582560223022e-02
9.438500235474855948e-02
9.412624335154985700e-02
9.386864250229517981e-02
9.361219353395028309e-02
9.335689021385500108e-02
9.310272634942559633e-02
9.284969578785806643e-02
9.259779241583440679e-02
9.234701015923173217e-02
9.209791662823950398e-02
9.185334061360152236e-02
9.160982376112214443e-02
9.136736048001439792e-02
9.112594521585899721e-02
9.088557245031610166e-02
9.064623670083891971e-02
9.040793252039083794e-02
9.017065449716432646e-02
8.993439725430416032e-02
8.969915544963145970e-02
8.946492377537162977e-02
8.923169695788431277e-02
8.899946975739650434e-02
8.876823696773714079e-02
8.853799341607559992e-02
8.830873396266135378e-02
8.808045350056722955e-02
8.785314695543373908e-02
8.762680928521783541e-02
8.740143547994139173e-02
8.717702056144459311e-02
8.695355958313971678e-02
8.673104762976831250e-02
8.650947981716032575e-02
8.628885129199546922e-02
8.606915723156613462e-02
8.585039284354394062e-02
8.563255336574691901e-02
8.541563406591025365e-02
8.519963024145740804e-02
8.498453721927499982e-02
8.477035035548903530e-02
8.455706503524297590e-02
8.434467667247781686e-02
8.413318070971510798e-02
8.392257261784036304e-02
8.371284789588973041e-02
8.350400207083831516e-02
8.329603069738983345e-02
8.308892935776854283e-02
8.288269366151336526e-02
8.267731924527318976e-02
8.247280177260443712e-02
8.226913693377070624e-02
8.206632044554308669e-02
8.186434805100348266e-02
8.166321551934935252e-02
8.146291864569905894e-02
8.126345325090141014e-02
8.106481518134384112e-02
8.086700030876452228e-02
8.067000453006549499e-02
8.047382376712702845e-02
8.027845396662401656e-02
8.008389109984391518e-02
7.989013116250595625e-02
7.969717017458291530e-02
7.950500418012278192e-02
7.931362924707360818e-02
7.912304146710866237e-02
7.893323695545433061e-02
7.874421185071787954e-02
7.855596231471850821e-02
7.836848453231823330e-02
7.818177471125536959e-02
7.799582908197875974e-02
7.781064389748421073e-02
7.762621543315098571e-02
7.744253998658123805e-02
7.725961387743950082e-02
7.707743344729495183e-02
7.689599505946316527e-02
7.671529509885106901e-02
7.653532997180190200e-02
7.635609610594230878e-02
7.617758995003008626e-02
7.599980797380381792e-02
7.582274666783306305e-02
7.564640254337076652e-02
7.547077213220586278e-02
7.529585198651775335e-02
7.512163867873213052e-02
7.494855495955979330e-02
7.477715337957570318e-02
7.460644227501342374e-02
7.443641827406928535e-02
7.426707802530854718e-02
7.409841819751634973e-02
7.393043547955019390e-02
7.376312658019346102e-02
7.359648822801080625e-02
7.343051717120362143e-02
7.326521017746744080e-02
7.310056403385109536e-02
7.293657554661585329e-02
7.277324154109630905e-02
7.261055886156296546e-02
7.244852437108466325e-02
7.228713495139388323e-02
7.212638750275142396e-02
7.196627894381361912e-02
7.180680621149991560e-02
7.164796626086132603e-02
7.148975606495129587e-02
7.133217261469554371e-02
7.117521291876538481e-02
7.101887400345006929e-02
7.086315291253131310e-02
7.070804670715831464e-02
7.055355246572456163e-02
7.039966728374483229e-02
7.024638827373334837e-02
7.009371256508369064e-02
6.994163730394840905e-02
6.979015965312114489e-02
6.963927679191830866e-02
6.948898591606267328e-02
6.933928423756763326e-02
6.919016898462213017e-02
6.904163740147734041e-02
6.889368674833294681e-02
6.874631430122589426e-02
6.859951735191874289e-02
6.845329320778989479e-02
6.830763919172412602e-02
6.816255264200425656e-02
6.801803091220358366e-02
6.787407137107927257e-02
6.773067140246652462e-02
6.758782840517389701e-02
6.744553979287920553e-02
6.730380299402610733e-02
6.716261545172177994e-02
6.702197462363566893e-02
6.688187798189852706e-02
6.674232301300257741e-02
6.660330721770230111e-02
6.646482811091630749e-02
6.632688322162980099e-02
6.618947009279768645e-02
6.605258628124904829e-02
6.591622935759140767e-02
6.578039690611685308e-02
6.564508652470790739e-02
6.551029582474500457e-02
6.537602243101409139e-02
6.524226398161561691e-02
6.510901812787305010e-02
6.497628253424388156e-02
6.484405487822940406e-02
6.471233285028706039e-02
6.458111415374202802e-02
6.445039650470017756e-02
6.432017763196205828e-02
6.419045527693638398e-02
6.406122719355544781e-02
6.393249114819078704e-02
6.380424491956933342e-02
6.367648629868977173e-02
6.354921308874127150e-02
6.342242310502062275e-02
6.329611417485189739e-02
6.317028413750515325e-02
6.304493084411735837e-02
6.292005215761278802e-02
6.279564595262451809e-02
6.267171011541604331e-02
6.254824254380460247e-02
6.242524114708376121e-02
6.230270384594769478e-02
6.218062857241509617e-02
6.205901326975461069e-02
6.193785589241040945e-02
6.181715440592799177e-02
6.169690678688140306e-02
6.157711102280009896e-02
6.145776511209707221e-02
6.133886706399729882e-02
6.122041489846655193e-02
6.110240664614110390e-02
6.098484034825771977e-02
6.086771405658416428e-02
6.075102583335071499e-02
6.063477375118139778e-02
6.051895589302638823e-02
6.040357035209502345e-02
6.028861523178851572e-02
6.017408864563398435e-02
6.005998871721891785e-02
5.994631358012560834e-02
5.983306137786623818e-02
5.972023026381936828e-02
5.960781840116554514e-02
5.949582396282427493e-02
5.938424513139125421e-02
5.927308009907594072e-02
5.916232706763993598e-02
5.905198424833511817e-02
5.894204986184375245e-02
5.883252213821700549e-02
5.872339931681525710e-02
5.861467964624894611e-02
5.850636138431913880e-02
5.839844279795904786e-02
5.829092216317573183e-02
5.818379776499255085e-02
5.807706789739137260e-02
5.797073086325627705e-02
5.786478497431702533e-02
5.775922855109245913e-02
5.765405992283530873e-02
5.754935952712345731e-02
5.744520485880539457e-02
5.734143071878452375e-02
5.723803548729007595e-02
5.713501755290797957e-02
5.703237531252813158e-02
5.693010717129208531e-02
5.682821154254175111e-02
5.672668684776727144e-02
5.662553151655663058e-02
5.652474398654421667e-02
5.642432270336151384e-02
5.632426612058612919e-02
5.622457269969298455e-02
5.612524091000496707e-02
5.602626922864398923e-02
5.592765614048243045e-02
5.582940013809541135e-02
5.573149972171277666e-02
5.563395339917164006e-02
5.553675968586976180e-02
5.543991710471815604e-02
5.534342418609557168e-02
5.524727946780158550e-02
5.515148149501195030e-02
5.505602882023229172e-02
