9.069200263569726639e-01
8.549302074913546212e-01
7.958131961999266313e-01
7.448171775344368806e-01
7.019661906003654694e-01
6.651997036729021540e-01
6.324745505687411340e-01
6.037073967595290025e-01
5.782418675496372451e-01
5.566095284048597769e-01
5.392864756107583757e-01
5.238475036918150973e-01
5.113236078944715102e-01
5.006022257988638202e-01
4.914591713794007055e-01
4.830613442158986359e-01
4.758082216349416860e-01
4.689302513237614267e-01
4.623931419781531771e-01
4.561665558726546998e-01
4.502235417797745831e-01
4.445400790592879403e-01
4.390947032804800032e-01
4.339265479012809346e-01
4.289618224502849131e-01
4.241713821766006642e-01
4.195422810725860652e-01
4.150635300599256339e-01
4.107251773915400750e-01
4.066478151340465752e-01
4.027530166809263901e-01
3.989582975846912016e-01
3.952584260294674245e-01
3.916485966941185559e-01
3.881243885447009934e-01
3.846817271739445543e-01
3.813168511636201852e-01
3.780262820136473523e-01
3.748067972386453506e-01
3.716554062808434256e-01
3.685693289296562702e-01
3.655459759740573578e-01
3.625829318451229133e-01
3.596779390335009818e-01
3.568288840906420623e-01
3.540763899119861446e-01
3.514910257650395442e-01
3.489973956765288210e-01
3.465466337630649929e-01
3.441373932707612049e-01
3.417927464208477817e-01
3.396219062603872407e-01
3.374853148390682955e-01
3.353819069923928420e-01
3.333106784661163391e-01
3.312706807942668030e-01
3.292610166865604926e-01
3.272808358711047361e-01
3.253293313441862900e-01
3.234057359842019697e-01
3.215529717214753447e-01
3.197629645739348270e-01
3.179964062770918587e-01
3.162527102973299309e-01
3.145313183046527516e-01
3.128316979838395295e-01
3.111533410571968306e-01
3.094957614966638570e-01
3.078584939054392344e-01
3.062410920514578305e-01
3.046431275369554936e-01
3.030641885900662857e-01
3.015199311787695735e-01
3.000406251975897831e-01
2.985774355707101479e-01
2.971300642188401953e-01
2.956982224617845101e-01
2.942816304958996154e-01
2.928800169141707599e-01
2.914931182647737540e-01
2.901206786444182617e-01
2.887624493231485401e-01
2.874797096011297293e-01
2.862671375829390907e-01
2.851177009775530680e-01
2.839894521194736843e-01
2.828710127696024701e-01
2.817622335581947413e-01
2.806629688019777191e-01
2.795730763457679457e-01
2.784924174152296206e-01
2.774208564797576160e-01
2.763582611245685161e-01
2.753431093858196843e-01
2.743554240854107484e-01
2.733907579686060685e-01
2.724597650746922173e-01
2.715352082293040481e-01
2.706170107413814474e-01
2.697050973216327807e-01
2.687993940404729831e-01
2.678998282883247595e-01
2.670063287380797235e-01
2.661188253095415623e-01
2.652372491356889128e-01
2.643615325306080677e-01
2.634916089589675048e-01
2.626274130069107815e-01
2.617688803542614906e-01
2.609159477479410794e-01
2.600685529765114357e-01
2.592266348457605840e-01
2.583901331552593272e-01
2.575589886758219427e-01
2.567624928636952353e-01
2.559758501474523329e-01
2.551939579627351407e-01
2.544167671386289298e-01
2.536442292213733629e-01
2.528762964620902554e-01
2.521129218048098752e-01
2.513711004405610461e-01
2.506516466391105480e-01
2.499359144206659278e-01
2.492238741569219318e-01
2.485154965143052674e-01
2.478107524522224492e-01
2.471096132212543539e-01
2.464120503612952651e-01
2.457180356996399584e-01
2.450275413490186904e-01
2.443405397055834483e-01
2.436570034468450163e-01
2.429769055295664393e-01
2.423012908495955353e-01
2.416399612331421864e-01
2.409816685594077801e-01
2.403263948106660608e-01
2.396741220359242253e-01
2.390248323541331876e-01
2.383785079571997256e-01
2.377351311128082789e-01
2.370946841670622529e-01
2.364571495469520168e-01
2.358225097626560351e-01
2.351907474096854023e-01
2.345618451708763041e-01
2.339357858182381233e-01
2.333125522146655695e-01
2.326921273155168335e-01
2.320744941700693675e-01
2.314596359228542344e-01
2.308475358148783241e-01
2.302381771847369640e-01
2.296315434696246938e-01
2.290276182062463695e-01
2.284263850316363698e-01
2.278278276838877625e-01
2.272319300027972888e-01
2.266386759304306331e-01
2.260480495116106436e-01
2.254600348943330557e-01
2.248746163301140466e-01
2.242917781742718442e-01
2.237115048861468558e-01
2.231337810292629287e-01
2.225591674614184612e-01
2.219971679978665069e-01
2.214374617177055082e-01
2.208800381597756934e-01
2.203248868650314052e-01
2.197719973786406156e-01
2.192213592520012022e-01
2.187054324112537029e-01
2.181928319242083802e-01
2.176822188667499602e-01
2.171735848860965601e-01
2.166669216190900971e-01
2.161622206942394320e-01
2.156594737336808565e-01
2.151586723550590052e-01
2.146598081733329666e-01
2.141628728025087858e-01
2.136678578573020515e-01
2.131747549547328147e-01
2.126835557156557255e-01
2.121942517662275540e-01
2.117068347393147310e-01
2.112212962758434898e-01
2.107376280260932766e-01
2.102558216509370081e-01
2.097758688230310087e-01
2.092977612279529331e-01
2.088214905652937825e-01
2.083470485497031510e-01
2.078744269118898425e-01
2.074036173995804644e-01
2.069346117784360561e-01
2.064674018329297200e-01
2.060019793671859500e-01
2.055383362057820462e-01
2.050764641945163058e-01
2.046163552011398545e-01
2.041580011160560593e-01
2.037013938529894097e-01
2.032465253496222313e-01
2.027933875682021991e-01
2.023419724961222355e-01
2.018979370469678181e-01
2.014588963820946321e-01
2.010214655833955644e-01
2.005856372676887434e-01
2.001514040861500088e-01
1.997187587242963969e-01
1.992876939019628535e-01
1.988582023732739512e-01
1.984302769266105271e-01
1.980039103845705750e-01
1.975790956039255863e-01
1.971558254755723383e-01
1.967340929244802972e-01
1.963138909096347196e-01
1.958952124239752568e-01
1.954780504943313679e-01
1.950623981813542074e-01
1.946482485794439887e-01
1.942355948166745172e-01
1.938244300547151688e-01
1.934147474887486229e-01
1.930065403473863184e-01
1.925998018925815236e-01
1.921945254195384922e-01
1.917907042566199816e-01
1.913883317652529670e-01
1.909874013398299153e-01
1.905879064076100304e-01
1.901898404286174737e-01
1.897931968955367532e-01
1.893979693336083348e-01
1.890041513005197016e-01
1.886117363862971630e-01
1.882207182131943601e-01
1.878310904355797728e-01
1.874428467398226994e-01
1.870559808441776550e-01
1.866704864986679369e-01
1.862863574849669135e-01
1.859035876162788148e-01
1.855221707372185225e-01
1.851421007236893623e-01
1.847660756071548283e-01
1.844041166026996470e-01
1.840433612046279976e-01
1.836838048138116353e-01
1.833254428398559677e-01
1.829682707014010923e-01
1.826203039808018680e-01
1.822909806502020780e-01
1.819626781919516656e-01
1.816353934319806795e-01
1.813091231886643229e-01
1.809838642733814507e-01
1.806596134910572471e-01
1.803363676406920524e-01
1.800141235158748965e-01
1.796928779052824054e-01
1.793726275931650238e-01
1.790533693598189979e-01
1.787350999820448982e-01
1.784178162335942341e-01
1.781015148856034958e-01
1.777861927070143733e-01
1.774718464649845395e-01
1.771584729252852208e-01
1.768460688526875824e-01
1.765346310113389272e-01
1.762241561651277100e-01
1.759146410780372538e-01
1.756060825144911408e-01
1.752984772396869173e-01
1.749918220199208618e-01
1.746861136229032330e-01
1.743813488180643578e-01
1.740775243768517555e-01
1.737746370730180456e-01
1.734726836829010854e-01
1.731716609856951972e-01
1.728715657637143188e-01
1.725723948026479382e-01
1.722741448918081730e-01
1.719768128243705507e-01
1.716803953976062114e-01
1.713848894131082823e-01
1.710902916770100091e-01
1.707965990001975576e-01
1.705038081985143783e-01
1.702119160929609909e-01
1.699209195098873026e-01
1.696308152811789316e-01
1.693416002444381452e-01
1.690532712431582485e-01
1.687658251268930321e-01
1.684792587514199469e-01
1.681978725348803883e-01
1.679262522909501787e-01
1.676554349371568997e-01
1.673854177924531395e-01
1.671161981778137573e-01
1.668477734164502957e-01
1.665801408340206735e-01
1.663132977588309136e-01
1.660472415220329567e-01
1.657819694578151482e-01
1.655174789035883665e-01
1.652537672001654079e-01
1.649908316919364570e-01
1.647286697270381184e-01
1.644672786575180345e-01
1.642066558394943421e-01
1.639467986333105198e-01
1.636877044036851025e-01
1.634293705198572311e-01
1.631717943557275119e-01
1.629186052177349908e-01
1.626762305902587913e-01
1.624344973957140836e-01
1.621934038083326091e-01
1.619529480020027445e-01
1.617131281504213813e-01
1.614739424272420287e-01
1.612353890062197537e-01
1.609974660613513742e-01
1.607601717670134878e-01
1.605235042980959759e-01
1.602874618301332876e-01
1.600520425394311719e-01
1.598200072659305138e-01
1.595933584667800220e-01
1.593672891287845339e-01
1.591417976040210847e-01
1.589168822454111452e-01
1.586925414068256213e-01
1.584687734431884376e-01
1.582455767105768463e-01
1.580229495663194594e-01
1.578008903690912290e-01
1.575793974790070107e-01
1.573584692577116306e-01
1.571381040684681485e-01
1.569183002762442602e-01
1.566990562477952875e-01
1.564803703517460287e-01
1.562622409586701677e-01
1.560446664411670181e-01
1.558276451739373791e-01
1.556111755338559777e-01
1.553952559000433831e-01
1.551798846539345078e-01
1.549650601793466642e-01
1.547516458214618917e-01
1.545411324178739831e-01
1.543311270987345607e-01
1.541216285076767722e-01
1.539126352902001615e-01
1.537146853880977104e-01
1.535186976875289322e-01
1.533231503449790367e-01
1.531280424067897050e-01
1.529333729183279533e-01
1.527391409240437259e-01
1.525453454675261833e-01
1.523519855915595744e-01
1.521590603381776374e-01
1.519665687487170846e-01
1.517745098638701162e-01
1.515828827237364340e-01
1.513916863678734515e-01
1.512009198353466422e-01
1.510105821647779456e-01
1.508206723943940897e-01
1.506311895620737473e-01
1.504421327053938329e-01
1.502535008616747159e-01
1.500652930680254071e-01
1.498775083613869963e-01
1.496901457785759504e-01
1.495032043563261359e-01
1.493166831313306464e-01
1.491305811402822978e-01
1.489448974199138465e-01
1.487596310070372629e-01
1.485747809385821738e-01
1.483903462516338589e-01
1.482063259834704994e-01
1.480227191715996204e-01
1.478395248537938411e-01
1.476567420681261511e-01
1.474743698530046054e-01
1.472924072472060752e-01
1.471108532899094157e-01
1.469297070207284117e-01
1.467489674797436972e-01
1.465686337075341461e-01
1.463887047452080981e-01
1.462091796344333894e-01
1.460300574174671628e-01
1.458513371371851775e-01
1.456730178371102857e-01
1.454950985614409387e-01
1.453175783550782196e-01
1.451404562636537110e-01
1.449637313335551958e-01
1.447886711177796548e-01
1.446164726782909749e-01
1.444446482065898096e-01
1.442731968421139543e-01
1.441021177245573326e-01
1.439314099939021652e-01
1.437610727904518049e-01
1.435911052548619338e-01
1.434215065281715940e-01
1.432522757518341072e-01
1.430834120677459687e-01
1.429149146182769337e-01
1.427467825462982176e-01
1.425790149952107511e-01
1.424116111089726577e-01
1.422445700321265105e-01
1.420778909098257548e-01
1.419115728878604377e-01
1.417456151126828268e-01
1.415800167314326397e-01
1.414147768919613302e-01
1.412498947428560414e-01
1.410853694334631148e-01
1.409212001139111270e-01
1.407573859351338164e-01
1.405939260488919818e-01
1.404308196077949378e-01
1.402680657653221918e-01
1.401056636758443441e-01
1.399436124946428772e-01
1.397819113779309730e-01
1.396205594828726082e-01
1.394595559676019281e-01
1.392988999912419257e-01
1.391385907139230660e-01
1.389786272968010772e-01
1.388190089020750195e-01
1.386597346930039942e-01
1.385008038339247405e-01
1.383422154902679002e-01
1.381839688285740886e-01
1.380260630165100755e-01
1.378684972228844952e-01
1.377112706176624457e-01
1.375543823719810044e-01
1.373978316581638270e-01
1.372416176497349705e-01
1.370857395214331587e-01
1.369301964492253831e-01
1.367749876103204199e-01
1.366201121831815413e-01
1.364655693475396725e-01
1.363113582844055482e-01
1.361574781760825359e-01
1.360039282061777655e-01
1.358507075596143976e-01
1.356978154226426980e-01
1.355452509828516394e-01
1.353930134291790877e-01
1.352411019519232094e-01
1.350895157427523530e-01
1.349382539947153459e-01
1.347873159022515699e-01
1.346367006612002870e-01
1.344864074688103539e-01
1.343364355237494923e-01
1.341878768320523829e-01
1.340406979140240651e-01
1.338938298780326663e-01
1.337472719670039223e-01
1.336010234249843109e-01
1.334560570845346184e-01
1.333120535700035025e-01
1.331683484229645165e-01
1.330249409154823925e-01
1.328818303209708673e-01
1.327390159141993153e-01
1.325964969712978836e-01
1.324542727697638755e-01
1.323123425884675797e-01
1.321707057076571268e-01
1.320293614089644019e-01
1.318883089754101789e-01
1.317475476914089227e-01
1.316070768427742288e-01
1.314668957167230978e-01
1.313270036018807652e-01
1.311873997882852805e-01
1.310503742751267797e-01
1.309148177828809989e-01
1.307795340956215135e-01
1.306445225388424558e-01
1.305097824395095585e-01
1.303753131260619313e-01
1.302411139284142816e-01
1.301071841779585514e-01
1.299735232075661662e-01
1.298401303515895611e-01
1.297070049458637075e-01
1.295741463277081673e-01
1.294415538359280082e-01
1.293092268108159415e-01
1.291771645941529045e-01
1.290453665292099206e-01
1.289138319607491256e-01
1.287825602350246013e-01
1.286515506997840119e-01
1.285208027042692158e-01
1.283903155992168477e-01
1.282600887368599007e-01
1.281301214709280600e-01
1.280004131566482017e-01
1.278709631507455591e-01
1.277417708114436945e-01
1.276128354984654434e-01
1.274841565730331083e-01
1.273557333978690420e-01
1.272275653371955639e-01
1.270996517567357653e-01
1.269719920237129540e-01
1.268445855068514039e-01
1.267174315763762715e-01
1.265905296040134576e-01
1.264638789629893290e-01
1.263374790280313298e-01
1.262113291753670652e-01
1.260854287827245790e-01
1.259597772293316598e-01
1.258343738959157854e-01
1.257092181647037621e-01
1.255843094194213361e-01
1.254596470452921941e-01
1.253352304290381025e-01
1.252110589588779910e-01
1.250871320245271756e-01
1.249634490171970536e-01
1.248400093295942148e-01
1.247175101286142757e-01
1.245954550725854315e-01
1.244736351494413473e-01
1.243520497864695346e-01
1.242306984123381502e-01
1.241095804570957611e-01
1.239886953521702473e-01
1.238680425303689686e-01
1.237476214258780710e-01
1.236278387108196569e-01
1.235109696396703843e-01
1.233943116124744804e-01
1.232778641646254392e-01
1.231616268324429858e-01
1.230455991531742982e-01
1.229297806649949781e-01
1.228141709070100229e-01
1.226987694192549078e-01
1.225835757426963629e-01
1.224685894192330954e-01
1.223538099916968713e-01
1.222392370038528076e-01
1.221248700004006205e-01
1.220107085269750424e-01
1.218967521301463353e-01
1.217830003574211228e-01
1.216694527572427520e-01
1.215561088789918615e-01
1.214429682729870202e-01
1.213300304904846999e-01
1.212172950836800933e-01
1.211047616057074339e-01
1.209924296106400510e-01
1.208802986534909391e-01
1.207683682902127159e-01
1.206566380776982750e-01
1.205451075737803968e-01
1.204337763372322206e-01
1.203226439277674809e-01
1.202117099060402011e-01
1.201009738336450416e-01
1.199904352731171325e-01
1.198800937879322404e-01
1.197699489425064628e-01
1.196600003021962427e-01
1.195502474332984649e-01
1.194406899030499430e-01
1.193313272796275026e-01
1.192221591321476759e-01
1.191131850306665074e-01
1.190044045461792627e-01
