5.795079939721745177e+00
1.452719198724960137e+00
1.125110955269951640e+00
9.997399460754388123e-01
9.087497184835265918e-01
8.519175806303750376e-01
8.063664093595733773e-01
7.681401165891622584e-01
7.362424084869342300e-01
7.109978639995452321e-01
6.900203868265490925e-01
6.723330135858378576e-01
6.566990320817409632e-01
6.416452379837407349e-01
6.272014735374350503e-01
6.134850678354498710e-01
6.009119168982336445e-01
5.888499347574736031e-01
5.773925172240113035e-01
5.666401223106469764e-01
5.562976176076487311e-01
5.465409631168369753e-01
5.373827850041587029e-01
5.285232276014704134e-01
5.201899818896669192e-01
5.122819582792667026e-01
5.046691752719496549e-01
4.974207210401427326e-01
4.903804203457486910e-01
4.835769845981501835e-01
4.771489786037614311e-01
4.712186366160621698e-01
4.656153945413893935e-01
4.601299492166645577e-01
4.547586015409332272e-01
4.494977890658149455e-01
4.443440842762376164e-01
4.392941917828688259e-01
4.343449447886693071e-01
4.294933010855963018e-01
4.247363387633909526e-01
4.200712517604187624e-01
4.155828076037953456e-01
4.111964276706523980e-01
4.068885444882484048e-01
4.026571066264462151e-01
3.985001321926341378e-01
3.944157066964716352e-01
3.904019808717317797e-01
3.864571684793000061e-01
3.825795441107675554e-01
3.787738908725398757e-01
3.750806305053233092e-01
3.714469519534910336e-01
3.678715291144312727e-01
3.643530711742734574e-01
3.608903221635920144e-01
3.574820604053983719e-01
3.541270978772685929e-01
3.508242795061999875e-01
3.475724824119766354e-01
3.443706151124195092e-01
3.412911129477961825e-01
3.382792849514083544e-01
3.353108491753558074e-01
3.323849816384195077e-01
3.295302869429453940e-01
3.267614056544680956e-01
3.240302962483573301e-01
3.213362880392141019e-01
3.186787253824791000e-01
3.160569673161638948e-01
3.134703872035007333e-01
3.109183723779762043e-01
3.084153058068052067e-01
3.059503495349076840e-01
3.035173663500648211e-01
3.011158354332522658e-01
2.987452460947727095e-01
2.964050975787829167e-01
2.940948988670873399e-01
2.918141684829688165e-01
2.896328600020887656e-01
2.874943995880873682e-01
2.853820853923805245e-01
2.832955076558041352e-01
2.812342648593127437e-01
2.792496812619714719e-01
2.772898229227785394e-01
2.753533620889392353e-01
2.734399185682319655e-01
2.715491208907381271e-01
2.696806060372928249e-01
2.678340191776898971e-01
2.660090134183413779e-01
2.642052495590841432e-01
2.624223958588352001e-01
2.606601278097877006e-01
2.589181279198541352e-01
2.571960855030591686e-01
2.554936964775963437e-01
2.538106631712627181e-01
2.521466941339980949e-01
2.505015039572592861e-01
2.488748130999662023e-01
2.472663477207700522e-01
2.456758395163934905e-01
2.441030255658073744e-01
2.425790097583534755e-01
2.411191287033578046e-01
2.396742897454910703e-01
2.382442988455552024e-01
2.368289650902690169e-01
2.354281006278204080e-01
2.340415206050718011e-01
2.326690431063742348e-01
2.313104890939492453e-01
2.299656823497934766e-01
2.286344494190690746e-01
2.273166195549319313e-01
2.260120246647633613e-01
2.247204992577623295e-01
2.234418803938584552e-01
2.221779112647141730e-01
2.209532472988523510e-01
2.197404563557652235e-01
2.185393937231025763e-01
2.173499168751359123e-01
2.161774206286436462e-01
2.150284567440172157e-01
2.138902016403122774e-01
2.127625309215511185e-01
2.116453219896392846e-01
2.105513098161996277e-01
2.094800891917201757e-01
2.084183134786172786e-01
2.073658844041711968e-01
2.063227048198466307e-01
2.052886786878386494e-01
2.042637110678079959e-01
2.032477081037971922e-01
2.022405770113258339e-01
2.012422260646563044e-01
2.002525645842275215e-01
1.992715029242530245e-01
1.982989524604763243e-01
1.973348255780830174e-01
1.963790356597635844e-01
1.954314970739254032e-01
1.944921251630490344e-01
1.935608362321866172e-01
1.926375475376000124e-01
1.917221772755354492e-01
1.908146445711317585e-01
1.899148694674598070e-01
1.890227729146934099e-01
1.881382767594041439e-01
1.872613037339845021e-01
1.863917774461918697e-01
1.855296223688151225e-01
1.846747638294610472e-01
1.838271280004567243e-01
1.829910913412600704e-01
1.821722014813678958e-01
1.813600308517624993e-01
1.805545135586330285e-01
1.797555844280254445e-01
1.789631789978074483e-01
1.781772335097074056e-01
1.773976849014329005e-01
1.766269933357669797e-01
1.758650561202302898e-01
1.751092927906404972e-01
1.743596438855714859e-01
1.736160505621066330e-01
1.728936581317394861e-01
1.721868140915195633e-01
1.714856607298329561e-01
1.707913024485373799e-01
1.701021205490483301e-01
1.694180719113695666e-01
1.687391137345734260e-01
1.680652035372310893e-01
1.673962991576998238e-01
1.667323587542771657e-01
1.660733408052273707e-01
1.654192041086863796e-01
1.647699077824495151e-01
1.641254112636504336e-01
1.634856743083341057e-01
1.628506569909300150e-01
1.622203197036302669e-01
1.615946231556779078e-01
1.609735283725685639e-01
1.603569966951717829e-01
1.597449897787740769e-01
1.591374695920490245e-01
1.585343984159587882e-01
1.579357388425880748e-01
1.573414537739177554e-01
1.567515064205387831e-01
1.561658603003101831e-01
1.555844792369649732e-01
1.550073273586670963e-01
1.544343690965210014e-01
1.538655691830372596e-01
1.533008926505581571e-01
1.527403048296425703e-01
1.521837713474170906e-01
1.516312581258904557e-01
1.510827313802390326e-01
1.505381576170604363e-01
1.499975036326006983e-01
1.494607365109559827e-01
1.489284275360946985e-01
1.484004796187564923e-01
1.478803227672156329e-01
1.473656731824119770e-01
1.468546677755253882e-01
1.463472755751919763e-01
1.458435589602867788e-01
1.453434656097702948e-01
1.448468929133381322e-01
1.443538110783598727e-01
1.438641905969421098e-01
1.433780022430682088e-01
1.428952170697626867e-01
1.424158064062781837e-01
1.419397418553088874e-01
1.414719234800252967e-01
1.410143623098157328e-01
1.405598829487078316e-01
1.401084601565228960e-01
1.396600689354515756e-01
1.392146845273865841e-01
1.387773327333762519e-01
1.383429606837760228e-01
1.379114269517861258e-01
1.374827092299980291e-01
1.370567854135210373e-01
1.366336335979140282e-01
1.362132320771388128e-01
1.357955593415345608e-01
1.353805940758153470e-01
1.349683151570867379e-01
1.345587016528846658e-01
1.341517328192355085e-01
1.337473880987351538e-01
1.333456471186509340e-01
1.329464896890419634e-01
1.325498958008996808e-01
1.321558456243104307e-01
1.317643195066352801e-01
1.313752979707106527e-01
1.309942903539947356e-01
1.306206792560899166e-01
1.302493417717205948e-01
1.298802614777339881e-01
1.295134220870315100e-01
1.291488074472836312e-01
1.287864015396557593e-01
1.284261884775482199e-01
1.280681525053483372e-01
1.277122779971954780e-01
1.273585494557579467e-01
1.270069515110229530e-01
1.266574689190985981e-01
1.263100865610281565e-01
1.259647894416159875e-01
1.256215626882661029e-01
1.252803915498323095e-01
1.249412613954799245e-01
1.246041577135590939e-01
1.242690661104907252e-01
1.239359723096620791e-01
1.236048621503354622e-01
1.232757215865669248e-01
1.229485366861365891e-01
1.226232936294902459e-01
1.222999787086911788e-01
1.219785783263837853e-01
1.216590789947669393e-01
1.213414673345781097e-01
1.210257300740893160e-01
1.207118540481112168e-01
1.203998261970094102e-01
1.200896335657299502e-01
1.197812633028354917e-01
1.194747026595509576e-01
1.191699389888190019e-01
1.188691459292159636e-01
1.185724003280032440e-01
1.182773434234739435e-01
1.179839638606492713e-01
1.176922503719884661e-01
1.174021917765801226e-01
1.171137769793424155e-01
1.168269949702328697e-01
1.165418348234679852e-01
1.162582856967493972e-01
1.159763368305020415e-01
1.156959775471183283e-01
1.154171972502121418e-01
1.151399854238814441e-01
1.148643316319782892e-01
1.145902255173880113e-01
1.143176568013160865e-01
1.140466152825826279e-01
1.137770908369257206e-01
1.135090734163117926e-01
1.132425530482537718e-01
1.129775198351367499e-01
1.127139639535519183e-01
1.124518756536362352e-01
1.121912452584217373e-01
1.119320631631889745e-01
1.116743198348305321e-01
1.114180058112199806e-01
1.111631117005873470e-01
1.109096281809023865e-01
1.106575459992643756e-01
1.104068559712978737e-01
1.101575489805554919e-01
1.099122270013572489e-01
1.096683046511808118e-01
1.094257070420770889e-01
1.091871351732390527e-01
1.089501788830438966e-01
1.087145087109708808e-01
1.084801163639204924e-01
1.082469936088627238e-01
1.080151322723221924e-01
1.077845242398686731e-01
1.075551614556128216e-01
1.073270359217082665e-01
1.071001396978588371e-01
1.068744649008306624e-01
1.066500037039703891e-01
1.064267483367277445e-01
1.062046910841840941e-01
1.059838242865855096e-01
1.057641403388810408e-01
1.055456316902658731e-01
1.053282908437292581e-01
1.051121103556075936e-01
1.048970828351416945e-01
1.046832009440388511e-01
1.044704573960403143e-01
1.042588449564917086e-01
1.040483564419193846e-01
1.038389847196106441e-01
1.036307227071977116e-01
1.034235633722470904e-01
1.032174997318525828e-01
1.030125248522322789e-01
1.028086318483294043e-01
1.026058138834190780e-01
1.024040641687163494e-01
1.022033759629900479e-01
1.020037425721797703e-01
1.018171674627398604e-01
1.016336284209605201e-01
1.014510096666477318e-01
1.012693056467673242e-01
1.010889371001526121e-01
1.009127472617288440e-01
1.007374137156491073e-01
1.005629315164669468e-01
1.003892957491617360e-01
1.002165015289407934e-01
1.000445440010396814e-01
9.987341834052580747e-02
9.970311975210277566e-02
9.953364346991654121e-02
9.936498475736223190e-02
9.919713890689366154e-02
9.903010123983285728e-02
9.886386710618177975e-02
9.869843188443534754e-02
9.853379098139543324e-02
9.836993983198669134e-02
9.820687389907355180e-02
9.804458867327793536e-02
9.788307967279946675e-02
9.772234244323588226e-02
9.756237255740560221e-02
9.740316561517083083e-02
9.724471724326190503e-02
9.708702309510436335e-02
9.693007885064502949e-02
9.677388021618085756e-02
9.661842292418861000e-02
9.646370273315586774e-02
9.630971542741265101e-02
9.615645681696512181e-02
9.600392273732988313e-02
9.585210904936956877e-02
9.570101163912950182e-02
9.555062641767621268e-02
9.540094932093555469e-02
9.525197630953370631e-02
9.510370336863838148e-02
9.495612650780110853e-02
9.480924176080056387e-02
9.466304518548822322e-02
9.451753286363281936e-02
9.437270090076817219e-02
9.422854542604033878e-02
9.408506259205763611e-02
9.394224857473933155e-02
9.380009957316758074e-02
9.365861180943943487e-02
9.351778152851999981e-02
9.337760499809615033e-02
9.323807850843203460e-02
9.309919837222542516e-02
9.296096092446436143e-02
9.282722891639164087e-02
9.269583810735773644e-02
9.256503098530796669e-02
9.243480436683573775e-02
9.230515508685091519e-02
9.217607999847036993e-02
9.204757597291045312e-02
9.191963989937743107e-02
9.179226868496181968e-02
9.166545925453035981e-02
9.153920855062201711e-02
9.141351353334135899e-02
9.128837118025422137e-02
9.116377848628479108e-02
9.103973246361168892e-02
9.091623014156548221e-02
9.079326856652766842e-02
9.067084480182824313e-02
9.054895592764655721e-02
9.042759904091028644e-02
9.030677125519660786e-02
9.018646970063386170e-02
9.006669152380299137e-02
8.994743388764071812e-02
8.982869397134217448e-02
8.971046897026539735e-02
8.959275609583530753e-02
8.947555257544896612e-02
8.935885565238090023e-02
8.924266258568980259e-02
8.912697065012527287e-02
8.901177713603482256e-02
8.889707934927212896e-02
8.878287461110567769e-02
8.866931597612402738e-02
8.855653395581820908e-02
8.844422987766049904e-02
8.833240119276941638e-02
8.822104536677706499e-02
8.811015987974114838e-02
8.799974222605834451e-02
8.788978991437733368e-02
8.778030046751357507e-02
8.767127142236370851e-02
8.756270032982121920e-02
8.745458475469235216e-02
8.734692227561230427e-02
8.723971048496267922e-02
8.713294698878878974e-02
8.702662940671820890e-02
8.692075537187908540e-02
8.681532253081974959e-02
8.671032854342869411e-02
8.660577108285408277e-02
8.650164783542553526e-02
8.639795650057523202e-02
8.629469479075965732e-02
8.619186043138217512e-02
8.608945116071610448e-02
8.598746472982790601e-02
8.588589890250145076e-02
8.578475145516233080e-02
8.568402017680272487e-02
8.558370286890690237e-02
8.548379734537756014e-02
8.538430143246147908e-02
8.528521296867680457e-02
8.518652980474089587e-02
8.508824980349750933e-02
8.499037083984513352e-02
8.489289080066605986e-02
8.479580758475582791e-02
8.469911910275221278e-02
8.460282327706603045e-02
8.450691804181166555e-02
8.441140134273703022e-02
8.431627113715717270e-02
8.422152539388427783e-02
8.412716209316078997e-02
8.403317922659223060e-02
8.393957479708034908e-02
8.384634681875678675e-02
8.375349331691682442e-02
8.366391988541554969e-02
8.357491197746523548e-02
8.348624890144835942e-02
8.339792889284085298e-02
8.330995019674292124e-02
8.322231106782564114e-02
8.313500977027822592e-02
8.304804457775451232e-02
8.296141377332039157e-02
8.287511564940205910e-02
8.278914850773297363e-02
8.270384973983622989e-02
8.261889349773753055e-02
8.253425923145644993e-02
8.244994531205107613e-02
8.236595011936731492e-02
8.228227204199151101e-02
8.219930544820712448e-02
8.211827349943846832e-02
8.203766645173098115e-02
8.195735350221794446e-02
8.187733318884855838e-02
8.179760405732708350e-02
8.171816466107331700e-02
8.163901356118187513e-02
8.156014932638425141e-02
8.148157053300780772e-02
8.140327576493737449e-02
8.132526361357576838e-02
8.124753267780499000e-02
8.117008156394758811e-02
8.109290888572794065e-02
8.101601326423353566e-02
8.093939332787687679e-02
8.086304771235788835e-02
8.078697506062468281e-02
8.071117402283724263e-02
8.063564325632874286e-02
8.056038142556853909e-02
8.048538720212476683e-02
8.041065926462709346e-02
8.033619629873019197e-02
8.026268379265880104e-02
8.018943246297634275e-02
8.011643541414655012e-02
8.004369140741561528e-02
7.997119921059320236e-02
7.989895759801769748e-02
7.982696535052125064e-02
7.975522125539609430e-02
7.968372410635966852e-02
7.961247270352139749e-02
7.954146585334780084e-02
7.947210900070901529e-02
7.940306752961023840e-02
7.933425571031244017e-02
7.926567246572742420e-02
7.919731672419129398e-02
7.912918741943734957e-02
7.906128349056998350e-02
7.899360388203892358e-02
7.892614754361336471e-02
7.885891343035546230e-02
7.879190050259526901e-02
7.872510772590493588e-02
7.865853407107284423e-02
7.859217851407813982e-02
7.852604003606564187e-02
7.846011762332039119e-02
7.839441026724257300e-02
7.832891696432224549e-02
7.826363671611452633e-02
7.819856852921457102e-02
7.813371141523266228e-02
7.806906439077009041e-02
7.800462647739400679e-02
7.794039670161286015e-02
7.787637409485258233e-02
7.781255769343180251e-02
7.774894653853760274e-02
7.768553967620178691e-02
7.762233615727659464e-02
7.755933503741106738e-02
7.749653537702680395e-02
7.743393624129449315e-02
7.737153670011051587e-02
7.730933582807324178e-02
7.724733270445939548e-02
7.718552641320115815e-02
7.712432352859042994e-02
7.706405127398487098e-02
7.700396602908372856e-02
7.694406694893461685e-02
7.688435319267042378e-02
7.682482392349122835e-02
7.676547830864627331e-02
7.670631551941534121e-02
7.664733473109103246e-02
7.658853512296007193e-02
7.652991587828639197e-02
