4.127818985279185782e+00
2.074410921342552783e+00
1.445338947691959586e+00
1.172384522715161248e+00
1.033434325029771506e+00
9.608661356475256543e-01
9.152433169937800317e-01
8.943861758479241253e-01
8.786440173518690333e-01
8.678085477763777256e-01
8.579304718226269388e-01
8.487265210414562944e-01
8.403121384982057407e-01
8.320770688926958369e-01
8.240936310304975976e-01
8.164901887440488837e-01
8.090125703059466433e-01
8.016565752291370250e-01
7.944171688791827890e-01
7.872894548342048715e-01
7.803245518590000707e-01
7.736092326173306111e-01
7.669803182653692764e-01
7.604364713317885993e-01
7.539763454252647046e-01
7.475985906141938697e-01
7.413018552376042791e-01
7.350912324618699145e-01
7.290055591436813698e-01
7.229933226983025207e-01
7.170536345040507964e-01
7.111855290293256360e-01
7.053879829280274016e-01
6.996599305561921334e-01
6.940002766020718639e-01
6.884079063773497209e-01
6.829741420880519609e-01
6.776080112913610565e-01
6.723035010708741099e-01
6.670594975313360875e-01
6.618749100389121898e-01
6.567602895242523608e-01
6.518619490158628071e-01
6.470142222483842298e-01
6.422163490036738587e-01
6.374675763693191666e-01
6.327671599399347091e-01
6.282606719829886277e-01
6.238095263033273108e-01
6.194025691297507796e-01
6.150391020906917916e-01
6.107693648606922210e-01
6.066199487321596306e-01
6.025063710804544614e-01
5.984282103667614150e-01
5.943850501615385307e-01
5.903764793360928298e-01
5.865300252086672606e-01
5.827202603414858295e-01
5.789387341211523763e-01
5.751852567903287250e-01
5.714596364599735523e-01
5.677616794330907490e-01
5.640911904991361414e-01
5.604479732020426486e-01
5.568318300844579127e-01
5.532425629104901210e-01
5.496799728689830689e-01
5.461438607591262429e-01
5.426340271599958687e-01
5.391502725854654399e-01
5.357027705087781255e-01
5.323077057166434312e-01
5.289375980300521363e-01
5.255922407347802805e-01
5.222714288872092325e-01
5.189749593152614970e-01
5.157026306174411490e-01
5.124542431601845083e-01
5.092295990737008005e-01
5.060285022464660054e-01
5.028507583185197749e-01
4.996961746736929832e-01
4.966074220481625501e-01
4.935444874990518871e-01
4.905166622206426630e-01
4.875438746074868268e-01
4.845914374594183505e-01
4.816592124931305952e-01
4.787470618746324513e-01
4.758548482463939022e-01
4.729824347523191586e-01
4.701296850607279421e-01
4.672964633855024030e-01
4.644826345055538264e-01
4.616925817464334614e-01
4.589560657032196178e-01
4.562380720539007672e-01
4.535384750001843490e-01
4.508571491842151557e-01
4.481939697093823560e-01
4.455488121597269147e-01
4.429215526180426687e-01
4.403120676827448898e-01
4.377202344835880998e-01
4.351459306962992546e-01
4.325890345561914097e-01
4.300494248708194300e-01
4.275269810317338104e-01
4.250215830253804561e-01
4.225331114432034907e-01
4.200614474909880602e-01
4.176148612980802310e-01
4.151864792755209921e-01
4.127893047032169527e-01
4.104376427988236653e-01
4.081016685399106447e-01
4.057960157703874304e-01
4.035125484981448851e-01
4.012442318123441432e-01
3.989909598551515946e-01
3.967526273263726200e-01
3.945343232871921790e-01
3.923308259619056049e-01
3.901675155467065892e-01
3.880240632347907725e-01
3.858949009847256195e-01
3.837799240338037876e-01
3.816790283194068101e-01
3.795921104816445402e-01
3.775190678655134247e-01
3.754597985226040824e-01
3.734142012123810028e-01
3.713821754030643407e-01
3.693636212721327916e-01
3.673584397064739160e-01
3.653665323022007860e-01
3.633878013641564930e-01
3.614221499051247233e-01
3.594717102189070035e-01
3.575880089470406253e-01
3.557165037362429172e-01
3.538571058190360663e-01
3.520097270685482727e-01
3.501742799977737852e-01
3.483506777585773651e-01
3.465388341404617156e-01
3.447386635691131462e-01
3.429500811047374587e-01
3.411730024402009342e-01
3.394073438989888558e-01
3.376530224329932217e-01
3.359099556201420866e-01
3.341780616618799660e-01
3.324572593805085186e-01
3.307474682164023849e-01
3.290486082251015687e-01
3.273606000742954603e-01
3.256833650407032765e-01
3.240168250068599654e-01
3.223609024578141247e-01
3.207155204777458746e-01
3.190806027465091788e-01
3.174560735361079966e-01
3.158418577071094302e-01
3.142378807049995837e-01
3.126440685564895183e-01
3.110603478657733567e-01
3.095336571866976194e-01
3.080259296684307868e-01
3.065275802918291381e-01
3.050385421125518803e-01
3.035936812168925081e-01
3.021662062133991244e-01
3.007475946495089536e-01
2.993377826296166888e-01
2.979367067749154052e-01
2.965443042191464040e-01
2.951605126043607696e-01
2.937852700766919734e-01
2.924185152821446865e-01
2.910601873623980818e-01
2.897102259506270094e-01
2.883685711673414920e-01
2.870351636162447595e-01
2.857099443801138228e-01
2.843928550166997526e-01
2.830838375546524399e-01
2.817828344894671155e-01
2.804897887794562950e-01
2.792046438417459253e-01
2.779273435482979004e-01
2.766578322219577779e-01
2.753960546325305292e-01
2.741419559928822691e-01
2.728954819550701849e-01
2.716565786065011645e-01
2.704251924661175699e-01
2.692012704806129308e-01
2.679847600206759495e-01
2.667756088772640921e-01
2.655737652579063246e-01
2.643791777830361567e-01
2.631917954823536077e-01
2.620115677912177032e-01
2.608384445470683377e-01
2.596723759858790559e-01
2.585133127386391449e-01
2.573612058278660908e-01
2.562160066641486766e-01
2.550776670427188364e-01
2.539461391400550938e-01
2.528260820220131211e-01
2.517176756709703089e-01
2.506157651667345054e-01
2.495203061899898822e-01
2.484312547656340187e-01
2.473485672597360574e-01
2.462722003765242806e-01
2.452021111554025523e-01
2.441382569679962922e-01
2.430805955152263720e-01
2.420290848244120163e-01
2.409836832464013201e-01
2.399444356798243749e-01
2.389121476863169946e-01
2.378858346339071395e-01
2.368654562423710697e-01
2.358509725402354595e-01
2.348599019248504838e-01
2.338789408994474128e-01
2.329036372284869205e-01
2.319339527041115179e-01
2.309698494127711554e-01
2.300112897326296313e-01
2.290582363309956737e-01
2.281106521617819460e-01
2.271685004629871163e-01
2.262317447542058213e-01
2.253003488341613902e-01
2.243742767782646030e-01
2.234534929361966793e-01
2.225379619295162759e-01
2.216276486492899378e-01
2.207225182537479735e-01
2.198225361659614241e-01
2.189276680715433743e-01
2.180378799163738557e-01
2.171531379043458165e-01
2.162734084951346558e-01
2.153986584019894346e-01
2.145288545895459309e-01
2.136639642716616216e-01
2.128039549092721194e-01
2.119487942082681764e-01
2.110984501173943095e-01
2.102528908261679930e-01
2.094120847628192783e-01
2.085760005922499549e-01
2.077446072140141375e-01
2.069178737603176998e-01
2.060957695940374701e-01
2.052782643067594670e-01
2.044653277168372862e-01
2.036576134672972160e-01
2.028606850126228323e-01
2.020681290087948390e-01
2.012799174240170741e-01
2.004960224284651482e-01
1.997164163926682390e-01
1.989410718859048466e-01
1.981699616746139536e-01
1.974030587208177312e-01
1.966403361805604821e-01
1.958817674023595745e-01
1.951273259256711134e-01
1.943769854793680474e-01
1.936307199802322354e-01
1.928885035314598928e-01
1.921503104211788326e-01
1.914161151209809453e-01
1.906858922844647808e-01
1.899596167457932860e-01
1.892372635182625051e-01
1.885188077928836858e-01
1.878042249369772654e-01
1.870934904927794296e-01
1.863865801760607732e-01
1.856834698747568402e-01
1.849930311875819799e-01
1.843078581482303913e-01
1.836262797393377333e-01
1.829482740604838065e-01
1.822738193594195533e-01
1.816028940309648287e-01
1.809354766159131933e-01
1.802715457999473914e-01
1.796110804125633786e-01
1.789540594260024542e-01
1.783004619541928293e-01
1.776502672517006054e-01
1.770034547126871638e-01
1.763600038698776851e-01
1.757198943935361357e-01
1.750831060904501080e-01
1.744496189029223487e-01
1.738194129077720584e-01
1.731924683153438782e-01
1.725687654685239270e-01
1.719482848417657195e-01
1.713310070401221907e-01
1.707169127982868240e-01
1.701059829796419953e-01
1.694981985753150067e-01
1.688935407032423341e-01
1.682919906072404548e-01
1.676935296560853605e-01
1.670981393425988171e-01
1.665058012827413114e-01
1.659164972147145756e-01
1.653302089980685508e-01
1.647469186128173724e-01
1.641666081585622106e-01
1.635892598536206888e-01
1.630148560341633523e-01
1.624433791533573535e-01
1.618748117805171582e-01
1.613091366002613325e-01
1.607463364116766824e-01
1.601863941274890568e-01
1.596292927732402001e-01
1.590750154864721821e-01
1.585235455159172691e-01
1.579748662206950094e-01
1.574289610695151220e-01
1.568858136398872949e-01
1.563454076173368124e-01
1.558077267946264832e-01
1.552727550709852022e-01
1.547404764513420627e-01
1.542108750455662425e-01
1.536839350677142446e-01
1.531596408352818017e-01
1.526379767684615252e-01
1.521189273894080485e-01
1.516024773215072508e-01
1.510886112886518917e-01
1.505773141145233252e-01
1.500685707218778198e-01
1.495623661318397357e-01
1.490586854631993363e-01
1.485575139317165672e-01
1.480588368494298313e-01
1.475626396239707872e-01
1.470689077578841431e-01
1.465776268479526689e-01
1.460887825845275378e-01
1.456023607508642459e-01
1.451183472224634452e-01
1.446367279664165784e-01
1.441574890407570364e-01
1.436806165938163127e-01
1.432060968635849585e-01
1.427339161770788678e-01
1.422640609497100583e-01
1.417996374347542110e-01
1.413390696230016341e-01
1.408807382809058595e-01
1.404246306408588607e-01
1.399707340157257396e-01
1.395190357983008000e-01
1.390695234607665920e-01
1.386221845541581732e-01
1.381770067078296471e-01
1.377339776289256412e-01
1.372960690294829089e-01
1.368718030329239277e-01
1.364495086727122164e-01
1.360291750205953609e-01
1.356193196783037347e-01
1.352156191794049722e-01
1.348137622922938039e-01
1.344137388979912973e-01
1.340155389399055874e-01
1.336191524234131012e-01
1.332245694154415572e-01
1.328317800440573515e-01
1.324407744980553303e-01
1.320515430265511436e-01
1.316640759385772352e-01
1.312821880941670849e-01
1.309076539659808358e-01
1.305347934988680958e-01
1.301635976246075799e-01
1.297940573303043854e-01
1.294261636580209818e-01
1.290599077044128906e-01
1.286952806203661981e-01
1.283322736106372874e-01
1.279708779334957358e-01
1.276110849003697367e-01
1.272528858754935488e-01
1.268962722755580252e-01
1.265412355693629753e-01
1.261877672774728842e-01
1.258358589718739651e-01
1.254855022756348193e-01
1.251366888625686791e-01
1.247894104568985779e-01
1.244436588329238397e-01
1.240994258146909945e-01
1.237567032756646118e-01
1.234154831384023099e-01
1.230757573742310984e-01
1.227375180029263990e-01
1.224007570923930643e-01
1.220654667583492142e-01
1.217316391640113904e-01
1.214062626748460549e-01
1.210850437722865991e-01
1.207651958858290686e-01
1.204535270564453531e-01
1.201487641436903703e-01
1.198452942923147330e-01
1.195431107243661584e-01
1.192422067021616100e-01
1.189425755280256319e-01
1.186442105440326383e-01
1.183471051317481343e-01
1.180512527119739752e-01
1.177566467444944864e-01
1.174632807278245122e-01
1.171711481989587550e-01
1.168802427331239874e-01
1.165905579435318890e-01
1.163020874811338118e-01
1.160148250343778775e-01
1.157287643289669349e-01
1.154438991276188209e-01
1.151602232298277600e-01
1.148777304716282338e-01
1.145964147253591692e-01
1.143162698994311666e-01
1.140372899380944216e-01
1.137594688212087007e-01
1.134828005640143300e-01
1.132072792169058345e-01
1.129328988652061744e-01
1.126596536289424660e-01
1.123875376626245343e-01
1.121165451550227704e-01
1.118466703289504316e-01
1.115779074410446353e-01
1.113102507815503101e-01
1.110436946741061442e-01
1.107782334755302994e-01
1.105138615756089265e-01
1.102505733968860979e-01
1.099883633944544054e-01
1.097272260557474316e-01
1.094671559003343037e-01
1.092081474797139823e-01
1.089529443446679152e-01
1.086991492910444335e-01
1.084463981650369557e-01
1.081946855214958175e-01
1.079440059478014857e-01
1.076943540636522978e-01
1.074457245208527700e-01
1.071981120031039042e-01
1.069515112257945905e-01
1.067059169357955917e-01
1.064613239112532361e-01
1.062177269613860386e-01
1.059751209262817379e-01
1.057335006766967622e-01
1.054928611138561956e-01
1.052531971692558660e-01
1.050145038044647816e-01
1.047767760109304253e-01
1.045400088097842850e-01
1.043041972516491195e-01
1.040693364164475970e-01
1.038354214132122810e-01
1.036024473798967394e-01
1.033704094831884995e-01
1.031393029183224480e-01
1.029091229088965470e-01
1.026866318261503569e-01
1.024722197221858977e-01
1.022586209993543022e-01
1.020458316314237779e-01
1.018338476151871841e-01
1.016226649703202284e-01
1.014122797392406766e-01
1.012026879869680068e-01
1.009938858009846591e-01
1.007858692910974241e-01
1.005786345893003031e-01
1.003721778496379780e-01
1.001664952480699339e-01
9.996158298233620565e-02
9.975743727182273535e-02
9.955405435742899212e-02
9.935143050143516175e-02
9.914956198737127913e-02
9.894844511988620805e-02
9.874807622461841128e-02
9.854845164806644298e-02
9.834956775746121760e-02
9.815142094063886158e-02
9.795400760591392586e-02
9.775732418195394458e-02
9.756364300899418585e-02
9.737077529032948930e-02
9.717860380145013077e-02
9.698712524866261175e-02
9.679633635630505162e-02
9.660623386664154988e-02
9.641681453975796401e-02
9.622807515345747909e-02
9.604001250315660765e-02
9.585262340178306306e-02
9.566590467967255040e-02
9.547985318446775005e-02
9.529446578101651022e-02
9.510973935127149670e-02
9.493015797122518473e-02
9.475303268618150143e-02
9.457651487098900356e-02
9.440060178078810149e-02
9.422529068534263308e-02
9.405057886895391850e-02
9.387646363037541186e-02
9.370294228272706138e-02
9.353001215341133490e-02
9.335767058402839880e-02
9.318591493029354522e-02
9.301474256195341184e-02
9.284628680233909803e-02
9.268019255591943006e-02
9.251529909397428197e-02
9.235157394944934484e-02
9.218838852422117647e-02
9.202574045097866584e-02
9.186362737475955997e-02
9.170204695287832719e-02
9.154099685485544979e-02
9.138047476234625877e-02
9.122047836907085094e-02
9.106100538074382578e-02
9.090205351500481312e-02
9.074362050134990310e-02
9.058570408106214611e-02
9.042830200714402356e-02
9.027141204424941889e-02
9.011503196861593568e-02
8.995915956799827029e-02
8.980379264160186226e-02
8.964892900001594778e-02
8.949456646514880598e-02
8.934070287016161738e-02
8.918733605940390441e-02
8.903446388834905523e-02
8.888208422353008342e-02
8.873019494247559591e-02
8.857879393364710696e-02
8.842787909637560284e-02
8.827744834079902236e-02
8.812749958780019544e-02
8.797803076894497587e-02
8.782903982642090157e-02
8.768052471297600736e-02
8.753248339185827620e-02
8.738491383675520141e-02
8.723781403173434812e-02
8.709118197118294324e-02
8.694501565974968593e-02
8.679931311228497592e-02
8.665407235378323747e-02
8.650929141932416078e-02
8.636496835401556715e-02
8.622110121293544149e-02
8.607768806107554682e-02
8.593472697328395637e-02
8.579221603420957021e-02
8.565015333824524402e-02
8.550853698947274983e-02
8.536736510160732039e-02
8.522663579794265143e-02
8.508634721129594569e-02
8.494649748395441402e-02
8.480708476762048587e-02
8.466810722335849082e-02
8.452956302154160384e-02
8.439145034179817983e-02
8.425376737295994789e-02
8.411651231300912301e-02
8.397968336902633668e-02
8.384327875713945555e-02
