6.469996410646124962e-01
6.802935086454886537e-01
6.647708511795814568e-01
6.476663401474941351e-01
6.298503732602211969e-01
6.133407173236503640e-01
6.000506783883672313e-01
5.876839830574824841e-01
5.758929048665756278e-01
5.650258600585151836e-01
5.550151699154881602e-01
5.456497174464970401e-01
5.367649854214646687e-01
5.283686356148357133e-01
5.206112907904253406e-01
5.133335156367034857e-01
5.065193677457474619e-01
4.999756858311166785e-01
4.937956356664420232e-01
4.878683907841281364e-01
4.822268345442802806e-01
4.768033319393165659e-01
4.716211483887876033e-01
4.665968787870580226e-01
4.618063482840619738e-01
4.571132707004740281e-01
4.526284534870247955e-01
4.482514707591672143e-01
4.439517121902958330e-01
4.397958150407468847e-01
4.358872927974608014e-01
4.321269497750790944e-01
4.284240805522332995e-01
4.247774447326085889e-01
4.211858389736782837e-01
4.176538327366631220e-01
4.142802393333978039e-01
4.109574666384194774e-01
4.076842731830329636e-01
4.044594709333598770e-01
4.012819217660682503e-01
3.981893552531580727e-01
3.951471355139831165e-01
3.921471348055611261e-01
3.893549561910216728e-01
3.866988079340250573e-01
3.841260749501729799e-01
3.815828785681213420e-01
3.790688266853547428e-01
3.765835296303702284e-01
3.741266004481997309e-01
3.716976551563018205e-01
3.692963129731748340e-01
3.669221965218528725e-01
3.645749320102873448e-01
3.622541493904630205e-01
3.599594824979572283e-01
3.577692210080885560e-01
3.556145345903430899e-01
3.534830983996953835e-01
3.513746167988032743e-01
3.492887957997022896e-01
3.472253433088927643e-01
3.451839693454894498e-01
3.431643862347593665e-01
3.411663087791847460e-01
3.391894544089987251e-01
3.372335433139940775e-01
3.352982985582451669e-01
3.333834461792488657e-01
3.314887152728710484e-01
3.296138380653613753e-01
3.277585499736004881e-01
3.259225896546438239e-01
3.241056990455382092e-01
3.223076233943062974e-01
3.205281112829193590e-01
3.187669146430104905e-01
3.170237887650159680e-01
3.152984923013767982e-01
3.135907872643800554e-01
3.119004390191670861e-01
3.102272162723953564e-01
3.085708910569990304e-01
3.069838431687840208e-01
3.054477086238142070e-01
3.039257308143916148e-01
3.024177441627098895e-01
3.009235848620899212e-01
2.994430909070854296e-01
2.979761021180658553e-01
2.965224601607884258e-01
2.950820085614288546e-01
2.936545927174971093e-01
2.922400599050318792e-01
2.908382592824314550e-01
2.894490418912503693e-01
2.880722606542603925e-01
2.867077703710511627e-01
2.853554277114208060e-01
2.840150912067873068e-01
2.826866212398283507e-01
2.813698800325420968e-01
2.800647316329034631e-01
2.787710419002760176e-01
2.774886784897252490e-01
2.762175108353639996e-01
2.749574101328560172e-01
2.737082493211830392e-01
2.724699030637784403e-01
2.712422477291205891e-01
2.700251613708656850e-01
2.688231577744318868e-01
2.676354707293747137e-01
2.664577592412645246e-01
2.652899136381222656e-01
2.641318257146084703e-01
2.629833887114376711e-01
2.618444972948909544e-01
2.607150475364477527e-01
2.595949368925569711e-01
2.584840641845613796e-01
2.573823295787945331e-01
2.562896345668594367e-01
2.552058819461025529e-01
2.541309758002930907e-01
2.530648214805151786e-01
2.520073255862813055e-01
2.509583959468738024e-01
2.499179416029173595e-01
2.488858727881908539e-01
2.478621009116782348e-01
2.468465385398632972e-01
2.458474707293161476e-01
2.448587456715144717e-01
2.438778438562801687e-01
2.429046861959679449e-01
2.419391945449159420e-01
2.410007659978639361e-01
2.401360678422493344e-01
2.392774575329260633e-01
2.384248788595380586e-01
2.375782762582756280e-01
2.367375948032376110e-01
2.359027801978981487e-01
2.350737787666764278e-01
2.342505374466118950e-01
2.334373173789326128e-01
2.326343907160751401e-01
2.318368499812761552e-01
2.310446484649508192e-01
2.302618133120115096e-01
2.294891907461781289e-01
2.287217385468220121e-01
2.279594118823863869e-01
2.272021664127478746e-01
2.264499582822651902e-01
2.257027441129572098e-01
2.249604809978063835e-01
2.242231264941847435e-01
2.234906386173991233e-01
2.227700667039271554e-01
2.220592259933058532e-01
2.213530891198754180e-01
2.206516142066723696e-01
2.199547598627857592e-01
2.192624851760825444e-01
2.185747497060709366e-01
2.178915134768983630e-01
2.172127369704805189e-01
2.165383811197589548e-01
2.158684073020843974e-01
2.152027773327226667e-01
2.145414534584803301e-01
2.138843983514474301e-01
2.132315751028546480e-01
2.125829472170433221e-01
2.119384786055436565e-01
2.112981335812607331e-01
2.106618768527652730e-01
2.100296735186865937e-01
2.094014890622053759e-01
2.087772893456452949e-01
2.081570406051592437e-01
2.075407094455102575e-01
2.069282628349441155e-01
2.063196681001511767e-01
2.057148929213164223e-01
2.051139053272553747e-01
2.045166736906340044e-01
2.039231667232714040e-01
2.033333534715228985e-01
2.027472033117413697e-01
2.021757513345038559e-01
2.016185474188660343e-01
2.010646218115301753e-01
2.005139490721994655e-01
1.999665040112189041e-01
1.994222616864349262e-01
1.988811974001042926e-01
1.983432866958540486e-01
1.978085053556885020e-01
1.972768293970455222e-01
1.967482350698984694e-01
1.962226988539038930e-01
1.957001974555938884e-01
1.951807078056131406e-01
1.946642070559977122e-01
1.941506725774973796e-01
1.936400819569378540e-01
1.931324129946237755e-01
1.926276437017833132e-01
1.921257522980483190e-01
1.916267172089752280e-01
1.911305170636027340e-01
1.906371306920452702e-01
1.901465371231239598e-01
1.896587155820316228e-01
1.891736454880327545e-01
1.886913064521982264e-01
1.882116782751718786e-01
1.877347409449716398e-01
1.872604746348206783e-01
1.867888597010122775e-01
1.863198766808036588e-01
1.858535062903416968e-01
1.853897294226169168e-01
1.849285271454490232e-01
1.844698806994987950e-01
1.840137714963090976e-01
1.835601811163742603e-01
1.831090913072361270e-01
1.826604839816063919e-01
1.822143412155163567e-01
1.817706452464910027e-01
1.813293784717499857e-01
1.808905234464321943e-01
1.804540628818456505e-01
1.800199796437415845e-01
1.795882567506107141e-01
1.791588773720051153e-01
1.787318248268805476e-01
1.783070825819627336e-01
1.778846342501354816e-01
1.774644635888501520e-01
1.770465544985564410e-01
1.766308910211547289e-01
1.762174573384683307e-01
1.758062377707365342e-01
1.753972167751273181e-01
1.749903789442701363e-01
1.745857090048073268e-01
1.741831918159649217e-01
1.737828123681425252e-01
1.733845557815205940e-01
1.729884073046866477e-01
1.725943523132789925e-01
1.722023763086478754e-01
1.718124649165342355e-01
1.714246038857644427e-01
1.710387790869634939e-01
1.706549765112825301e-01
1.702731822691442298e-01
1.698933825890031057e-01
1.695155638161224554e-01
1.691397124113652450e-01
1.687658149500017024e-01
1.683938581205309259e-01
1.680238287235178984e-01
1.676557136704442119e-01
1.672894999825740026e-01
1.669251747898330973e-01
1.665627253297023991e-01
1.662021389461252607e-01
1.658434030884272936e-01
1.654865053102512751e-01
1.651314332685024644e-01
1.647781747223094340e-01
1.644267175319954755e-01
1.640770496580640503e-01
1.637291591601952589e-01
1.633830341962554944e-01
1.630386630213181420e-01
1.626960339866969918e-01
1.623551355389900308e-01
1.620159562191359204e-01
1.616784846614806592e-01
1.613427095928560706e-01
1.610086198316693362e-01
1.606762042870023000e-01
1.603454519577223458e-01
1.600163519316039618e-01
1.596888933844594627e-01
1.593630655792809270e-01
1.590388578653917362e-01
1.587162596776084122e-01
1.583952605354115861e-01
1.580758500421272639e-01
1.577580178841166691e-01
1.574417538299772157e-01
1.571270477297503632e-01
1.568138895141401867e-01
1.565022691937407728e-01
1.561921768582720527e-01
1.558836026758244619e-01
1.555765368921124270e-01
1.552709698297358443e-01
1.549668918874508861e-01
1.546642935394482721e-01
1.543631653346397015e-01
1.540634978959533052e-01
1.537652819196355103e-01
1.534685081745618962e-01
1.531731675015557681e-01
1.528792508127136129e-01
1.525867490907386326e-01
1.522956533882816599e-01
1.520059548272897076e-01
1.517176445983604571e-01
1.514307139601058227e-01
1.511451542385210678e-01
1.508609568263616640e-01
1.505781131825261465e-01
1.502966148314471007e-01
1.500164533624876173e-01
1.497376204293448809e-01
1.494601077494603081e-01
1.491839071034360698e-01
1.489090103344574700e-01
1.486354093477227079e-01
1.483630961098775514e-01
1.480920626484570346e-01
1.478223010513329272e-01
1.475538034661669773e-01
1.472865620998702330e-01
1.470205692180679702e-01
1.467558171445708104e-01
1.464922982608507229e-01
1.462300050055236333e-01
1.459689298738365004e-01
1.457090654171605271e-01
1.454504042424898391e-01
1.451929390119446328e-01
1.449366624422806504e-01
1.446815673044032635e-01
1.444276464228864687e-01
1.441748926754975457e-01
1.439295026136012956e-01
1.436916755250451372e-01
1.434549027854960801e-01
1.432191782362498000e-01
1.429844957618305878e-01
1.427508492896322478e-01
1.425182327895640477e-01
1.422866402736988889e-01
1.420560657959253070e-01
1.418265034516041079e-01
1.415979473772266684e-01
1.413703917500774565e-01
1.411438307879006315e-01
1.409182587485683646e-01
1.406936699297535454e-01
1.404703393058831795e-01
1.402520601447435622e-01
1.400347185255508276e-01
1.398183089698857018e-01
1.396028260391093123e-01
1.393882643340127458e-01
1.391746184944687437e-01
1.389618831990888370e-01
1.387500531648834246e-01
1.385391231469250417e-01
1.383290879380161820e-01
1.381199423683600325e-01
1.379174920062219978e-01
1.377205498918247784e-01
1.375243875627647772e-01
1.373290007629670573e-01
1.371343852658871709e-01
1.369405368742538098e-01
1.367474514198143143e-01
1.365551247630827636e-01
1.363635527930908420e-01
1.361727314271419798e-01
1.359826566105674372e-01
1.357933243164856363e-01
1.356047305455641006e-01
1.354168713257832002e-01
1.352297427122038653e-01
1.350433407867367708e-01
1.348576616579140464e-01
1.346727014606640960e-01
1.344884563560879986e-01
1.343049225312395178e-01
1.341220961989055827e-01
1.339399735973912653e-01
1.337585509903056746e-01
1.335778246663499591e-01
1.333977909391088346e-01
1.332184461468430003e-01
1.330397866522841366e-01
1.328618088424328714e-01
1.326845091283574973e-01
1.325078839449957135e-01
1.323319297509579218e-01
1.321566430283332705e-01
1.319820202824966981e-01
1.318080580419188352e-01
1.316347528579774606e-01
1.314621013047709286e-01
1.312900999789335110e-01
1.311187454994524326e-01
1.309480345074875707e-01
1.307779636661918210e-01
1.306085296605339618e-01
1.304397291971233497e-01
1.302715590040362248e-01
1.301040158306434324e-01
1.299418195116181507e-01
1.297808037745641907e-01
1.296203534734712837e-01
1.294604658723630952e-01
1.293011382522039343e-01
1.291423679107674416e-01
1.289841521625051668e-01
1.288264883384180326e-01
1.286693737859277986e-01
1.285128058687505515e-01
1.283567819667707222e-01
1.282012994759174629e-01
1.280463558080412456e-01
1.278919483907916543e-01
1.277380746674975365e-01
1.275847320970467658e-01
1.274319181537680035e-01
1.272796303273141250e-01
1.271282600697569154e-01
1.269780742799526130e-01
1.268283939651655701e-01
1.266792167983347150e-01
1.265305404659513855e-01
1.263823626679634882e-01
1.262346811176794925e-01
1.260874935416747278e-01
1.259407976796974304e-01
1.257945912845760961e-01
1.256488721221270810e-01
1.255036379710640637e-01
1.253591757172238530e-01
1.252174378451248182e-01
1.250761559356440289e-01
1.249353279777301318e-01
1.247949519718110079e-01
1.246550259297113106e-01
1.245155478745703509e-01
1.243765158407608429e-01
1.242379278738092729e-01
1.240997820303152976e-01
1.239620763778735424e-01
1.238248089949946368e-01
1.236894257065357938e-01
1.235548095907544608e-01
1.234206109183213634e-01
1.232868279203052642e-01
1.231534588372996397e-01
1.230205019193616051e-01
1.228879554259513091e-01
1.227558176258719547e-01
1.226240867972099302e-01
1.224927612272755373e-01
1.223618392125447318e-01
1.222313190585999354e-01
1.221011990800725949e-01
1.219714776005853124e-01
1.218421529526952651e-01
1.217132234778367517e-01
1.215846875262653476e-01
1.214565434570019919e-01
1.213287896377773650e-01
1.212014244449768768e-01
1.210744462635860996e-01
1.209478534871358257e-01
1.208216445176490406e-01
1.206958177655868408e-01
1.205703716497954214e-01
1.204453045974532982e-01
1.203206150440191691e-01
1.201963014331794283e-01
1.200723622167970406e-01
1.199487958548598049e-01
1.198256008154298252e-01
1.197027755745928151e-01
1.195803186164080961e-01
1.194582284328584015e-01
1.193365035238007216e-01
1.192151423969172036e-01
1.190941435676661914e-01
1.189735055592341245e-01
1.188532269024871468e-01
1.187333061359236303e-01
1.186137418056264631e-01
1.184945324652164345e-01
1.183756766758053275e-01
1.182571730059492204e-01
1.181390200316030509e-01
1.180212163360741667e-01
1.179037605099776259e-01
1.177866511511904690e-01
1.176698868648076851e-01
1.175534662630967481e-01
1.174373879654544706e-01
1.173216505983626645e-01
1.172062527953445787e-01
1.170911931969217945e-01
1.169764704505712877e-01
1.168620832106831015e-01
1.167480301385175473e-01
1.166343099021632523e-01
1.165209211764960534e-01
1.164078626431366142e-01
1.162951329904100273e-01
1.161827309133045827e-01
1.160706551134313147e-01
1.159589042989838531e-01
1.158474771846981083e-01
1.157363724918126086e-01
1.156255889480293925e-01
1.155151252874744017e-01
1.154049802506587064e-01
1.152951525844399944e-01
1.151856410419842408e-01
1.150764443827271555e-01
1.149675613723368517e-01
1.148589907826761125e-01
1.147507313917650457e-01
1.146427819837437662e-01
1.145351413488362030e-01
1.144278082833128096e-01
1.143207815894549811e-01
1.142140600755185420e-01
1.141076425556978996e-01
1.140015278500908918e-01
1.138957147846629409e-01
1.137902021912125666e-01
1.136849889073362208e-01
1.135800737763935642e-01
1.134754556474735082e-01
1.133711333753597145e-01
1.132671058204969688e-01
1.131633718489574725e-01
1.130599303324072019e-01
1.129567801480730743e-01
1.128539201787096685e-01
1.127513493125668481e-01
1.126490664433567046e-01
1.125470704702215968e-01
1.124453602977019545e-01
1.123439348357050532e-01
1.122427929994719020e-01
1.121419337095474061e-01
1.120413558917481567e-01
1.119410584771315664e-01
1.118410404019655469e-01
1.117413006076973664e-01
1.116418380409234523e-01
1.115426516533592760e-01
1.114437404018093908e-01
1.113451032481374975e-01
1.112467391592370375e-01
1.111486471070017717e-01
1.110508260682966514e-01
1.109532750249284522e-01
1.108559929636176167e-01
1.107589788759691524e-01
1.106622317584446402e-01
1.105657506123335215e-01
1.104695344437255228e-01
1.103735822634825392e-01
1.102778930872112539e-01
1.101824659352354380e-01
1.100872998325685137e-01
1.099923938088868819e-01
1.098977468985027350e-01
1.098033581403375092e-01
1.097092265778949749e-01
1.096153512592351054e-01
1.095244777551372811e-01
1.094373823856117783e-01
1.093505073991206250e-01
1.092638520351344456e-01
1.091774155365530380e-01
1.090911971496861671e-01
1.090051961242344825e-01
1.089194117132706585e-01
1.088338431732212841e-01
1.087484897638481413e-01
1.086633507482298172e-01
1.085784253927429693e-01
1.084937129670451306e-01
1.084092127440556830e-01
