9.349425961383558414e-01
8.930133469795006329e-01
8.713500738202043516e-01
8.554745007056917538e-01
8.419663558624951305e-01
8.295662233698587462e-01
8.180847723934889792e-01
8.075747225747557101e-01
7.980660738524952835e-01
7.890514632565847064e-01
7.813188839128363261e-01
7.741225302959338084e-01
7.672342097882768330e-01
7.605706399156354491e-01
7.544505641877892188e-01
7.486095288984091489e-01
7.434024294768156738e-01
7.383229729421820764e-01
7.333628843926843777e-01
7.285147251497411380e-01
7.237717740970850411e-01
7.191279315399304872e-01
7.147334618546340446e-01
7.104389401925337300e-01
7.062237636879780123e-01
7.020801537265487502e-01
6.980047202658559158e-01
6.939943310184902847e-01
6.900460869681014353e-01
6.861573008964386711e-01
6.823254784191783440e-01
6.785483011337379855e-01
6.748236115628786225e-01
6.711493996397949191e-01
6.675237905281673489e-01
6.639450336077539205e-01
6.604114924850726931e-01
6.569216359115549464e-01
6.534740295096462814e-01
6.500673282218401017e-01
6.467002694093443305e-01
6.433716665366466803e-01
6.400804033861403619e-01
6.368254287535520808e-01
6.336057515804374152e-01
6.304204364847378894e-01
6.272685996544177245e-01
6.241494050727116605e-01
6.210620610465622526e-01
6.180058170125158901e-01
6.149799605967229965e-01
6.119838149078042910e-01
6.090167360432354737e-01
6.060781107916040078e-01
6.031673545146229998e-01
6.002839091941700733e-01
5.974272416308775702e-01
5.945968417819363916e-01
5.917922212268162951e-01
5.890129117505484846e-01
5.862584640350831933e-01
5.835284464500113399e-01
5.808224439346784118e-01
5.781400569643553311e-01
5.754809005937530086e-01
5.728446035717051910e-01
5.702308075213619043e-01
5.676391661806862166e-01
5.650901394029883562e-01
5.626365429132984541e-01
5.602032393115090603e-01
5.577899110250981174e-01
5.553962515487158580e-01
5.530219647893818147e-01
5.506667644594110955e-01
5.483303735133069345e-01
5.460125236251783809e-01
5.437129547035072230e-01
5.414314144403545859e-01
5.391676578923261243e-01
5.369214470908345582e-01
5.346925506793980265e-01
5.324807435758894814e-01
5.302858066578240992e-01
5.281075264689246707e-01
5.259456949453442665e-01
5.238001091600532622e-01
5.216705710840277010e-01
5.195568873629630158e-01
5.174588691083648051e-01
5.154084710349757792e-01
5.133771557201088909e-01
5.113606253238588417e-01
5.093587114599299470e-01
5.073712493363061737e-01
5.053980776056830049e-01
5.034390382251336948e-01
5.014939763243365656e-01
4.995627400817383434e-01
4.976451806080789408e-01
4.957411518367517145e-01
4.938505104205064833e-01
4.919731156340483302e-01
4.901088292821165204e-01
4.882575156126587324e-01
4.864190412347490500e-01
4.845932750409214229e-01
4.827800881336176686e-01
4.809793537554719056e-01
4.791909472231706268e-01
4.774147458646567088e-01
4.756506289594498171e-01
4.738984776818835898e-01
4.721581750470717487e-01
4.704296058594241159e-01
4.687126566635553271e-01
4.670072156974351962e-01
4.653131728476386786e-01
4.636304196065706984e-01
4.619588490315438833e-01
4.602983557055983499e-01
4.586488356999610105e-01
4.570101865380482575e-01
4.553823071609224837e-01
4.538120824438359180e-01
4.522560389575603912e-01
4.507299267866485271e-01
4.492575692141329569e-01
4.477942208810647973e-01
4.463398018654469723e-01
4.448942333074316635e-01
4.434574373860720731e-01
4.420293372968763235e-01
4.406547383733971368e-01
4.392902599706902667e-01
4.379338389477114846e-01
4.365854069275117988e-01
4.352448963691830652e-01
4.339716833123803408e-01
4.327132671401369701e-01
4.314623131727368666e-01
4.302187534548633230e-01
4.289825209642442738e-01
4.277535495923989184e-01
4.265317741259327389e-01
4.253171302283605404e-01
4.241095544224375291e-01
4.229089840729835514e-01
4.217153573701787339e-01
4.205286133133180337e-01
4.193486916950045496e-01
4.181755330857711006e-01
4.170090788191130327e-01
4.158492709769162077e-01
4.147007733639445637e-01
4.135716963626848708e-01
4.124487714145948503e-01
4.113319489065198065e-01
4.102211798192809122e-01
4.091164157165848025e-01
4.080176087342232694e-01
4.069247115695572292e-01
4.058376774712723623e-01
4.047564602294014824e-01
4.036810141656020368e-01
4.026112941236827947e-01
4.015472554603696786e-01
4.004888540363064631e-01
3.994360462072792384e-01
3.983887888156606993e-01
3.973470391820662084e-01
3.963107550972155280e-01
3.952798948139925050e-01
3.942544170396994896e-01
3.932342809284976592e-01
3.922194460740305311e-01
3.912098725022220003e-01
3.902055206642456309e-01
3.892063514296613680e-01
3.882123260797113451e-01
3.872234063007719551e-01
3.862395541779600761e-01
3.852607321888824043e-01
3.842869031975314487e-01
3.833180304483181922e-01
3.823540775602402020e-01
3.813950085211808005e-01
3.804407876823355239e-01
3.794913797527609822e-01
3.785467497940462889e-01
3.776068632150981763e-01
3.766716857670413532e-01
3.757411835382297172e-01
3.748153229493627614e-01
3.738940707487074522e-01
3.729773940074219141e-01
3.720652601149762595e-01
3.711589514710022519e-01
3.702662290923963706e-01
3.693778209381822220e-01
3.684936976380379092e-01
3.676138300829067673e-01
3.667381894216302229e-01
3.658667470576498770e-01
3.649994746457733141e-01
3.641363440890076353e-01
3.632773275354532205e-01
3.624223973752596084e-01
3.615715262376390515e-01
3.607246869879412454e-01
3.598818527247796828e-01
3.590429967772160169e-01
3.582080927019962724e-01
3.573771142808382928e-01
3.565500355177702585e-01
3.557268306365187760e-01
3.549074740779428749e-01
3.540919404975157447e-01
3.532802047628525455e-01
3.524722419512800742e-01
3.516680273474511176e-01
3.508675364410001052e-01
3.500794978939514301e-01
3.492958480430207735e-01
3.485157129894270733e-01
3.477390713024802182e-01
3.469659017039782301e-01
3.461961830668974782e-01
3.454298944141024896e-01
3.446670149170720232e-01
3.439075238946437962e-01
3.431514008117731440e-01
3.423986252783106088e-01
3.416491770477936285e-01
3.409197327792054533e-01
3.402015149959880524e-01
3.394863553758867281e-01
3.387742363293725356e-01
3.380651403802250043e-01
3.373590501647905082e-01
3.366559484312467432e-01
3.359558180388712012e-01
3.352586419573158616e-01
3.345644032658862677e-01
3.338730851528255439e-01
3.331846709146037977e-01
3.324991439552114070e-01
3.318164877854582473e-01
3.311366860222764719e-01
3.304597223880288981e-01
3.297855807098206693e-01
3.291142449188170782e-01
3.284456990495640549e-01
3.277799272393148167e-01
3.271169137273591820e-01
3.264566428543585475e-01
3.258043682643778083e-01
3.251622425927806481e-01
3.245227727128565109e-01
3.238859436341062215e-01
3.232517404605709799e-01
3.226201483902564338e-01
3.219911527145585262e-01
3.213647388176941178e-01
3.207408921761312759e-01
3.201362992759472781e-01
3.195366656752811063e-01
3.189394075718881560e-01
3.183445116700706068e-01
3.177519647623257559e-01
3.171617537286755550e-01
3.165738655360038067e-01
3.159882872373989682e-01
3.154050059715038934e-01
3.148240089618725146e-01
3.142452835163315750e-01
3.136688170263497444e-01
3.130945969664115092e-01
3.125226108933982228e-01
3.119528464459742079e-01
3.113852913439789649e-01
3.108199333878251536e-01
3.102567604579015703e-01
3.096957605139823433e-01
3.091369215946409010e-01
3.085802318166700475e-01
3.080256793745067556e-01
3.074732525396617899e-01
3.069229396601551585e-01
3.063747291599567268e-01
3.058286095384303294e-01
3.052845693697845975e-01
3.047425973025278401e-01
3.042026820589270319e-01
3.036648124344727973e-01
3.031289772973475016e-01
3.025951655878997282e-01
3.020633663181212514e-01
3.015335685711302283e-01
3.010057615006573317e-01
3.004799343305375459e-01
2.999560763542050701e-01
2.994341769341932746e-01
2.989142255016380423e-01
2.983962115557861616e-01
2.978801246635069955e-01
2.973659544588087011e-01
2.968536906423580035e-01
2.963433229810044089e-01
2.958348413073073613e-01
2.953282355190683939e-01
2.948234955788662237e-01
2.943206115135963974e-01
2.938195734140131576e-01
2.933203714342770274e-01
2.928229957915043369e-01
2.923274367653208028e-01
2.918384136609275537e-01
2.913548643121023907e-01
2.908730283503064840e-01
2.903928967615158618e-01
2.899144605904417360e-01
2.894377109400936288e-01
2.889626389713480514e-01
2.884892359025194031e-01
2.880174930089348106e-01
2.875474016225122997e-01
2.870789531313427401e-01
2.866121389792745111e-01
2.861469506655017203e-01
2.856833797441567513e-01
2.852214178239044773e-01
2.847610565675406380e-01
2.843022876915936026e-01
2.838451029659289082e-01
2.833894942133572403e-01
2.829354533092451329e-01
2.824829721811298322e-01
2.820320428083354924e-01
2.815826572215944235e-01
2.811348075026702253e-01
2.806884857839838099e-01
2.802436842482431967e-01
2.798003951280754187e-01
2.793715804296620364e-01
2.789527926054800044e-01
2.785353899860238958e-01
2.781193655596871928e-01
2.777047123593504585e-01
2.772914234620606488e-01
2.768794919887122563e-01
2.764689111037306191e-01
2.760596740147585604e-01
2.756517739723444715e-01
2.752452042696333923e-01
2.748399582420608112e-01
2.744360292670480206e-01
2.740334107637005245e-01
2.736320961925082229e-01
2.732320790550488709e-01
2.728333528936927044e-01
2.724359112913100622e-01
2.720397478709809524e-01
2.716569522740567844e-01
2.712754809381191512e-01
2.708951917897080564e-01
2.705160791050295610e-01
2.701381371953910926e-01
2.697613604069579729e-01
2.693857431205105568e-01
2.690112797512042575e-01
2.686379647483302380e-01
2.682657925950784894e-01
2.678947578083027969e-01
2.675248549382862606e-01
2.671560785685105355e-01
2.667884233154241280e-01
2.664218838282155222e-01
2.660564547885845288e-01
2.656921309105185203e-01
2.653289069400677214e-01
2.649667776551239418e-01
2.646057378651998637e-01
2.642457824112107168e-01
2.638869061652565629e-01
2.635291040304069132e-01
2.631723709404874545e-01
2.628167018598667193e-01
2.624620917832456990e-01
2.621085357354486778e-01
2.617560287712153988e-01
2.614045659749944517e-01
2.610541424607391026e-01
2.607048461582859855e-01
2.603584737235487556e-01
2.600131117650599788e-01
2.596687556648781259e-01
2.593254008316749348e-01
2.589830427005637148e-01
2.586416767329294819e-01
2.583012984162591508e-01
2.579619032639736131e-01
2.576234868152599833e-01
2.572928045945653830e-01
2.569683605424212813e-01
2.566448354949541488e-01
2.563222253649391491e-01
2.560005260881216271e-01
2.556797336230725581e-01
2.553598439510445517e-01
2.550408530758297432e-01
2.547227570236174077e-01
2.544055518428535723e-01
2.540892336041004618e-01
2.537737983998981650e-01
2.534592423446255238e-01
2.531455615743634646e-01
2.528327522467579969e-01
2.525208105408850989e-01
2.522097326571156040e-01
2.518995148169818066e-01
2.515901532630437920e-01
2.512816442587580412e-01
2.509739840883454809e-01
2.506671690566616983e-01
2.503611954890665459e-01
2.500560597312961320e-01
2.497517581493344796e-01
2.494482871292867110e-01
2.491456430772522601e-01
2.488438224192003057e-01
2.485428216008439550e-01
2.482426370875176203e-01
2.479432653640533946e-01
2.476447029346587336e-01
2.473469463227953302e-01
2.470499920710584607e-01
2.467538367410571087e-01
2.464584769132949771e-01
2.461639091870520268e-01
2.458701301802673767e-01
2.455771365294220354e-01
2.452849248894238554e-01
2.449934919334913197e-01
2.447028343530396333e-01
2.444129488575674247e-01
2.441238321745428652e-01
2.438354810492925906e-01
2.435478922448894301e-01
2.432610625420419947e-01
2.429749887389850704e-01
2.426896676513694839e-01
2.424050961121546888e-01
2.421212709715002132e-01
2.418381890966588288e-01
2.415558473718699972e-01
2.412742426982546762e-01
2.409940520390924934e-01
2.407260545859706835e-01
2.404587212687905318e-01
2.401920492755190428e-01
2.399260358103748048e-01
2.396606780937166337e-01
2.393959733619341612e-01
2.391319188673378116e-01
2.388685118780509431e-01
2.386057496779023235e-01
2.383436295663189930e-01
2.380821488582206824e-01
2.378213048839145083e-01
2.375610949889905843e-01
2.373015165342187982e-01
2.370425668954453946e-01
2.367842434634915283e-01
2.365265436440519564e-01
2.362694648575943412e-01
2.360130045392597742e-01
2.357571601387636606e-01
2.355019291202974097e-01
2.352473089624314007e-01
2.349932971580176999e-01
2.347398912140944427e-01
2.344870886517901876e-01
2.342348870062296862e-01
2.339832838264398474e-01
2.337322766752563952e-01
2.334818631292316649e-01
2.332320407785426208e-01
2.329828072268999850e-01
2.327412587390680354e-01
2.325083078024118288e-01
2.322758663820341518e-01
2.320439325095837724e-01
2.318125042275697156e-01
2.315815795892893769e-01
2.313511566587568291e-01
2.311212335106323512e-01
2.308918082301513464e-01
2.306628789130554524e-01
2.304344436655219319e-01
2.302065006040960593e-01
2.299790478556220652e-01
2.297520835571753850e-01
2.295256058559955459e-01
2.292996129094191371e-01
2.290741028848136407e-01
2.288490739595111234e-01
2.286245243207434552e-01
2.284004521655773334e-01
2.281768557008488907e-01
2.279537331431015779e-01
2.277310827185207165e-01
2.275089026628717703e-01
2.272871912214371737e-01
2.270659466489547695e-01
2.268451672095556926e-01
2.266248511767027796e-01
2.264049968331313389e-01
2.261856024707869228e-01
2.259666663907667905e-01
2.257481869032599286e-01
2.255301623274882095e-01
2.253125909916477154e-01
2.250954712328504803e-01
2.248788013970671740e-01
2.246625798390693152e-01
2.244468049223727057e-01
2.242314750191806427e-01
2.240165885103281851e-01
2.238021437852261430e-01
2.235881392418059277e-01
2.233745732864649558e-01
2.231614443340118048e-01
2.229487508076121449e-01
2.227364911387352819e-01
2.225246637671008387e-01
2.223132671406254368e-01
2.221022997153707379e-01
2.218917599554907083e-01
2.216816463331802156e-01
2.214719573286235976e-01
2.212626914299435088e-01
2.210538471331500165e-01
2.208454229420905579e-01
2.206374173684001738e-01
2.204298289314514103e-01
2.202226561583053022e-01
2.200158975836627728e-01
2.198095517498152851e-01
2.196036172065977399e-01
2.193980925113396818e-01
2.191929762288180594e-01
2.189882669312106234e-01
2.187839631980479649e-01
2.185800636161679411e-01
2.183765667796692678e-01
2.181734712898654449e-01
2.179707757552391822e-01
2.177684787913979625e-01
2.175665790210279671e-01
2.173650750738503612e-01
2.171660856159042252e-01
2.169699558981131315e-01
2.167741867321313631e-01
2.165787769436106069e-01
2.163837253642359459e-01
2.161890308316850584e-01
2.159946921895888883e-01
2.158007082874920934e-01
2.156070779808138826e-01
2.154138001308089079e-01
2.152208736045294890e-01
2.150282972747863952e-01
2.148360700201115414e-01
2.146441907247200465e-01
2.144526582784729574e-01
2.142614715768397515e-01
2.140706295208620880e-01
2.138801310171169201e-01
2.136899749776801638e-01
2.135001603200907816e-01
2.133106859673149502e-01
2.131215508477108944e-01
2.129327538949931931e-01
2.127442940481981404e-01
2.125561702516491347e-01
2.123683814549222892e-01
2.121809266128114602e-01
2.119972437893868078e-01
2.118144724082358932e-01
2.116320118410797146e-01
2.114498611441828213e-01
2.112680193785974603e-01
2.110864856101314357e-01
2.109052589093159125e-01
2.107243383513728308e-01
2.105437230161837370e-01
2.103634119882576980e-01
2.101834043567003818e-01
2.100036992151829152e-01
