3.723046349326128546e+00
2.105944834790738351e+00
1.435794706563186418e+00
1.101418348264762148e+00
9.530607665364260184e-01
8.684861490307185239e-01
8.171065829098728139e-01
7.756104671027596043e-01
7.424607023381585291e-01
7.150162019112646927e-01
6.921572270543009386e-01
6.719161388614413033e-01
6.537535344552981575e-01
6.373373668969646300e-01
6.223879667856319076e-01
6.086443433247553658e-01
5.959227772216370012e-01
5.841496225144793275e-01
5.738118851952284105e-01
5.640600725410307437e-01
5.553637890322540294e-01
5.474163847269895022e-01
5.401817139700909598e-01
5.335736554058276848e-01
5.271947356161551523e-01
5.210223554080642971e-01
5.150374998202341681e-01
5.092240907125238358e-01
5.035684598804650580e-01
4.980589203080596494e-01
4.926854172108204311e-01
4.874392438939321170e-01
4.823759215391866806e-01
4.774927909709055229e-01
4.727044310894196188e-01
4.680065227363490732e-01
4.633955432933469232e-01
4.588682999298614451e-01
4.544218760690221792e-01
4.500535879970468112e-01
4.457609496499186919e-01
4.416511843827196082e-01
4.376954636763698558e-01
4.338696915287573175e-01
4.301199053469772493e-01
4.264271259265797198e-01
4.227943682411527404e-01
4.192177003133967239e-01
4.156939409567759203e-01
4.122604023739849244e-01
4.089613859836643273e-01
4.057080466106035566e-01
4.024994124108814963e-01
3.993345432749241253e-01
3.962125287791733452e-01
3.931324864256007245e-01
3.900935601141658493e-01
3.871624960180520825e-01
3.842843170075099235e-01
3.814418305438638801e-01
3.786343905168757518e-01
3.758613666650150176e-01
3.731221440194095740e-01
3.704161223941839221e-01
3.677427159147400038e-01
3.651013525773018076e-01
3.624914738344682252e-01
3.599361996188257806e-01
3.574404347077645427e-01
3.549721738112040503e-01
3.525310230212631013e-01
3.501165935822836417e-01
3.477285020037644281e-01
3.453663701508290496e-01
3.430298253141570997e-01
3.407185002612308500e-01
3.384320332706689527e-01
3.362135880522992282e-01
3.340259786435007539e-01
3.318921689941163877e-01
3.297878132448957000e-01
3.277042419678867780e-01
3.256411781350035950e-01
3.235983491176049887e-01
3.215934324628998420e-01
3.196113695431748170e-01
3.176479071660317510e-01
3.157079460678209326e-01
3.138062770756848141e-01
3.119221192078954763e-01
3.100552723404969013e-01
3.082055384969111800e-01
3.063727218526006157e-01
3.045566287376941239e-01
3.027570676376989955e-01
3.009738491924242032e-01
2.992067861932301009e-01
2.974556935787155409e-01
2.957203884289492657e-01
2.940268444698004857e-01
2.923875179549213499e-01
2.907619646636140365e-01
2.891500493057510002e-01
2.875520283149263778e-01
2.859741732662837155e-01
2.844095066003269889e-01
2.828578967763134000e-01
2.813192131689574160e-01
2.797933260973362590e-01
2.782801068511365217e-01
2.767809665198485702e-01
2.753090331458783457e-01
2.738492069679043794e-01
2.724013669740297794e-01
2.709653931083690903e-01
2.695411662883877013e-01
2.681285684204161579e-01
2.667274824134501787e-01
2.653377921913370185e-01
2.639593827034489859e-01
2.625921399339339324e-01
2.612410396938749657e-01
2.599223684996345707e-01
2.586139928023131751e-01
2.573158117298181002e-01
2.560277253147620335e-01
2.547496345003606444e-01
2.534814411453235605e-01
2.522230480277978248e-01
2.509743588484241172e-01
2.497352782325573672e-01
2.485057117317073239e-01
2.472855658242453236e-01
2.460747479154240802e-01
2.448731663367556266e-01
2.436807303447877104e-01
2.424973501193178893e-01
2.413229367610832954e-01
2.401574022889601256e-01
2.390006596367068858e-01
2.378526226492825857e-01
2.367132060787688896e-01
2.356105595957314891e-01
2.345262377810831411e-01
2.334498596233189338e-01
2.323813483158541915e-01
2.313206278952077144e-01
2.302676232340779838e-01
2.292222600342878058e-01
2.281844648196092729e-01
2.271541649284832542e-01
2.261312885066442679e-01
2.251157644996631957e-01
2.241075226454163627e-01
2.231064934664931110e-01
2.221126082625504428e-01
2.211257991026229497e-01
2.201459988173975202e-01
2.191731409914598472e-01
2.182137777521052924e-01
2.172623811439473029e-01
2.163239499278745703e-01
2.153918972300485901e-01
2.144661669699754747e-01
2.135556953517940559e-01
2.126645127585196915e-01
2.117912763399696641e-01
2.109300302209048128e-01
2.100743545791561306e-01
2.092242030582418255e-01
2.083795297517430090e-01
2.075402891990856813e-01
2.067064363813273797e-01
2.058779267169505156e-01
2.050547160576656203e-01
2.042367606842240835e-01
2.034339019600300835e-01
2.026412308806128937e-01
2.018534184565290435e-01
2.010704271378115360e-01
2.002922197049710196e-01
1.995187592662828469e-01
1.987500092550739672e-01
1.979859334270105409e-01
1.972264958573878568e-01
1.964716609384235535e-01
1.957213933765550307e-01
1.949756581897429952e-01
1.942344207047806692e-01
1.934976465546117963e-01
1.927653016756548932e-01
1.920373523051387699e-01
1.913137649784468208e-01
1.905945065264717797e-01
1.898795440729824646e-01
1.891702032704682956e-01
1.884750178354228367e-01
1.877840465904550282e-01
1.870972563823634360e-01
1.864146143732782757e-01
1.857360880371554113e-01
1.850616451563137643e-01
1.843912538180219884e-01
1.837261093504994336e-01
1.830787286288906024e-01
1.824351080095916455e-01
1.817952191664430894e-01
1.811590340320446968e-01
1.805265247949449647e-01
1.798976638968688146e-01
1.792724240299826410e-01
1.786507781341964696e-01
1.780326993945026692e-01
1.774211338359723000e-01
1.768169338000462054e-01
1.762161107972441965e-01
1.756186404804273848e-01
1.750244987122000773e-01
1.744336615628671594e-01
1.738478448684269428e-01
1.732703372789226592e-01
1.726960172679402328e-01
1.721248620079858238e-01
1.715568488679770909e-01
1.709919554113300544e-01
1.704301593940642789e-01
1.698714387629279843e-01
1.693157716535428625e-01
1.687631363885671865e-01
1.682135114758783467e-01
1.676668756067742905e-01
1.671232076541931122e-01
1.665824866709507135e-01
1.660446918879975864e-01
1.655098027126926108e-01
1.649777987270947821e-01
1.644486596862733130e-01
1.639223655166340277e-01
1.633988963142637973e-01
1.628782323432918233e-01
1.623603540342676843e-01
1.618452419825560928e-01
1.613328769467487211e-01
1.608232398470915425e-01
1.603163117639291313e-01
1.598120739361645337e-01
1.593105077597355146e-01
1.588115947861060695e-01
1.583153167207734247e-01
1.578216554217913292e-01
1.573305928983072532e-01
1.568421113091159336e-01
1.563561929612270196e-01
1.558728203084480124e-01
1.553919759499812203e-01
1.549136426290363688e-01
1.544378032314561444e-01
1.539644407843566987e-01
1.534935384547823356e-01
1.530528480767501809e-01
1.526170760331325704e-01
1.521834545664103311e-01
1.517519698236277914e-01
1.513226080574611998e-01
1.508953556253196382e-01
1.504701989884531244e-01
1.500471247110697626e-01
1.496261194594611377e-01
1.492071700011349256e-01
1.487902632039563577e-01
1.483753860352969856e-01
1.479625255611918822e-01
1.475516689455034502e-01
1.471428034490939729e-01
1.467359164290053808e-01
1.463309953376460415e-01
1.459280277219850985e-01
1.455270012227547205e-01
1.451279035736588729e-01
1.447307226005894454e-01
1.443354462208495947e-01
1.439420624423837225e-01
1.435505593630152787e-01
1.431609251696901730e-01
1.427731481377278455e-01
1.423872166300793329e-01
1.420032822939238659e-01
1.416265694195132652e-01
1.412516286497354223e-01
1.408784489584729016e-01
1.405070194020667795e-01
1.401373291186171488e-01
1.397693673272916437e-01
1.394031233276387116e-01
1.390385864989083509e-01
1.386757462993782886e-01
1.383145922656864868e-01
1.379575350268011369e-01
1.376187112926678391e-01
1.372814258681678834e-01
1.369456693528734170e-01
1.366114324165644545e-01
1.362787057986244166e-01
1.359474803074399996e-01
1.356177468198085379e-01
1.352904172367647984e-01
1.349649604517468848e-01
1.346409569140191165e-01
1.343183976939686108e-01
1.339972739328086360e-01
1.336775768418710375e-01
1.333592977019074921e-01
1.330424278623988932e-01
1.327269587408730633e-01
1.324128818222307102e-01
1.321001886580795981e-01
1.317888708660767683e-01
1.314789201292780874e-01
1.311703281954960665e-01
1.308630868766654243e-01
1.305571880482155611e-01
1.302526236484513045e-01
1.299493856779401768e-01
1.296474661989077959e-01
1.293468573346395201e-01
1.290475512688896709e-01
1.287495402452977777e-01
1.284528165668115118e-01
1.281573725951161702e-01
1.278632007500712930e-01
1.275702935091535262e-01
1.272786434069063111e-01
1.269882430343952373e-01
1.266990850386713885e-01
1.264111621222383242e-01
1.261244670425280823e-01
1.258389926113807344e-01
1.255547316945321290e-01
1.252716772111058252e-01
1.249898221331117998e-01
1.247091594849504409e-01
1.244353715737700344e-01
1.241634684560093266e-01
1.238926679970415445e-01
1.236229641025937270e-01
1.233644166567837291e-01
1.231073776612785081e-01
1.228513544054734424e-01
1.225963414229743753e-01
1.223423332852343337e-01
1.220893246012156597e-01
1.218373100170536405e-01
1.215863677764571077e-01
1.213372781005539747e-01
1.210891518175611775e-01
1.208419839319940930e-01
1.205957694807245073e-01
1.203505035327185058e-01
1.201061811887772501e-01
1.198627975812802393e-01
1.196203478739313597e-01
1.193788272615071006e-01
1.191382309696081138e-01
1.188985542544118840e-01
1.186597924024295619e-01
1.184219407302635613e-01
1.181849945843690131e-01
1.179489493408163447e-01
1.177138004050573838e-01
1.174795432116928356e-01
1.172461732242423005e-01
1.170136859349171915e-01
1.167820768643949569e-01
1.165513415615960641e-01
1.163214756034632175e-01
1.160924745947421594e-01
1.158643341677657729e-01
1.156370499822386433e-01
1.154127986114293486e-01
1.151908181020909749e-01
1.149696559223862408e-01
1.147493080224543938e-01
1.145297703775009640e-01
1.143110389876027672e-01
1.140931098775146008e-01
1.138759790964787300e-01
1.136596427180350255e-01
1.134440968398335164e-01
1.132293375834495519e-01
1.130153610941989073e-01
1.128021635409570123e-01
1.125897411159779565e-01
1.123780900347164519e-01
1.121685574432770144e-01
1.119637005635690657e-01
1.117595883805083956e-01
1.115562172749049730e-01
1.113535836491751085e-01
1.111516839271837892e-01
1.109535608335371765e-01
1.107627144974848571e-01
1.105725453825473631e-01
1.103830502566104654e-01
1.101942259062844848e-01
1.100060691367748117e-01
1.098185767717536343e-01
1.096317456532327622e-01
1.094455726414371166e-01
1.092600546146800661e-01
1.090751884692389706e-01
1.088909711192324048e-01
1.087073994964978668e-01
1.085244705504709722e-01
1.083421812480652446e-01
1.081605285735535299e-01
1.079795095284492856e-01
1.077991211313900910e-01
1.076193604180211288e-01
1.074402244408803608e-01
1.072617102692842161e-01
1.070838149892141267e-01
1.069065357032043528e-01
1.067298695302305450e-01
1.065538136055991097e-01
1.063783650808377418e-01
1.062035211235864696e-01
1.060292789174898942e-01
1.058556356620903582e-01
1.056825885727214337e-01
1.055101348804028671e-01
1.053382718317362465e-01
1.051669966888012092e-01
1.049963067290527324e-01
1.048261992452193120e-01
1.046566715452014878e-01
1.044877209519719796e-01
1.043193448034755305e-01
1.041515404525310828e-01
1.039859178243069393e-01
1.038215376256883954e-01
1.036577113564337987e-01
1.034944364292633423e-01
1.033317102716271724e-01
1.031698270839842696e-01
1.030107223559787316e-01
1.028521415450339010e-01
1.026940822250508450e-01
1.025367644973433495e-01
1.023812045946251720e-01
1.022261629396875454e-01
1.020716371191293242e-01
1.019176247331459728e-01
1.017641233954427460e-01
1.016111307331473146e-01
1.014586443867239313e-01
1.013066620098876658e-01
1.011551812695194313e-01
1.010041998455815243e-01
1.008537154310341633e-01
1.007037257317516254e-01
1.005542284664406455e-01
1.004052213665575372e-01
1.002567021762272720e-01
1.001086686521626551e-01
9.996111856358359804e-02
9.981404969213825140e-02
9.966745983182288826e-02
9.952134678890435515e-02
9.937570838184135724e-02
9.923252193122286680e-02
9.909041212202611415e-02
9.894874372342997437e-02
9.880751480645567908e-02
9.866672345251804865e-02
9.852636775336008623e-02
9.838644581098852926e-02
9.824695573760919287e-02
9.810789565556342351e-02
9.796926369726444150e-02
9.783105800513453021e-02
9.769327673154240554e-02
9.755591803874132106e-02
9.741898009880732567e-02
9.728246109357815974e-02
9.714635921459235934e-02
9.701067266302895731e-02
9.687539964964775319e-02
9.674053839472958327e-02
9.660608712801749265e-02
9.647204408865753256e-02
9.633840752514130634e-02
9.620517569524784929e-02
9.607234686598573048e-02
9.593991931353666736e-02
9.580789132319841861e-02
9.567626118932896773e-02
9.554502721529048448e-02
9.541418771339366112e-02
9.528374100484313103e-02
9.515368541968224902e-02
9.502401929673919001e-02
9.489474098357286724e-02
9.476584883641961388e-02
9.463734122013942041e-02
9.450921650816387909e-02
9.438147308244312916e-02
9.425410933339435637e-02
9.412712365984945984e-02
9.400051446900398178e-02
9.387428017636625932e-02
9.374841920570667342e-02
9.362292998900732799e-02
9.349781096641188172e-02
9.337306058617603211e-02
9.324867730461888771e-02
9.312465958607288319e-02
9.300100590283613688e-02
9.287771473512382303e-02
9.275478457102022400e-02
9.263221390643114339e-02
9.251000124503665212e-02
9.238814509824418153e-02
9.226664398514210219e-02
9.215068880893217962e-02
9.203524862004029694e-02
9.192014399486872489e-02
9.180537352378131954e-02
9.169093580440969282e-02
9.157740492978111435e-02
9.146461124203933424e-02
9.135213440458787859e-02
9.123997317174097066e-02
9.112812630354850951e-02
9.101659256576878632e-02
9.090537072983996547e-02
9.079445957285230129e-02
9.068385787752072935e-02
9.057356443215704156e-02
9.046357803064260239e-02
9.035389747240087088e-02
9.024452156237038059e-02
9.013544911097777501e-02
9.002667893411049616e-02
8.991820985309025016e-02
8.981004069464647299e-02
8.970217029088935201e-02
8.959459747928373574e-02
8.948732110262289097e-02
8.938034000900178799e-02
8.927365305179188470e-02
8.916725908961424529e-02
8.906115698631460187e-02
8.895534561093705606e-02
8.884982383769865488e-02
8.874459054596416097e-02
8.863964462022051738e-02
8.853498495005165947e-02
8.843061043011360423e-02
8.832651996010908169e-02
8.822271244476319330e-02
8.811985636142197209e-02
8.801758254592188802e-02
8.791558302210525366e-02
8.781385674961135479e-02
8.771240269264952982e-02
8.761121981997843644e-02
8.751030710488598430e-02
8.740966352516837956e-02
8.730928806311070989e-02
8.720917970546583631e-02
8.710933744343478391e-02
8.700976027264654966e-02
8.691044719313827105e-02
8.681139720933511716e-02
8.671260933003049898e-02
8.661408256836626574e-02
8.651581594181327606e-02
8.641780847215140005e-02
8.632005918545022916e-02
8.622256711204949464e-02
8.612533128653995784e-02
8.602835074774360657e-02
8.593162453869473971e-02
8.583515170662082971e-02
8.573893130292327414e-02
8.564296238315838306e-02
8.554724400701857467e-02
8.545177523831337663e-02
8.535655514495067708e-02
8.526158279891782321e-02
8.516685727626331637e-02
8.507237765707810484e-02
8.497814302547687659e-02
8.488415246957990712e-02
8.479040508149458810e-02
8.469689995729695609e-02
8.460363619701384563e-02
8.451061290460466779e-02
8.441782918794316082e-02
8.432528415879954331e-02
