1.055578449459436019e+00
8.659051375068532730e-01
7.921338074156198950e-01
7.336981878421954262e-01
6.889219464479012789e-01
6.516604357882872511e-01
6.221063074837638318e-01
5.967879691693193100e-01
5.736763471476010734e-01
5.531884310474348698e-01
5.347051034337660935e-01
5.193737196993206684e-01
5.060933609094925290e-01
4.940348629674716219e-01
4.831244311342193787e-01
4.733091741664838259e-01
4.643077593093005717e-01
4.560016556808702548e-01
4.485029737754983037e-01
4.417592520691039915e-01
4.358269233967423384e-01
4.302520600874970569e-01
4.249796066821363572e-01
4.200244910333297832e-01
4.154615730269191065e-01
4.112704495054403941e-01
4.072259771988796517e-01
4.033062269220305529e-01
3.994670033145833465e-01
3.957041541709737098e-01
3.920139232687104291e-01
3.883928994303484927e-01
3.848379738099099168e-01
3.813463038213191214e-01
3.779152824646567765e-01
3.745425120681861175e-01
3.712257816676156064e-01
3.679630474024460640e-01
3.647524154328021795e-01
3.615921269768153090e-01
3.585155882670185701e-01
3.555550691775845040e-01
3.526367224177433535e-01
3.497595039855768695e-01
3.469224244342190011e-01
3.441914575814930544e-01
3.415186151643679335e-01
3.388796751557833775e-01
3.362740159715487120e-01
3.337597079498555996e-01
3.313186443844119977e-01
3.289061102853057528e-01
3.265217421263635900e-01
3.241651778042233811e-01
3.218360570025780021e-01
3.195340215188752775e-01
3.173514134614430771e-01
3.152177170948080587e-01
3.131075810159535400e-01
3.110207622136410555e-01
3.089570119554702621e-01
3.069160768171039222e-01
3.048978871760734122e-01
3.029199860813123757e-01
3.009641158532764815e-01
2.990299934799026116e-01
2.971173371032776456e-01
2.952258663448369957e-01
2.933553025916286194e-01
2.915053692474621205e-01
2.896757919524076130e-01
2.878673986163554077e-01
2.861640689468358256e-01
2.844915407305086408e-01
2.828369011083047835e-01
2.811999077828569171e-01
2.795803213432934142e-01
2.779779053264728184e-01
2.763924262660643616e-01
2.748236537307474636e-01
2.732713603526837343e-01
2.717353218473028131e-01
2.702153170253432379e-01
2.687111277979989388e-01
2.672225391759415203e-01
2.657493392629088902e-01
2.642913192444886761e-01
2.628482733726616449e-01
2.614199989466129970e-01
2.600062962902719987e-01
2.586069687269939021e-01
2.572218225517569623e-01
2.558506670012082873e-01
2.544933142218638311e-01
2.531495792367295938e-01
2.518192799105918867e-01
2.505022369141914895e-01
2.492136956283535487e-01
2.479491032905587755e-01
2.466970258449811826e-01
2.454597670502247642e-01
2.442435934800048503e-01
2.430393296583985840e-01
2.418468166001732644e-01
2.407047895830306261e-01
2.396238918052693012e-01
2.385920430894914179e-01
2.375736747787569325e-01
2.365644752312145438e-01
2.355643284189927189e-01
2.345731201200775273e-01
2.336189052265264243e-01
2.326862527367145328e-01
2.317918306005458395e-01
2.309087806757377792e-01
2.300565091411349572e-01
2.292187450115531766e-01
2.283876463103293175e-01
2.275631387611110612e-01
2.267451491348516368e-01
2.259508766096670340e-01
2.251741740653880608e-01
2.244032755046031780e-01
2.236381194536712080e-01
2.228786452779280003e-01
2.221247931671001541e-01
2.213765041210255247e-01
2.206337199356724066e-01
2.198963831894531484e-01
2.191644372298251209e-01
2.184378261601739313e-01
2.177164948269729172e-01
2.170003888072129239e-01
2.162894543960957316e-01
2.155836385949868317e-01
2.148828890996206109e-01
2.142137510805542377e-01
2.135494999229400892e-01
2.128907042209190470e-01
2.122385478331616226e-01
2.115906923796298800e-01
2.109470975794306979e-01
2.103077236370643477e-01
2.096725312347947623e-01
2.090414815251902259e-01
2.084145361238272931e-01
2.077916571021533876e-01
2.071728069805024441e-01
2.065579487212602927e-01
2.059470457221735384e-01
2.053400618097982189e-01
2.047369612330853794e-01
2.041377086570967114e-01
2.035522587797392868e-01
2.029763300652115410e-01
2.024037485577710183e-01
2.018344890892815047e-01
2.012685266932193739e-01
2.007058366031732877e-01
2.001463942513604655e-01
1.995938644635313064e-01
1.990661206878827083e-01
1.985475124291131710e-01
1.980610585983763605e-01
1.975772842517238004e-01
1.970961706014348058e-01
1.966176989763808447e-01
1.961418508220837131e-01
1.956686077007550595e-01
1.951979512913136761e-01
1.947298633893853326e-01
1.942643259072803774e-01
1.938013208739534921e-01
1.933408304349432394e-01
1.928844442145205285e-01
1.924423706803321255e-01
1.920025698136721970e-01
1.915652908218951345e-01
1.911370434306084165e-01
1.907154135561564545e-01
1.903008784964682065e-01
1.898882564290133301e-01
1.894775368115487746e-01
1.890687091292346522e-01
1.886617628957280579e-01
1.882566876542397794e-01
1.878534729785509005e-01
1.874720793375557470e-01
1.870976935291714105e-01
1.867249936119780296e-01
1.863555199048419764e-01
1.859932010568987881e-01
1.856325295852379875e-01
1.852734960387400487e-01
1.849160909908919292e-01
1.845603050410216661e-01
1.842061838993597489e-01
1.838624483743321880e-01
1.835202520987768704e-01
1.831795863600972074e-01
1.828404424702432807e-01
1.825028117667509553e-01
1.821666856137401369e-01
1.818320554028709513e-01
1.814989125542620652e-01
1.811672485173701774e-01
1.808370547718325116e-01
1.805083228282724772e-01
1.801810442290719405e-01
1.798552105491072750e-01
1.795308133964541586e-01
1.792078444130586479e-01
1.788862952753788038e-01
1.785661576949939822e-01
1.782474234191862850e-01
1.779300842314926190e-01
1.776141319522292761e-01
1.772995584389892298e-01
1.769863555871142302e-01
1.767005460503736358e-01
1.764185437917545618e-01
1.761375158694971910e-01
1.758574588073789913e-01
1.755783691128583179e-01
1.753002432781599340e-01
1.750230777813278071e-01
1.747468690872470420e-01
1.744716136486345048e-01
1.741973079070002206e-01
1.739239482935791836e-01
1.736515312302352176e-01
1.733800531303371084e-01
1.731095103996078133e-01
1.728398994369476915e-01
1.725712166352323107e-01
1.723034583820850785e-01
1.720366210606264767e-01
1.717707010501992315e-01
1.715056947270706955e-01
1.712415984651131096e-01
1.709798590487094927e-01
1.707221466362525697e-01
1.704652648075733190e-01
1.702092108477520904e-01
1.699539820300651760e-01
1.696995756167171687e-01
1.694459888595515329e-01
1.691932190007413850e-01
1.689412632734613173e-01
1.686901189025390158e-01
1.684397831050895300e-01
1.681902530911304483e-01
1.679415260641798358e-01
1.676935992218368532e-01
1.674464697563453897e-01
1.672001348551414579e-01
1.669545917013849912e-01
1.667098374744748202e-01
1.664658693505500220e-01
1.662226845029754208e-01
1.659802801028127939e-01
1.657386533192781453e-01
1.654978013201855169e-01
1.652577212723769229e-01
1.650184103421393489e-01
1.647798656956092622e-01
1.645420844991649645e-01
1.643050639198057605e-01
1.640688011255208578e-01
1.638332932856457758e-01
1.635985375712075973e-01
1.633645311552603951e-01
1.631312712132083065e-01
1.628987549231198095e-01
1.626669794660313417e-01
1.624359420262409259e-01
1.622056397915922210e-01
1.619760699537501070e-01
1.617472297084658339e-01
1.615191162558344273e-01
1.612917268005430727e-01
1.610650585521108957e-01
1.608391087251211382e-01
1.606138745394450063e-01
1.603893532204574146e-01
1.601655419992463747e-01
1.599424381128132233e-01
1.597200388042680219e-01
1.594983413230154634e-01
1.592773429249359496e-01
1.590570408725593410e-01
1.588374324352319067e-01
1.586185148892778618e-01
1.584002855181541047e-01
1.581827416125992092e-01
1.579671485636773287e-01
1.577593676712293613e-01
1.575521738532804639e-01
1.573455652347188483e-01
1.571443941515500986e-01
1.569457372922644645e-01
1.567476214627281650e-01
1.565500450694304324e-01
1.563530065187617724e-01
1.561565042171604578e-01
1.559605365712543601e-01
1.557651019879988663e-01
1.555701988748111053e-01
1.553758256397004822e-01
1.551892048623050580e-01
1.550060535978598497e-01
1.548233738068961474e-01
1.546411643398403757e-01
1.544594240440802513e-01
1.542781517641136635e-01
1.540973463416951961e-01
1.539170066159784855e-01
1.537371314236554432e-01
1.535577195990923127e-01
1.533787699744626754e-01
1.532002813798770402e-01
1.530222526435098540e-01
1.528446825917233187e-01
1.526675700491884058e-01
1.524909138390025398e-01
1.523147127828056446e-01
1.521389657008923035e-01
1.519636714123221433e-01
1.517888287350269427e-01
1.516144364859158822e-01
1.514404934809776559e-01
1.512669985353811419e-01
1.510939504635722130e-01
1.509213480793700213e-01
1.507491901960594238e-01
1.505774756264821879e-01
1.504062031831258361e-01
1.502353716782101334e-01
1.500649799237718518e-01
1.498950267317467888e-01
1.497255109140512852e-01
1.495564312826600240e-01
1.493877866496833018e-01
1.492199318684222509e-01
1.490526217607894000e-01
1.488857405915623433e-01
1.487192871930005933e-01
1.485532603976943700e-01
1.483876590386321859e-01
1.482224819492667378e-01
1.480577279635800769e-01
1.478933959161459755e-01
1.477294846421917385e-01
1.475659929776583223e-01
1.474029197592584273e-01
1.472402638245338402e-01
1.470780240119113069e-01
1.469161991607562667e-01
1.467547881114265873e-01
1.465937897053236627e-01
1.464332027849429563e-01
1.462730261939233500e-01
1.461132587770946900e-01
1.459538993805248319e-01
1.457949468515649383e-01
1.456364000388942759e-01
1.454782577925626819e-01
1.453205189640336958e-01
1.451631824062249720e-01
1.450062469735484694e-01
1.448497115219500031e-01
1.446935749089463541e-01
1.445378359936631829e-01
1.443824936368703071e-01
1.442275467010174506e-01
1.440729940502682160e-01
1.439188345505333089e-01
1.437650670695030664e-01
1.436116904766790991e-01
1.434587036434047391e-01
1.433061054428954317e-01
1.431538947502669912e-01
1.430020704425649103e-01
1.428506313987913390e-01
1.426995764999315908e-01
1.425489046289806772e-01
1.423986146709684819e-01
1.422487055129843248e-01
1.420991760442006369e-01
1.419500251558966641e-01
1.418012517414805607e-01
1.416528546965116486e-01
1.415048329187216514e-01
1.413571853080347884e-01
1.412099107665892306e-01
1.410630081987545859e-01
1.409164765111526330e-01
1.407703146126743632e-01
1.406245214144985212e-01
1.404790958301082859e-01
1.403340367753083129e-01
1.401893431682406654e-01
1.400450139294003027e-01
1.399010479816509278e-01
1.397574442502388381e-01
1.396142016628072746e-01
1.394713191494108273e-01
1.393287956425276475e-01
1.391866300770729925e-01
1.390448213904114383e-01
1.389033685223683701e-01
1.387622704152423336e-01
1.386215260138154437e-01
1.384811342653644028e-01
1.383410941196707433e-01
1.382014045290308191e-01
1.380620644482651593e-01
1.379230728347280444e-01
1.377844286483159153e-01
1.376461308514762838e-01
1.375081784092152259e-01
1.373705702891062919e-01
1.372333054612963343e-01
1.370963828985142796e-01
1.369598015760771503e-01
1.368235604718963938e-01
1.366876585664847377e-01
1.365520948429615189e-01
1.364168682870589289e-01
1.362819778871266208e-01
1.361474226341373717e-01
1.360132015216918011e-01
1.358793135460225343e-01
1.357457577059990317e-01
1.356125330031309750e-01
1.354796384415728749e-01
1.353470730281268464e-01
1.352148357722461891e-01
1.350829256860385519e-01
1.349513417842687080e-01
1.348200830843611087e-01
1.346891486064022703e-01
1.345585373731430778e-01
1.344282484100007835e-01
1.342982807450605609e-01
1.341686334090773647e-01
1.340393054354770686e-01
1.339102958603578530e-01
1.337875577960359330e-01
1.336659687595545265e-01
1.335446623474724759e-01
1.334256019656194503e-01
1.333070258134307906e-01
1.331887317880087740e-01
1.330707190872028045e-01
1.329529869105850193e-01
1.328355344594572274e-01
1.327183609368589867e-01
1.326014655475744874e-01
1.324848474981399349e-01
1.323685059968502942e-01
1.322524402537660349e-01
1.321366494807193204e-01
1.320211328913203086e-01
1.319058897009637299e-01
1.317943207575267839e-01
1.316870363995436832e-01
1.315800063095757255e-01
1.314732297201888223e-01
1.313667058662162379e-01
1.312604339847550650e-01
1.311544133151633651e-01
1.310486430990564777e-01
1.309431225803038557e-01
1.308378510050259569e-01
1.307328276215905249e-01
1.306280516806089809e-01
1.305235224349333423e-01
1.304192391396521711e-01
1.303152010520874371e-01
1.302114074317902437e-01
1.301078575405376914e-01
1.300045506423287978e-01
1.299014860033808338e-01
1.297986628921254937e-01
1.296960805792047866e-01
1.295937383374672902e-01
1.294916354419644311e-01
1.293897711699460440e-01
1.292881448008566247e-01
1.291867556163311115e-01
1.290856029001910266e-01
1.289846859384399802e-01
1.288840040192598679e-01
1.287835564330063187e-01
1.286833424722048924e-01
1.285833614315463613e-01
1.284836126078827134e-01
1.283840953002226559e-01
1.282848088097275907e-01
1.281857524397068404e-01
1.280869254956132908e-01
1.279883272850394771e-01
1.278899571177123662e-01
1.277918143054894706e-01
1.276941017540202117e-01
1.275975688549583764e-01
1.275012604477417655e-01
1.274051758705202486e-01
1.273093144632990170e-01
1.272136755679369458e-01
1.271182585281457333e-01
1.270230626894882919e-01
1.269280873993769709e-01
1.268333320070725578e-01
1.267387958636819745e-01
1.266444783221571391e-01
1.265503787372930788e-01
1.264564964657261537e-01
1.263628308659319188e-01
1.262693812982236818e-01
1.261761471247502542e-01
1.260831277094939806e-01
1.259903224182685189e-01
1.258977306187171741e-01
1.258053516803105121e-01
1.257131849743436669e-01
1.256212298739349253e-01
1.255294857540227571e-01
1.254379519913636776e-01
1.253466279645301940e-01
1.252555130539074191e-01
1.251646066416918501e-01
1.250739081118876217e-01
1.249834168503049653e-01
1.248931322445565317e-01
1.248030536840559895e-01
1.247131805600141530e-01
1.246235122654370531e-01
1.245340481951225931e-01
1.244447877456584667e-01
1.243557303154183696e-01
1.242668753045600011e-01
1.241782221150215526e-01
1.240898358583442385e-01
1.240041505582194642e-01
1.239186581373851875e-01
1.238333580275495227e-01
1.237482496620530281e-01
1.236633324758668884e-01
1.235786059055916375e-01
1.234940693894549107e-01
1.234097223673102373e-01
1.233255642806350971e-01
1.232415945725287842e-01
1.231578126877110740e-01
1.230742180725199059e-01
1.229908101749097038e-01
1.229075884444487676e-01
1.228245523323182459e-01
1.227417012913090272e-01
1.226593237873548486e-01
1.225789927634183818e-01
1.224988381249969144e-01
1.224188593532851144e-01
1.223390559309884135e-01
1.222594273423218553e-01
1.221799730730076528e-01
1.221006926102738699e-01
1.220215854428527008e-01
1.219426510609785547e-01
1.218638889563859601e-01
1.217852986223079276e-01
1.217068795534737985e-01
1.216286312461074409e-01
1.215505531979249321e-01
1.214726449081329762e-01
1.213949058774262402e-01
1.213173356079853549e-01
1.212399336034749031e-01
1.211626993690413934e-01
1.210856324113103455e-01
1.210087322383843894e-01
1.209319983598413639e-01
1.208554302867309860e-01
1.207790275315734907e-01
1.207027896083565227e-01
1.206267160325329435e-01
1.205508063210184305e-01
1.204750599921887849e-01
1.203994765658774613e-01
1.203240555633730419e-01
1.202487965074167109e-01
1.201736989221997981e-01
1.200987623333605175e-01
1.200239862679820108e-01
1.199493702545891827e-01
1.198749138231460787e-01
1.198006165050536503e-01
1.197264778331460361e-01
