4.498461713607762036e+00
8.652462187657234960e-01
7.143992998188400945e-01
6.818936389382463936e-01
6.498372751002623460e-01
6.227169332540739566e-01
5.988942698736872128e-01
5.773566516945068949e-01
5.576407693960151457e-01
5.396505250332800374e-01
5.236883932162125221e-01
5.090581001386818016e-01
4.951505233864486599e-01
4.818732489465697433e-01
4.691856954862415052e-01
4.570513528834547201e-01
4.454371255585567457e-01
4.343128193727855968e-01
4.236507364096595007e-01
4.138527971534113892e-01
4.051134078150123718e-01
3.969464812057739156e-01
3.890658953360046080e-01
3.816783569714005675e-01
3.751222232719745864e-01
3.689406971953451686e-01
3.629386934623139438e-01
3.573418940579276559e-01
3.523233867933001084e-01
3.479188200416584165e-01
3.438619157928038961e-01
3.399119048060523784e-01
3.361122156583895015e-01
3.324138544584210875e-01
3.287759962711646611e-01
3.251979931850995098e-01
3.216791570510602050e-01
3.182187644654360104e-01
3.148160614836603144e-01
3.114865414173457192e-01
3.083212812116131185e-01
3.052057187615484501e-01
3.021391391579397179e-01
2.991208202003914907e-01
2.961500344332315127e-01
2.932260509932991810e-01
2.903481372818246253e-01
2.875155604727250847e-01
2.847275888694414947e-01
2.819834931220139285e-01
2.792825473155550187e-01
2.766240299406486081e-01
2.740072247555427332e-01
2.714638001054534566e-01
2.690414015658589286e-01
2.666571045267182027e-01
2.643101422849486459e-01
2.619997667136617081e-01
2.597252477479971566e-01
2.574858728879200198e-01
2.552809467170982227e-01
2.531097904370648299e-01
2.509717414159436388e-01
2.488661527510810378e-01
2.467923928449802518e-01
2.447646305398704647e-01
2.427715405018685824e-01
2.408076722869646469e-01
2.388724767800469440e-01
2.369654178437422265e-01
2.350859719376567902e-01
2.332336277512590539e-01
2.314078858498049562e-01
2.296082583327398452e-01
2.278342685040433413e-01
2.260854505540070558e-01
2.243613492519697938e-01
2.226615196495493609e-01
2.209855267939440371e-01
2.193329454508891330e-01
2.177033598368812994e-01
2.160963633602999145e-01
2.145115583710704710e-01
2.129820746181743107e-01
2.114746367960717577e-01
2.099873543340161908e-01
2.085315673377793610e-01
2.071126910320992276e-01
2.057122737541675905e-01
2.043300126279251061e-01
2.029656108534994285e-01
2.016187775576945562e-01
2.002892276489270929e-01
1.989766816764673152e-01
1.976831475937079752e-01
1.964590771665743751e-01
1.952494827236441466e-01
1.940685132878242902e-01
1.929161021223620431e-01
1.917771853678304494e-01
1.906515733266420376e-01
1.895390791894362437e-01
1.884395189957140115e-01
1.873888430164699082e-01
1.863789159818771135e-01
1.853961651939608490e-01
1.844413301094827429e-01
1.834963507232594548e-01
1.825611031873680401e-01
1.816838134043012309e-01
1.808290836778197463e-01
1.799821024204803777e-01
1.791427942846316179e-01
1.783110842165946952e-01
1.774868974880728922e-01
1.766701597252268996e-01
1.758607969355502620e-01
1.750587355326705952e-01
1.742639023591982528e-01
1.734762247077349384e-01
1.726956303401508963e-01
1.719220475052312957e-01
1.711554049547878154e-01
1.703956319583264378e-01
1.696427134806692827e-01
1.689219708851241453e-01
1.682073015084442624e-01
1.674986496241664680e-01
1.667959597789687443e-01
1.660991768076279240e-01
1.654082458468783823e-01
1.647231123482359172e-01
1.640437220898396109e-01
1.633700211873677921e-01
1.627019561040779216e-01
1.620394736600190289e-01
1.613825210404618293e-01
1.607310458035907663e-01
1.600849958874981938e-01
1.594443196165205578e-01
1.588089657069526872e-01
1.581788832721758575e-01
1.575540218272321047e-01
1.569343312928778988e-01
1.563197619991442133e-01
1.557102646884341579e-01
1.551057905181834062e-01
1.545062910631094244e-01
1.539117183170720937e-01
1.533220246945719012e-01
1.527570123005747571e-01
1.522256308245809597e-01
1.516979276911458174e-01
1.511738765695714304e-01
1.506534511834151657e-01
1.501366253178390564e-01
1.496233728265523866e-01
1.491136676383644777e-01
1.486074837633668266e-01
1.481047952987606109e-01
1.476239862442558781e-01
1.471476055341675582e-01
1.466743425914936727e-01
1.462041746603014170e-01
1.457370791153569101e-01
1.452730334636969378e-01
1.448120153460727699e-01
1.443540025382697156e-01
1.438989729523121042e-01
1.434469046375524415e-01
1.429977757816580930e-01
1.425515647114942996e-01
1.421082498939094663e-01
1.416678099364312993e-01
1.412302235878707124e-01
1.407954697388462961e-01
1.403635274222267415e-01
1.399358225521429300e-01
1.395241064999601099e-01
1.391149529881071378e-01
1.387083425754186417e-01
1.383042560039459967e-01
1.379026741966870306e-01
1.375035782553534480e-01
1.371069494581750592e-01
1.367127692577397302e-01
1.363210192788687214e-01
1.359316813165269977e-01
1.355447373337674011e-01
1.351601694597079628e-01
1.347779599875427725e-01
1.343980913725834891e-01
1.340205462303346862e-01
1.336453073345979237e-01
1.332723576156070733e-01
1.329016801581936191e-01
1.325332581999814352e-01
1.321670751296085411e-01
1.318031144849788894e-01
1.314413599515406594e-01
1.310817953605907804e-01
1.307244046876087085e-01
1.303691720506118257e-01
1.300160817085402598e-01
1.296651180596643249e-01
1.293162656400172195e-01
1.289695091218512335e-01
1.286248333121179643e-01
1.282822231509709032e-01
1.279416637102912535e-01
1.276031401922352593e-01
1.272666379278035442e-01
1.269321423754317113e-01
1.265996391196014814e-01
1.262691138694728987e-01
1.259405524575359092e-01
1.256139408382813960e-01
1.252892650868928925e-01
1.249665113979556569e-01
1.246456660841839814e-01
1.243267155751696523e-01
1.240096464161436207e-01
1.236944452667593508e-01
1.233810988998906844e-01
1.230695942004476767e-01
1.227599181642089893e-01
1.224520578966692141e-01
1.221460006119036851e-01
1.218417336314482624e-01
1.215392443831933983e-01
1.212385204002954103e-01
1.209395493201002592e-01
1.206423188830823001e-01
1.203468169317992442e-01
1.200530314098576246e-01
1.197609503608945830e-01
1.194705619275720776e-01
1.191818543505845096e-01
1.188948159676787020e-01
1.186094352126876583e-01
1.183257006145755491e-01
1.180436007964962147e-01
1.177631244748626321e-01
1.174842604584290795e-01
1.172069976473835567e-01
1.169313250324540976e-01
1.166572316940234499e-01
1.163847068012567043e-01
1.161137396112391917e-01
1.158443194681244431e-01
1.155764358022941807e-01
1.153100781295267746e-01
1.150452360501768578e-01
1.147818992483645578e-01
1.145200574911754976e-01
1.142597006278680688e-01
1.140008185890931253e-01
1.137434013861206850e-01
1.134874391100769986e-01
1.132381312951219188e-01
1.129929568452802957e-01
1.127490981865597736e-01
1.125065470317505728e-01
1.122652951549234640e-01
1.120253343908628740e-01
1.117866566345096235e-01
1.115492538404096040e-01
1.113131180221712951e-01
1.110782412519293050e-01
1.108446156598147936e-01
1.106122334334345425e-01
1.103810868173544374e-01
1.101547154585569982e-01
1.099328702763908150e-01
1.097121491856188902e-01
1.094925456108913342e-01
1.092740530216238792e-01
1.090566649316007941e-01
1.088403748985833919e-01
1.086251765239249212e-01
1.084110634521903010e-01
1.081980293707809904e-01
1.079860680095670877e-01
1.077751731405216656e-01
1.075653385773624043e-01
1.073565581751975834e-01
1.071488258301759589e-01
1.069421354791429829e-01
1.067364810993006868e-01
1.065318567078711171e-01
1.063282563617670706e-01
1.061256741572636914e-01
1.059241042296769630e-01
1.057235407530446869e-01
1.055239779398131073e-01
1.053254100405249805e-01
1.051278313435147216e-01
1.049312361746047306e-01
1.047356188968070617e-01
1.045409739100271324e-01
1.043472956507731364e-01
1.041545785918669559e-01
1.039628172421598190e-01
1.037720061462505117e-01
1.035821398842070862e-01
1.033932130712922476e-01
1.032052203576918764e-01
1.030181564282447032e-01
1.028320160021789220e-01
1.026467938328471941e-01
1.024624847074684791e-01
1.022790834468702004e-01
1.020965849052346691e-01
1.019171308978212565e-01
1.017400228294516595e-01
1.015637539551565438e-01
1.013883198607817282e-01
1.012137161558504944e-01
1.010399384734653599e-01
1.008688142047927117e-01
1.006994219216906794e-01
1.005308090957305056e-01
1.003629718067784310e-01
1.001959061537053552e-01
1.000296082543499637e-01
9.986407424547866230e-02
9.969930028274623379e-02
9.953528254065388547e-02
9.937201721250651931e-02
9.920950051036754591e-02
9.904772866501472539e-02
9.888669792589252494e-02
9.872640456106511475e-02
9.856684485716728228e-02
9.840801511935370893e-02
9.824991167124898228e-02
9.809253085489570700e-02
9.793586903070074234e-02
9.777992257738120363e-02
9.762468789191090790e-02
9.747016138946348884e-02
9.731633950335648320e-02
9.716321868499351588e-02
9.701079540380710964e-02
9.685906614719837215e-02
9.670802742047902856e-02
9.655767574680955423e-02
9.640800766713947256e-02
9.625901974014478002e-02
9.611070854216627324e-02
9.596307066714646061e-02
9.581610272656605753e-02
9.566980134938009306e-02
9.552416318195310063e-02
9.537918488799526640e-02
9.523486314849502476e-02
9.509119466165452672e-02
9.494817614282265172e-02
9.480580432442857475e-02
9.466407595591366797e-02
9.452298780366516495e-02
9.438253665094693823e-02
9.424271929783183122e-02
9.410353256113287990e-02
9.396497327433463165e-02
9.382703828752322894e-02
9.368972446731754777e-02
9.355302869679904543e-02
9.341694787544142786e-02
9.328147891904160771e-02
9.314661875964784510e-02
9.301236434549015053e-02
9.287871264090814816e-02
9.274566062628222807e-02
9.261320529795995238e-02
9.248134366818645813e-02
9.235007276503282014e-02
9.221938963232337305e-02
9.208929132956578112e-02
9.195977493187816598e-02
9.183083752991737236e-02
9.170247622980805258e-02
9.157468815306953058e-02
9.144747043654484486e-02
9.132082023232797330e-02
9.119473470769265400e-02
9.106921104501992936e-02
9.094424644172632854e-02
9.081983811019103681e-02
9.069598327768567392e-02
9.057267918630081127e-02
9.044992309287459842e-02
9.032771226892112593e-02
9.020604400055803884e-02
9.008491558843559344e-02
8.996432434766431230e-02
8.984426760774377740e-02
8.972474271249097910e-02
8.960574701996906755e-02
8.948727790241552127e-02
8.936933274617189782e-02
8.925190895161165539e-02
8.913500393307019487e-02
8.901863218952529855e-02
8.890446159610090882e-02
8.879077456037814953e-02
8.867776975031824160e-02
8.856708458757980851e-02
8.845684992605927499e-02
8.834706387350567403e-02
8.823772454458310432e-02
8.812883006087392224e-02
8.802037855088244711e-02
8.791236815003648786e-02
8.780479700068906379e-02
8.769766325211938995e-02
8.759096506053289100e-02
8.748470058906070157e-02
8.737886800775850060e-02
8.727346549360553984e-02
8.716849123050110504e-02
8.706394340926273956e-02
8.695982022762255292e-02
8.685611989022282153e-02
8.675284060861233881e-02
8.664998060124007306e-02
8.654753809345087923e-02
8.644551131747885142e-02
8.634389851244063385e-02
8.624269792432924520e-02
8.614190780600544661e-02
8.604152641719052530e-02
8.594155202445749597e-02
8.584198290122310726e-02
8.574281732773803011e-02
8.564405359107649107e-02
8.554568998512797340e-02
8.544772481058571234e-02
8.535015637493530150e-02
8.525298299244553346e-02
8.515620298415417511e-02
8.505981467785919681e-02
8.496381640810363178e-02
8.486820651616512612e-02
8.477298335004186669e-02
8.467814526444031320e-02
8.458369062076080691e-02
8.448961778708480308e-02
8.439592513816003561e-02
8.430261105538651434e-02
8.420967392680188401e-02
8.411711214706672768e-02
8.402492411744894030e-02
8.393310824580882401e-02
8.384166294658354501e-02
8.375059584598600060e-02
8.365990175235350768e-02
8.356957345995452702e-02
8.347960940956679343e-02
8.339000804846244397e-02
8.330076783039160049e-02
8.321188721556534162e-02
8.312336467063777268e-02
8.303519866868933064e-02
8.294738768920849326e-02
8.285993021807418202e-02
8.277282474753810959e-02
8.268606977620612808e-02
8.259966380902018790e-02
8.251360535723983869e-02
8.242789293842398002e-02
8.234252507641165453e-02
8.225750030130293822e-02
8.217281714944119075e-02
8.208847416339225267e-02
8.200446989192733405e-02
8.192080289000107374e-02
8.183747171873442805e-02
8.175447494539388182e-02
8.167181114337197789e-02
8.158947889216776328e-02
8.150747677736715213e-02
8.142580339062206740e-02
8.134445732963122011e-02
8.126343719812044453e-02
8.118274160582131249e-02
8.110345306740658622e-02
8.102487338807445871e-02
8.094660187329730250e-02
8.086863722056979176e-02
8.079097813327598687e-02
8.071362332066202294e-02
8.063657149780914524e-02
8.055982138560743855e-02
8.048337171072821039e-02
8.040722120559845587e-02
8.033136860837325477e-02
8.025581266291050009e-02
8.018055211874342003e-02
8.010558573105512614e-02
8.003091226065217612e-02
7.995653047393823376e-02
7.988243914288885306e-02
7.980863704502449973e-02
7.973512296338590433e-02
7.966189568650727804e-02
7.958895400839183232e-02
7.951629672848541108e-02
7.944392265165152456e-02
7.937183058814556436e-02
7.930001935359042020e-02
7.922848776895029255e-02
7.915723466050689217e-02
7.908625885983340542e-02
7.901555920377006936e-02
7.894513453439999662e-02
7.887498369902387618e-02
7.880510555013528484e-02
7.873549894539712268e-02
7.866616274761660532e-02
7.859709582472104716e-02
7.852829704973413039e-02
7.845976530075170208e-02
7.839149946091764076e-02
7.832349841840005600e-02
7.825576106636819573e-02
7.818828630296786875e-02
7.812107303129854630e-02
7.805412015938983927e-02
7.798742660017782269e-02
7.792099127148263693e-02
7.785481309598424327e-02
7.778969490418227717e-02
7.772537272108752393e-02
7.766129638534297053e-02
7.759746486947224908e-02
7.753387715070923780e-02
7.747053221097567610e-02
7.740742903685747522e-02
7.734456661958202806e-02
7.728194395499508873e-02
7.721956004353783265e-02
7.715741389022462426e-02
7.709550450461966076e-02
7.703383090081511453e-02
7.697239209740851240e-02
7.691118711748026748e-02
7.685021498857171063e-02
7.678947474266316353e-02
7.672896541615184529e-02
7.666868604982982061e-02
7.660863568886215613e-02
7.654881338276658953e-02
7.648921818538970130e-02
7.642984915488751363e-02
7.637070535370339697e-02
7.631178584854662883e-02
7.625308971037153549e-02
7.619461601435668918e-02
7.613636383988399425e-02
7.607833227051716274e-02
7.602052039398214667e-02
7.596292730214575240e-02
7.590555209099549006e-02
7.584839386061908995e-02
7.579145171518424096e-02
7.573472476291857880e-02
7.567821211608917464e-02
7.562191289098331437e-02
7.556582620788822313e-02
7.550995119107052622e-02
7.545428696875824959e-02
7.539883267311990600e-02
7.534358744024557963e-02
7.528855041012730287e-02
7.523372072664029353e-02
7.517909753752304025e-02
7.512467999435930299e-02
7.507046725255744901e-02
7.501645847133370237e-02
7.496265281369154931e-02
7.490904944640407181e-02
7.485564753999521259e-02
7.480244626872104008e-02
7.474944481055156853e-02
7.469664234715196749e-02
7.464403806386557538e-02
7.459163114969455388e-02
7.453942079728222148e-02
7.448759210813810094e-02
7.443662612179390015e-02
7.438621228913444572e-02
7.433598179705193376e-02
7.428593392248393490e-02
7.423606794550781374e-02
7.418638314932511635e-02
7.413687882024669329e-02
7.408755424767683728e-02
7.403840872409844787e-02
7.398944154505790460e-02
