1.345957718139581649e+00
1.019745215966693763e+00
8.401935015480777036e-01
7.784533017096332275e-01
7.542017893820411878e-01
7.393165275112133505e-01
7.269760912834264399e-01
7.163126630562254293e-01
7.058397123776778415e-01
6.956360059488856384e-01
6.867264858992458976e-01
6.780159146874038534e-01
6.696594313668144949e-01
6.616488660995837323e-01
6.539714174874128316e-01
6.467183182668770902e-01
6.397674312648140571e-01
6.332341977335665950e-01
6.269941410689998662e-01
6.211151918404945738e-01
6.155466831405517203e-01
6.102516421898936949e-01
6.054426713155137696e-01
6.009564769106796600e-01
5.967702882129197750e-01
5.926778270235489865e-01
5.886747472405589043e-01
5.847569926659370587e-01
5.809207697973427509e-01
5.772189788269971311e-01
5.737042029102528140e-01
5.702599898465661177e-01
5.668823411649469568e-01
5.635685878615346311e-01
5.603162087911256473e-01
5.571228209543075405e-01
5.539861705581922147e-01
5.509041247570817257e-01
5.478746640006303403e-01
5.448958749312057259e-01
5.419659437818600267e-01
5.390831502332384950e-01
5.362458616928912347e-01
5.334525279644344309e-01
5.307016762772026608e-01
5.279919066497112956e-01
5.253443370423452885e-01
5.227370347960625940e-01
5.201662190590256030e-01
5.176308147004341498e-01
5.151297932175702421e-01
5.126621702956530857e-01
5.102270035112375091e-01
5.078233901699351627e-01
5.054504652698577072e-01
5.031073995827934908e-01
5.007933978456649005e-01
4.985076970553252163e-01
4.962495648602229803e-01
4.940182980429000392e-01
4.918132210876944299e-01
4.896336848283928678e-01
4.874790651709325351e-01
4.853487618865713893e-01
4.832421974712486357e-01
4.811588160671432246e-01
4.790980824426897544e-01
4.770594810275631814e-01
4.750425149993642293e-01
4.730554794833822796e-01
4.711511130849623807e-01
4.692650915427662994e-01
4.673970405234773584e-01
4.655465988232955765e-01
4.637134177631307419e-01
4.618971606159164023e-01
4.600975020641706603e-01
4.583141276860407953e-01
4.565467334681869715e-01
4.547950253439552726e-01
4.530587187553946071e-01
4.513375382377552425e-01
4.496312170251967055e-01
4.479394966765041786e-01
4.462621267196933972e-01
4.445988643144475061e-01
4.429494739313922236e-01
4.413137270472817786e-01
4.396914018552158243e-01
4.380822829890672621e-01
4.364861612613439856e-01
4.349029121558747324e-01
4.333322795725718657e-01
4.317740438942587744e-01
4.302280185680961710e-01
4.287604761012315802e-01
4.273379815120528225e-01
4.259251472746546363e-01
4.245218585611282847e-01
4.231280031102530037e-01
4.217434711337364472e-01
4.203681552268787036e-01
4.190019502834260723e-01
4.176447534143857276e-01
4.162964638705944354e-01
4.149569829688432021e-01
4.136262140213640137e-01
4.123040622685109624e-01
4.109904348144641784e-01
4.096852405657995799e-01
4.083883901727799470e-01
4.070997959732225446e-01
4.058193719388172860e-01
4.045470336237659281e-01
4.032826981156277246e-01
4.020262839882609018e-01
4.007777112567518785e-01
3.995369013342373044e-01
3.983037769905217740e-01
3.970782623124051725e-01
3.958602826656346108e-01
3.946497646584022911e-01
3.934466361063126416e-01
3.922508259987519952e-01
3.910622644665882053e-01
3.898808827511413000e-01
3.887066131743611153e-01
3.875393891101585053e-01
3.863791449568334535e-01
3.852258161105505119e-01
3.840875642338513196e-01
3.829764985042147241e-01
3.818717246916854546e-01
3.807731904601988626e-01
3.796808441432822923e-01
3.785946347285452651e-01
3.775145118427676305e-01
3.764404257375543184e-01
3.753723272755312146e-01
3.743102249135323301e-01
3.732540169780050876e-01
3.722036538639738046e-01
3.711590887034581510e-01
3.701202751792241896e-01
3.690871675136632168e-01
3.680597204580537407e-01
3.670378892821941075e-01
3.660216297643812955e-01
3.650108981817292153e-01
3.640434977412055351e-01
3.630961054908909968e-01
3.621535961342007282e-01
3.612159352102229937e-01
3.602830885602302247e-01
3.593550223236356977e-01
3.584317029340765015e-01
3.575130971156131876e-01
3.565991718790408327e-01
3.556898945183070704e-01
3.547852326070305984e-01
3.538851539951148872e-01
3.529896268054531494e-01
3.520986194307205719e-01
3.512121005302470400e-01
3.503300390269702413e-01
3.494524041044618223e-01
3.485791652040250432e-01
3.477102920218590465e-01
3.468457545062893499e-01
3.459855228550583472e-01
3.451295675126750395e-01
3.442778591678197220e-01
3.434303687508033498e-01
3.425870674310772523e-01
3.417479266147909756e-01
3.409129179423987521e-01
3.400820132863080492e-01
3.392551847485729133e-01
3.384324046586268397e-01
3.376136455710563866e-01
3.367988802634108714e-01
3.359880817340495374e-01
3.351812232000230818e-01
3.343782780949876021e-01
3.335792200671529040e-01
3.327840229772595082e-01
3.319926608965869108e-01
3.312051081049899315e-01
3.304213390889633728e-01
3.296413285397325477e-01
3.288650513513711182e-01
3.280924826189423049e-01
3.273235976366659639e-01
3.265583718961078685e-01
3.257967810843925838e-01
3.250388010824382112e-01
3.242861451885423740e-01
3.235761407643416576e-01
3.228693238048017111e-01
3.221656737190209951e-01
3.214651700748272778e-01
3.207677925975473410e-01
3.200735211687845694e-01
3.193823358252047551e-01
3.186942167573298956e-01
3.180091443083393754e-01
3.173270989728794178e-01
3.166480613958793100e-01
3.159720123713764539e-01
3.152989328413469683e-01
3.146288038945455612e-01
3.139616067653505649e-01
3.132973228326190185e-01
3.126359336185450255e-01
3.119774207875291028e-01
3.113217661450521367e-01
3.106689516365567227e-01
3.100189593463364979e-01
3.093717714964310805e-01
3.087273704455290035e-01
3.080857386878765869e-01
3.074468588521946377e-01
3.068107137006011453e-01
3.061772861275417479e-01
3.055465591587259166e-01
3.049185159500706899e-01
3.042931397866514565e-01
3.036704140816583464e-01
3.030503223753608366e-01
3.024328483340781859e-01
3.018179757491570303e-01
3.012056885359555292e-01
3.005959707328344499e-01
3.000264403590940376e-01
2.994601694110287649e-01
2.988960127520247645e-01
2.983339584945955969e-01
2.977739948445721763e-01
2.972161101000912464e-01
2.966602926506007876e-01
2.961065309758804664e-01
2.955548136450757424e-01
2.950051293157466836e-01
2.944574667329313833e-01
2.939118147282221427e-01
2.933681622188551441e-01
2.928264982068146116e-01
2.922868117779478525e-01
2.917490921010941207e-01
2.912133284272260259e-01
2.906795100886028216e-01
2.901476264979346298e-01
2.896176671475600983e-01
2.890896216086342729e-01
2.885634795303280709e-01
2.880392306390386903e-01
2.875168647376108999e-01
2.869963717045689311e-01
2.864777414933589172e-01
2.859609641316009920e-01
2.854507634309821906e-01
2.849583695195241351e-01
2.844676280682751357e-01
2.839785306102048934e-01
2.834910687405980956e-01
2.830052341164104868e-01
2.825210184556353199e-01
2.820384135366765244e-01
2.815574111977325322e-01
2.810780033361872654e-01
2.806001819080101156e-01
2.801239389271641955e-01
2.796492664650220283e-01
2.791761566497898417e-01
2.787046016659395220e-01
2.782345937536476188e-01
2.777661252082425092e-01
2.772991883796589452e-01
2.768337756718995957e-01
2.763698795425034715e-01
2.759074925020217339e-01
2.754466071135008298e-01
2.749872159919712900e-01
2.745293118039442426e-01
2.740728872669135896e-01
2.736179351488655653e-01
2.731644482677938468e-01
2.727124194912211586e-01
2.722618417357272613e-01
2.718127079664825474e-01
2.713650111967876866e-01
2.709187444876194895e-01
2.704739009471818223e-01
2.700304737304628500e-01
2.695894196888989902e-01
2.691503970613977059e-01
2.687126875496567147e-01
2.682762857512480670e-01
2.678411862927758680e-01
2.674073838296447958e-01
2.669831412807068260e-01
2.665706189396231940e-01
2.661592094710751866e-01
2.657489090908174978e-01
2.653397140287748757e-01
2.649316205289629078e-01
2.645246248494106944e-01
2.641187232620846315e-01
2.637139120528143033e-01
2.633101875212191523e-01
2.629075459806371473e-01
2.625059837580539512e-01
2.621054971940346423e-01
2.617060826426556019e-01
2.613077364714376238e-01
2.609104550612813544e-01
2.605142348064023450e-01
2.601190721142684903e-01
2.597249634055374123e-01
2.593319051139958975e-01
2.589398936864993339e-01
2.585489255829133137e-01
2.581589972760547913e-01
2.577701052516349067e-01
2.573822460082031971e-01
2.569954160570912527e-01
2.566096119223581495e-01
2.562248301407369366e-01
2.558410672615807901e-01
2.554583198468107219e-01
2.550765844708640651e-01
2.546958577206428487e-01
2.543161361954637267e-01
2.539374165070081846e-01
2.535596952792729120e-01
2.531829691485218969e-01
2.528072347632372985e-01
2.524324887840734832e-01
2.520587278838085643e-01
2.516859487472993817e-01
2.513141480714342624e-01
2.509433225650882782e-01
2.505734689490786149e-01
2.502045839561193863e-01
2.498366643307776969e-01
2.494705754199002812e-01
2.491058932581181329e-01
2.487422020777243503e-01
2.483794980134437780e-01
2.480177772201850039e-01
2.476570358728972798e-01
2.472972701664271078e-01
2.469384763153779361e-01
2.465806505539701043e-01
2.462237891359037034e-01
2.458678883342206023e-01
2.455129444411706663e-01
2.451589537680771425e-01
2.448059126452041823e-01
2.444538174216259463e-01
2.441026644650969302e-01
2.437524501619232065e-01
2.434031709168352486e-01
2.430548231528622816e-01
2.427074033112074092e-01
2.423609078511237136e-01
2.420153332497931575e-01
2.416706760022040712e-01
2.413269326210324972e-01
2.409840996365228971e-01
2.406421735963704123e-01
2.403011510656049288e-01
2.399610286264755032e-01
2.396218028783357878e-01
2.392834704375315646e-01
2.389460279372877527e-01
2.386094720275983572e-01
2.382737993751155858e-01
2.379390066630415190e-01
2.376050905910195576e-01
2.372720478750277584e-01
2.369398752472728076e-01
2.366085694560851049e-01
2.362781272658142362e-01
2.359485454567261387e-01
2.356198208249009329e-01
2.352919501821315595e-01
2.349649303558231650e-01
2.346387581888939589e-01
2.343134305396761263e-01
2.339889442818187393e-01
2.336652963041902509e-01
2.333424835107827389e-01
2.330205028206165097e-01
2.326993511676460347e-01
2.323790255006659422e-01
2.320595227832187857e-01
2.317408399935025620e-01
2.314229741242796456e-01
2.311059221827869714e-01
2.307896811906454682e-01
2.304742481837716295e-01
2.301596202122895840e-01
2.298457943404435544e-01
2.295327676465109545e-01
2.292205372227165139e-01
2.289091001751471233e-01
2.285984536236675413e-01
2.282885947018364892e-01
2.279795205568228011e-01
2.276712283493239342e-01
2.273637152534835892e-01
2.270569784568108596e-01
2.267510151600995172e-01
2.264458225773483269e-01
2.261413979356815540e-01
2.258377384752711658e-01
2.255348414492579223e-01
2.252327041236749927e-01
2.249313237773704066e-01
2.246306977019315310e-01
2.243308232016095749e-01
2.240316975932442056e-01
2.237333182061896908e-01
2.234356823822409022e-01
2.231387874755602074e-01
2.228426308526052224e-01
2.225472098920560915e-01
2.222525219847444888e-01
2.219585645335824531e-01
2.216653349534921380e-01
2.213728306713360072e-01
2.210810491258470845e-01
2.207899877675606193e-01
2.204996440587455309e-01
2.202100154733367954e-01
2.199210994968680277e-01
2.196328936264048126e-01
2.193453953704782300e-01
2.190586022490194906e-01
2.187725117932943220e-01
2.184871215458380755e-01
2.182024290603919725e-01
2.179184319018383220e-01
2.176351276461383211e-01
2.173525138802677448e-01
2.170705882021557453e-01
2.167893482206221523e-01
2.165087915553159104e-01
2.162289158366544894e-01
2.159497187057622947e-01
2.156711978144114084e-01
2.153933508249611661e-01
2.151161754102992874e-01
2.148396692537819230e-01
2.145638300491762573e-01
2.142886555006019433e-01
2.140141433224732048e-01
2.137402912394416321e-01
2.134670969863397827e-01
2.131945583081235607e-01
2.129226729598174273e-01
2.126514387064576961e-01
2.123808533230377715e-01
2.121109145944529428e-01
2.118416203154460109e-01
2.115729682905528874e-01
2.113049563340489712e-01
2.110375822698957737e-01
2.107708439316875182e-01
2.105047391625989306e-01
2.102392658153325322e-01
2.099744217520666811e-01
2.097102048444042244e-01
2.094466129733207893e-01
2.091836440291143795e-01
2.089212959113541934e-01
2.086595665288311086e-01
2.083984537995070274e-01
2.081379556504657224e-01
2.078780700178635144e-01
2.076187948468807276e-01
2.073601280916722855e-01
2.071020677153203315e-01
2.068446116897856013e-01
2.065877579958602106e-01
2.063315046231206096e-01
2.060758495698797321e-01
2.058207908431411715e-01
2.055663264585523287e-01
2.053124544403586438e-01
2.050591728213576881e-01
2.048064796428536449e-01
2.045543729546122902e-01
2.043028508148158062e-01
2.040519112900189835e-01
2.038015524551036184e-01
2.035517723932362966e-01
2.033025691958226244e-01
2.030539409624656511e-01
2.028058858009217647e-01
2.025584018270575326e-01
2.023114871648079849e-01
2.020651399461339814e-01
2.018193583109794964e-01
2.015741404072309007e-01
2.013294843906743847e-01
2.010853884249558243e-01
2.008418506815386750e-01
2.005988693396641154e-01
2.003564425863102183e-01
2.001145686161514003e-01
1.998732456315191752e-01
1.996324718423618527e-01
1.993922454662055421e-01
1.991525647281144062e-01
1.989134278606520534e-01
1.986748331038428739e-01
1.984367787051333487e-01
1.981992629193541078e-01
1.979622840086810442e-01
1.977258402425991490e-01
1.974899298978633755e-01
1.972545512584624461e-01
1.970197026155811049e-01
1.967853822675634801e-01
1.965515885198766965e-01
1.963183196850744328e-01
1.960855740827603666e-01
1.958533500395527038e-01
1.956216458890484289e-01
1.953904599717872503e-01
1.951597906352172118e-01
1.949296362336588040e-01
1.946999951282705477e-01
1.944708656870142438e-01
1.942422462846208342e-01
1.940141353025555959e-01
1.937865311289845016e-01
1.935594321587405520e-01
1.933328367932898306e-01
1.931067434406982808e-01
1.928811505155984540e-01
1.926560564391567865e-01
1.924314596390400423e-01
1.922073585493838388e-01
1.919837516107594511e-01
1.917606372701414486e-01
1.915380139808763593e-01
1.913158802026503902e-01
1.910942344014580352e-01
1.908730750495702122e-01
1.906524006255034820e-01
1.904322096139887399e-01
1.902125005059401852e-01
1.899932717984250674e-01
1.897745219946325446e-01
1.895562496038439293e-01
1.893384531414019079e-01
1.891211311286812857e-01
1.889042820930585953e-01
1.886879045678826194e-01
1.884719970924449983e-01
1.882565582119508363e-01
1.880415864774896972e-01
1.878270804460066556e-01
1.876130386802730698e-01
1.873994597488587988e-01
1.871863422261032806e-01
1.869736846920869722e-01
1.867614857326037048e-01
1.865497439391326506e-01
1.863384579088104287e-01
1.861276262444034602e-01
1.859172475542804071e-01
1.857073204523852772e-01
1.854978435582097240e-01
1.852888154967664847e-01
1.850802348985623180e-01
1.848721003995711931e-01
1.846644106412082265e-01
1.844571642703028425e-01
1.842503599390727387e-01
1.840439963050976846e-01
1.838380720312938754e-01
1.836325857858877864e-01
1.834275362423908040e-01
1.832229220795734415e-01
1.830187419814404692e-01
1.828149946372054080e-01
1.826116787412654097e-01
1.824087929931763608e-01
1.822063360976281521e-01
1.820043067644204204e-01
1.818027037084373188e-01
1.816015256496240071e-01
1.814007713129613397e-01
1.812004394284431052e-01
1.810005287310510191e-01
1.808010379607314089e-01
