4.653976288318546040e+00
7.459097914298592480e-01
6.055859995354738734e-01
5.825580985108483878e-01
5.612243620772242592e-01
5.436371478232590038e-01
5.273979598189612039e-01
5.124574361511661236e-01
4.985362576432060266e-01
4.854236860815681620e-01
4.740106186277493472e-01
4.634162326346274452e-01
4.533142290587096612e-01
4.439834892289046264e-01
4.351521149735253502e-01
4.270652368189802872e-01
4.195510226883305549e-01
4.126351457638433584e-01
4.062793863383396542e-01
4.002522103796619102e-01
3.944118351817043622e-01
3.888146233576122990e-01
3.835387053594414009e-01
3.784169851081190528e-01
3.734433633444539380e-01
3.686120526778572937e-01
3.639175428437218529e-01
3.593545744041015677e-01
3.549181185254907667e-01
3.506033611104216186e-01
3.464056900333662425e-01
3.423206845797349684e-01
3.383441064421017774e-01
3.344718918143538278e-01
3.307001442602119923e-01
3.271402851046271154e-01
3.236777034840433998e-01
3.203008935324845874e-01
3.170066102928260632e-01
3.137917551407741201e-01
3.106533689919338537e-01
3.076760774288357370e-01
3.048006399212809248e-01
3.019899544346624776e-01
2.992416902776910415e-01
2.965536229906964860e-01
2.939236288215620330e-01
2.913496795336572576e-01
2.888298375172994037e-01
2.863622511807136783e-01
2.839451505998948910e-01
2.815768434094290118e-01
2.792904011125750818e-01
2.771310428639975898e-01
2.750118083415375447e-01
2.729313715264498064e-01
2.708884667455626616e-01
2.689193290985708584e-01
2.670158659283033420e-01
2.652345167255563685e-01
2.635151624496860912e-01
2.618711243113066578e-01
2.602462426568039056e-01
2.586401499129076242e-01
2.570524896878041421e-01
2.554829163455231145e-01
2.539310945956982923e-01
2.523966990984908287e-01
2.508794140844093357e-01
2.493789329887254880e-01
2.478949581001385905e-01
2.464272002233267311e-01
2.449753783549915853e-01
2.435392193729942756e-01
2.421184577381668979e-01
2.407280743333151118e-01
2.393903250358524193e-01
2.380654562297937205e-01
2.367532815439933602e-01
2.354536195521753639e-01
2.341662935629545417e-01
2.329112091567628329e-01
2.316898360927482636e-01
2.304787729357899995e-01
2.292779046431714929e-01
2.280871188064095278e-01
2.269063055212044711e-01
2.257353572654107465e-01
2.245741687845363710e-01
2.234226369843012316e-01
2.222806608298195929e-01
2.211481412509906652e-01
2.200249810537122097e-01
2.189110848365469486e-01
2.178063589125070199e-01
2.167107112356254084e-01
2.156240513320177021e-01
2.145462902351477630e-01
2.134773404250321083e-01
2.124171157711305657e-01
2.113655314786907768e-01
2.103225040383260303e-01
2.092879511786191193e-01
2.082617918215599051e-01
2.072439460406343414e-01
2.062343350213961257e-01
2.052328810243614077e-01
2.042395073500763714e-01
2.032566847322513637e-01
2.022837550914530214e-01
2.013186042254585528e-01
2.003611607671030859e-01
1.994229772070829909e-01
1.985138012522999207e-01
1.976112610358415900e-01
1.967153118312963689e-01
1.958259089386942264e-01
1.949430076926761124e-01
1.940665634706321696e-01
1.931965317007894312e-01
1.923328678702246053e-01
1.914755275327869044e-01
1.906244663169107678e-01
1.897796399333079032e-01
1.889410041825207165e-01
1.881085149623303587e-01
1.872821282750073979e-01
1.864618002343966241e-01
1.856474870728288262e-01
1.848391451478539338e-01
1.840367309487905001e-01
1.832402011030865585e-01
1.824495123824890208e-01
1.816646217090207849e-01
1.808854861607605280e-01
1.801120629774271564e-01
1.793443095657678010e-01
1.785821835047479988e-01
1.778256425505467253e-01
1.770746446413554442e-01
1.763291479019840624e-01
1.756198055306145422e-01
1.749166296532092546e-01
1.742184848415949949e-01
1.735253322199919179e-01
1.728392400030570875e-01
1.721738885037006339e-01
1.715131565908399325e-01
1.708570093428534165e-01
1.702054120211781707e-01
1.695583300736722976e-01
1.689157291377623160e-01
1.682775750433871120e-01
1.676438338157424102e-01
1.670144716778373117e-01
1.663894550528681460e-01
1.657687505664164340e-01
1.651523250484807082e-01
1.645401455353452114e-01
1.639321792712944703e-01
1.633283937101785988e-01
1.627287565168364925e-01
1.621332355683811621e-01
1.615417989553546985e-01
1.609544149827561166e-01
1.603710521709488523e-01
1.597916792564523514e-01
1.592162651926220807e-01
1.586447791502244853e-01
1.580825683443881635e-01
1.575272817327254826e-01
1.569757253158201027e-01
1.564278693255244657e-01
1.558836842540394507e-01
1.553431408517141621e-01
1.548062101248649514e-01
1.542728633336150346e-01
1.537430719897540654e-01
1.532168078546148615e-01
1.527004223256931970e-01
1.521964891016454602e-01
1.516957755562299837e-01
1.511982573902743154e-01
1.507039104988304734e-01
1.502127109699770147e-01
1.497246350836186901e-01
1.492396593102857383e-01
1.487577603099310974e-01
1.482789149307255361e-01
1.478031002078514788e-01
1.473302933622936961e-01
1.468604717996287723e-01
1.463936131088123260e-01
1.459296950609638432e-01
1.454686956081501503e-01
1.450105928821667778e-01
1.445553651933170203e-01
1.441029910291910521e-01
1.436534490534412678e-01
1.432067181045587612e-01
1.427627771946472779e-01
1.423216055081962805e-01
1.418831824008547904e-01
1.414474873982030922e-01
1.410145001945253829e-01
1.405842006515820031e-01
1.401565687973824748e-01
1.397315848249578996e-01
1.393092290911355224e-01
1.388894821153133508e-01
1.384723245782364665e-01
1.380577373207746428e-01
1.376457013427014320e-01
1.372361978014760842e-01
1.368292080110263820e-01
1.364247134405348338e-01
1.360234902482670705e-01
1.356309339753256349e-01
1.352407084025938622e-01
1.348527968884002393e-01
1.344671829263667795e-01
1.340838501443950004e-01
1.337027823036558705e-01
1.333239632975759814e-01
1.329473771508274116e-01
1.325759127797765113e-01
1.322124234887114003e-01
1.318510236423637849e-01
1.314916985310878861e-01
1.311344335684554718e-01
1.307792142901835764e-01
1.304260263530657160e-01
1.300748555339115986e-01
1.297256877284894416e-01
1.293785089504776165e-01
1.290333053304191790e-01
1.286900631146856988e-01
1.283487686644442516e-01
1.280094084546345712e-01
1.276719690729490597e-01
1.273364372188220961e-01
1.270027997024247013e-01
1.266710434436670585e-01
1.263411554712065565e-01
1.260131229214644932e-01
1.256869330376485239e-01
1.253625731687819100e-01
1.250400307687417334e-01
1.247192933953023136e-01
1.244003487091871057e-01
1.240846845092049844e-01
1.237797050167557533e-01
1.234763331235154415e-01
1.231745586254009428e-01
1.228743713960207679e-01
1.225774411143014803e-01
1.222867175599217093e-01
1.219974712667321742e-01
1.217096930825078971e-01
1.214233739290513370e-01
1.211385048014061300e-01
1.208550767670807102e-01
1.205730809652814373e-01
1.202925086061576304e-01
1.200133509700537088e-01
1.197355994067732937e-01
1.194592453348520406e-01
1.191842802408394353e-01
1.189106956785908747e-01
1.186384832685672824e-01
1.183676346971455490e-01
1.180981417159364250e-01
1.178299961411117674e-01
1.175631898527401548e-01
1.172977147941307308e-01
1.170335629711863473e-01
1.167707264517632015e-01
1.165091973650403262e-01
1.162489679008958943e-01
1.159900303092914892e-01
1.157323768996648267e-01
1.154760000403294434e-01
1.152208921578816436e-01
1.149670457366156195e-01
1.147144533179454001e-01
1.144631074998337938e-01
1.142130009362291448e-01
1.139641263365079871e-01
1.137164764649251647e-01
1.134700441400717658e-01
1.132248222343371358e-01
1.129808036733802590e-01
1.127379814356057469e-01
1.124963485516467521e-01
1.122558981038553338e-01
1.120166232257962108e-01
1.117785171017507267e-01
1.115415729662223021e-01
1.113057841034517659e-01
1.110711438469362128e-01
1.108376455789542997e-01
1.106052827300977037e-01
1.103740487788075486e-01
1.101439372509162989e-01
1.099149417191966210e-01
1.096870558029129500e-01
1.094602731673812168e-01
1.092345875235320590e-01
1.090099926274795406e-01
1.087864822800952286e-01
1.085640503265877521e-01
1.083426906560859132e-01
1.081223972012280710e-01
1.079031639377558555e-01
1.076849848841126556e-01
1.074678541010469363e-01
1.072517656912192752e-01
1.070367137988162409e-01
1.068226926091660756e-01
1.066096963483602889e-01
1.063977192828799573e-01
1.061867557192254230e-01
1.059768000035508917e-01
1.057678465213023056e-01
1.055598896968614892e-01
1.053529239931917383e-01
1.051469439114890991e-01
1.049419439908378798e-01
1.047379188078686602e-01
1.045348629764211862e-01
1.043327711472118169e-01
1.041316380075023862e-01
1.039314582807758930e-01
1.037322267264131626e-01
1.035339381393746705e-01
1.033365873498858917e-01
1.031401692231249390e-01
1.029446786589159057e-01
1.027501105914234297e-01
1.025564599888517808e-01
1.023637218531472243e-01
1.021718912197039919e-01
1.019809631570725850e-01
1.017909327666721570e-01
1.016017951825056442e-01
1.014135455708787548e-01
1.012261791301204555e-01
1.010396910903087475e-01
1.008540767129972870e-01
1.006693312909471560e-01
1.004854501478589929e-01
1.003024286381110075e-01
1.001202621464971076e-01
9.993954726157731894e-02
9.976214938671541799e-02
9.958555992608265905e-02
9.940977463357712762e-02
9.923478929077853006e-02
9.906059970670784420e-02
9.888720171758952349e-02
9.871459118661668475e-02
9.854276400371876632e-02
9.837171608533190614e-02
9.820144337417194280e-02
9.803385581542872762e-02
9.786722591342407462e-02
9.770134007242027574e-02
9.753619445780539743e-02
9.737178525991461997e-02
9.720810869380620833e-02
9.704530239621440846e-02
9.688498923796697027e-02
9.672536298404367516e-02
9.656642039174816172e-02
9.640815823682200025e-02
9.625057331329722743e-02
9.609366243334674373e-02
9.593766766770497889e-02
9.578312502029309727e-02
9.562923763309781611e-02
9.547600246570479843e-02
9.532341649430715880e-02
9.517147671157998035e-02
9.502018012655807921e-02
9.486952376451308899e-02
9.471950466683408398e-02
9.457011989090717552e-02
9.442136650999792546e-02
9.427324161313598017e-02
9.412574230499809458e-02
9.397886570579516707e-02
9.383260895115948241e-02
9.368696919203227391e-02
9.354194359455506036e-02
9.339752933995884576e-02
9.325372362445757957e-02
9.311052365914003481e-02
9.296792666986559983e-02
9.282592989715901521e-02
9.268453059610652633e-02
9.254372603625460325e-02
9.240351350150828591e-02
9.226389029003069508e-02
9.212485371414437518e-02
9.198640110023334482e-02
9.184852978864511963e-02
9.171123713359570495e-02
9.157452050307410274e-02
9.143837727874791488e-02
9.130280485587048689e-02
9.116780064318898147e-02
9.103336206285232712e-02
9.089948655032178970e-02
9.076617155428041983e-02
9.063341453654605306e-02
9.050121297198181203e-02
9.036956434841075803e-02
9.023846616652879404e-02
9.010791593982066250e-02
8.997791119447470787e-02
8.984844946930010956e-02
8.971952831564386499e-02
8.959114529730867471e-02
8.946329799047225695e-02
8.933598398360766135e-02
8.920920087740218107e-02
8.908294628467988696e-02
8.895721783032280172e-02
8.883201315119462760e-02
8.870732989606301688e-02
8.858316572552413226e-02
8.845951831192774839e-02
8.833638922956787987e-02
8.821378075439115229e-02
8.809168204459434659e-02
8.797009081919845985e-02
8.784900480861043692e-02
8.772842175455178304e-02
8.760833940998836999e-02
8.748875553906045044e-02
8.736966791701365753e-02
8.725107433013021274e-02
8.713297257566095244e-02
8.701536046175842309e-02
8.689823580740928255e-02
8.678159644236924097e-02
8.666544020709629481e-02
8.654976495268640324e-02
8.643456854080913687e-02
8.631984884364325705e-02
8.620560374381351643e-02
8.609183113432841705e-02
8.597852891851696933e-02
8.586569500996786564e-02
8.575332733246759931e-02
8.564142381994015174e-02
8.552998241638674892e-02
8.541900107582611756e-02
8.530847776223515755e-02
8.519841044949054421e-02
8.508879712131037221e-02
8.497963577119649337e-02
8.487092440237709035e-02
8.476266102775027733e-02
8.465484366982745090e-02
8.454747036067739030e-02
8.444053914187088505e-02
8.433404806442637569e-02
8.422799518875463687e-02
8.412237858460520912e-02
8.401719633101215057e-02
8.391244651624189810e-02
8.380812723773931050e-02
8.370423660207580718e-02
8.360077272489781219e-02
8.349773373087437944e-02
8.339511775364666368e-02
8.329292293577662820e-02
8.319114742869750112e-02
8.308978939266281616e-02
8.298884699669745180e-02
8.288831841854843452e-02
8.278820184463556164e-02
8.268849547000395317e-02
8.258919749827466072e-02
8.249030614159806596e-02
8.239181962060566911e-02
8.229373616436382044e-02
8.219605401032634151e-02
8.209877140428885334e-02
8.200188660034228583e-02
8.190539786082780271e-02
8.180930345629083833e-02
8.171360166543661929e-02
8.161829077508550578e-02
8.152336908012844385e-02
8.142883488348304222e-02
8.133468649605037071e-02
8.124092223667070400e-02
8.114754043208151357e-02
8.105453941687391917e-02
8.096191753345051423e-02
8.086967313198378804e-02
8.077780457037346540e-02
8.068631021420551164e-02
8.059518843671054089e-02
8.050443761872362602e-02
8.041405614864247098e-02
8.032404242238833092e-02
8.023439484336483685e-02
8.014511182241872145e-02
8.005619177780050333e-02
7.996763313512458837e-02
7.987943432733078664e-02
7.979159379464581536e-02
7.970410998454358076e-02
7.961698135170887369e-02
7.953020635799804006e-02
7.944378347240131644e-02
7.935771117100653971e-02
7.927198793696067780e-02
7.918661226043384460e-02
7.910158263858210748e-02
7.901689757551118298e-02
7.893255558224032686e-02
7.884855517666669589e-02
7.876489488352855783e-02
7.868157323437134643e-02
7.859858876751116274e-02
7.851594002800041383e-02
7.843362556759296556e-02
7.835164394470919835e-02
7.826999372440240910e-02
7.818867347832393622e-02
7.810768178468995016e-02
7.802701722824703645e-02
7.794667840023963845e-02
7.786666389837598734e-02
7.778697232679579465e-02
7.770760229603698721e-02
7.762855242300319147e-02
7.754982133093139829e-02
7.747140764935979418e-02
7.739331001409578692e-02
7.731552706718378132e-02
7.723805745687452318e-02
7.716089983759318038e-02
7.708405286990753502e-02
7.700751522049834041e-02
7.693128556212727731e-02
7.685536257360696399e-02
7.677974493977048065e-02
7.670443135144104640e-02
7.662942050540189065e-02
7.655471110436659621e-02
7.648030185694913718e-02
7.640619147763474950e-02
7.633237868675020465e-02
7.625886221043486068e-02
7.618564078061183797e-02
7.611271313495887592e-02
7.604007801688003609e-02
7.596773417547708629e-02
7.589568036552124530e-02
7.582391534742508044e-02
7.575243788721477967e-02
7.568124675650159117e-02
7.561034073245558040e-02
7.553971859777690312e-02
7.546937914066896569e-02
7.539932115481162711e-02
7.532954343933387364e-02
7.526004479878717346e-02
7.519082404311858148e-02
7.512187998764453811e-02
7.505321145302440433e-02
7.498481726523439916e-02
7.491669625554127354e-02
7.484884726047688619e-02
7.478126912181178032e-02
7.471396068653050893e-02
7.464692080680568331e-02
7.458014833997222981e-02
7.451364214850350609e-02
7.444740109998483624e-02
7.438142406708972421e-02
7.431570992755476279e-02
7.425025756415508382e-02
7.418506586467983610e-02
7.412013372190787153e-02
7.405546003358408347e-02
7.399104370239444062e-02
7.392688363594313028e-02
7.386297874672789754e-02
7.379932795211743835e-02
7.373593017432680807e-02
7.367278434039474522e-02
7.360988938216028732e-02
7.354724423623971996e-02
7.348484784400365066e-02
