6.644684442429378279e-01
5.922452515845695320e-01
5.678620169326116240e-01
5.567116791768248474e-01
5.495349721110184271e-01
5.441516654500154759e-01
5.393152372442766573e-01
5.346917106830669786e-01
5.301806912769685409e-01
5.257430705975096874e-01
5.213637034479567944e-01
5.170367726984176349e-01
5.127600558359520777e-01
5.085326835532534284e-01
5.043542676652352785e-01
5.002245654852566226e-01
4.961433539338082621e-01
4.921103852582521254e-01
4.881253741675983249e-01
4.841879967560540621e-01
4.802978935767875379e-01
4.765559893636961974e-01
4.729204157648435047e-01
4.693298571887813964e-01
4.657835937478541077e-01
4.622809272506092637e-01
4.588211795715918528e-01
4.554036912020599237e-01
4.520278199581027612e-01
4.487533580860277871e-01
4.456658103278027805e-01
4.426833387436600042e-01
4.397622050922490589e-01
4.368947095883047860e-01
4.341891286928400429e-01
4.315115279220448907e-01
4.288616331669963255e-01
4.262391655310385774e-01
4.236438423605985992e-01
4.211450430821503388e-01
4.186867625381593960e-01
4.162534786275804422e-01
4.138449171808598059e-01
4.115902090766925814e-01
4.093750487747274680e-01
4.071812627813876651e-01
4.050085867044309618e-01
4.028567610540609301e-01
4.007255309978570712e-01
3.986146461400403851e-01
3.965238603223029679e-01
3.944529314437592582e-01
3.924016212978481133e-01
3.903696954242774075e-01
3.883569229743132900e-01
3.863630765879188522e-01
3.843879322814147126e-01
3.824312693444948952e-01
3.804928702455528944e-01
3.785725205444059882e-01
3.766700088116062273e-01
3.747851265536146781e-01
3.729176681432074258e-01
3.710674307545473449e-01
3.692342143024255896e-01
3.674178213852282160e-01
3.656180572312405230e-01
3.638347296479399473e-01
3.620676489739721449e-01
3.603166280335383664e-01
3.585814820929528191e-01
3.568620288191559631e-01
3.551580882399962280e-01
3.534694827061098388e-01
3.517960368542517591e-01
3.501375775719423600e-01
3.485031261806631475e-01
3.469134712378311169e-01
3.453376181434515413e-01
3.437754124946979517e-01
3.422267018662749627e-01
3.406913357790868901e-01
3.391691656700796531e-01
3.376600448631451035e-01
3.361638285409880855e-01
3.346803737178701277e-01
3.332095392131547151e-01
3.317511856255827007e-01
3.303338866741015178e-01
3.289324408082794360e-01
3.275426706156517320e-01
3.261644481700228249e-01
3.247976471626955464e-01
3.234421428805622778e-01
3.220978121845717301e-01
3.207645334885539379e-01
3.194421867383833158e-01
3.181306533914712298e-01
3.168298163965699854e-01
3.155395601738814615e-01
3.142642878073160784e-01
3.130739150588930375e-01
3.118925715083089578e-01
3.107201631678163656e-01
3.095565972415973421e-01
3.084017821087611799e-01
3.072556273066213151e-01
3.061180435142420442e-01
3.049889425362482531e-01
3.038682372868927728e-01
3.027558417743730357e-01
3.016516710853940908e-01
3.005556413699697060e-01
2.994676698264592263e-01
2.983876746868334151e-01
2.973155752021646725e-01
2.962512916283390196e-01
2.951947452119835225e-01
2.941458581766072111e-01
2.931045537089492226e-01
2.920707559455326119e-01
2.910443899594201134e-01
2.900253817471657447e-01
2.890136582159626433e-01
2.880091471709820272e-01
2.870117773028990626e-01
2.860214781756049707e-01
2.850381802141002674e-01
2.840618146925688592e-01
2.830923137226247777e-01
2.821296102417376606e-01
2.811998836475795849e-01
2.803048710985824310e-01
2.794157364148651124e-01
2.785324251062383794e-01
2.776548833335080180e-01
2.767830578991027357e-01
2.759168962378604206e-01
2.750827381499759694e-01
2.742598996887829488e-01
2.734423464732761433e-01
2.726414287667799918e-01
2.718490599583510692e-01
2.710617289188460011e-01
2.702793878460257315e-01
2.695019895430431078e-01
2.687294874090577212e-01
2.679618354300193350e-01
2.672051294313846359e-01
2.664742761049495035e-01
2.657478610325595403e-01
2.650258426311571380e-01
2.643081798360235601e-01
2.635948320932305355e-01
2.628857593522113123e-01
2.621809220584460642e-01
2.614802811462632604e-01
2.607837980317529447e-01
2.600914346057913717e-01
2.594031532271746654e-01
2.587189167158593928e-01
2.580386883463099412e-01
2.573624318409479805e-01
2.566901113637069520e-01
2.560216915136844240e-01
2.553571373188953664e-01
2.546964142301220702e-01
2.540394881148611006e-01
2.533863252513620656e-01
2.527368923227629738e-01
2.520911564113137993e-01
2.514490849926906968e-01
2.508106459304000890e-01
2.501758074702680745e-01
2.495445382350161556e-01
2.489168072189213432e-01
2.482925837825584181e-01
2.476718376476245986e-01
2.470545388918438667e-01
2.464406579439507583e-01
2.458301655787502871e-01
2.452230329122567498e-01
2.446192313969051679e-01
2.440187328168383629e-01
2.434215092832658078e-01
2.428275332298948375e-01
2.422367774084311642e-01
2.416707928025177698e-01
2.411393931744974239e-01
2.406106016081484278e-01
2.400843976526446932e-01
2.395607610850208624e-01
2.390396719070215781e-01
2.385211103420000478e-01
2.380050568318642923e-01
2.374914920340721880e-01
2.369803968186721677e-01
2.364717522653886073e-01
2.359655396607546751e-01
2.354617404952872861e-01
2.349603364607069922e-01
2.344613094472009496e-01
2.339841246980042533e-01
2.335286786784737389e-01
2.330841258410653316e-01
2.326414488378326373e-01
2.322006343532769801e-01
2.317616692140205270e-01
2.313245403868636196e-01
2.308892349768729146e-01
2.304557402254999998e-01
2.300240435087280155e-01
2.295941323352484464e-01
2.291659943446651415e-01
2.287424213709708110e-01
2.283320603261256854e-01
2.279232564782479875e-01
2.275160002691870298e-01
2.271102822314196024e-01
2.267060929868944807e-01
2.263034232458952799e-01
2.259022638059185462e-01
2.255026055505695015e-01
2.251044394484739697e-01
2.247077565522062892e-01
2.243125479972320480e-01
2.239188050008683595e-01
2.235265188612574339e-01
2.231356809563562749e-01
2.227462827429411985e-01
2.223583157556258960e-01
2.219717716058955126e-01
2.215866419811535482e-01
2.212029186437824979e-01
2.208205934302195361e-01
2.204396582500442459e-01
2.200601050850801987e-01
2.196819259885099962e-01
2.193051130840020235e-01
2.189296585648506932e-01
2.185555546931292614e-01
2.181827937988537469e-01
2.178113682791606998e-01
2.174412705974948234e-01
2.170724932828097253e-01
2.167050289287795195e-01
2.163388701930220315e-01
2.159740097963328553e-01
2.156124051341913039e-01
2.152645865891858745e-01
2.149178738021061685e-01
2.145722618226333089e-01
2.142277457327686763e-01
2.138843206465009250e-01
2.135419817094786343e-01
2.132007240986867891e-01
2.128605430221282846e-01
2.125214337185106495e-01
2.121833914569371260e-01
2.118464115366009426e-01
2.115104892864858865e-01
2.111756200650702076e-01
2.108417992600346569e-01
2.105090222879751061e-01
2.101772845941190238e-01
2.098465816520460325e-01
2.095169089634128512e-01
2.091882620576810958e-01
2.088606364918496605e-01
2.085340278501915667e-01
2.082084317439924226e-01
2.078838438112950715e-01
2.075602597166454621e-01
2.072376751508436810e-01
2.069160858306978712e-01
2.065954874987812051e-01
2.062758759231929639e-01
2.059572468973221437e-01
2.056395962396146970e-01
2.053229197933438832e-01
2.050072134263835610e-01
2.046924730309853391e-01
2.043786945235570307e-01
2.040658738444461329e-01
2.037540069577248036e-01
2.034430898509780317e-01
2.031331185350949697e-01
2.028240890440630440e-01
2.025159974347639225e-01
2.022088397867731202e-01
2.019026122021623793e-01
2.015973108053034646e-01
2.012929317426753739e-01
2.009894711826744895e-01
2.006869253154261457e-01
2.003852903525989437e-01
2.000845625272223982e-01
1.997847380935049710e-01
1.994858133266569078e-01
1.991877845227131572e-01
1.988906479983598430e-01
1.985944000907620410e-01
1.982990371573952748e-01
1.980045555758765952e-01
1.977109517437998787e-01
1.974182220785736519e-01
1.971263630172575831e-01
1.968353710164051640e-01
1.965452425519054191e-01
1.962559814556336935e-01
1.959675884144037039e-01
1.956800482766797855e-01
1.953933575958688718e-01
1.951075129439351075e-01
1.948225109112525222e-01
1.945383481064625608e-01
1.942550211563304208e-01
1.939725267056057467e-01
1.936908614168820209e-01
1.934100219704604773e-01
1.931300050642140165e-01
1.928508074134530348e-01
1.925724257507926696e-01
1.922948568260221536e-01
1.920180974059751411e-01
1.917421442744018656e-01
1.914669942318421303e-01
1.911926440955011575e-01
1.909190906991249659e-01
1.906463308928785516e-01
1.903743615432257064e-01
1.901031795328083085e-01
1.898327817603288614e-01
1.895631651404339202e-01
1.892943266035983507e-01
1.890262630960105883e-01
1.887589715794605327e-01
1.884924490312274714e-01
1.882266924439693900e-01
1.879616988256141707e-01
1.876974651992511511e-01
1.874339886030240987e-01
1.871712660900260172e-01
1.869092947281940365e-01
1.866480716002059392e-01
1.863875938033781321e-01
1.861278584495640043e-01
1.858688626650538134e-01
1.856106035904752372e-01
1.853530783806960347e-01
1.850962842047261248e-01
1.848402182456216902e-01
1.845848777003903651e-01
1.843302597798968656e-01
1.840763617087698145e-01
1.838231807253097594e-01
1.835707140813974958e-01
1.833189590424043891e-01
1.830679128871025296e-01
1.828175729075759703e-01
1.825679364091337964e-01
1.823190007102226395e-01
1.820707631423414963e-01
1.818232210499556856e-01
1.815763717904138319e-01
1.813302127338638770e-01
1.810847412631700626e-01
1.808399547738323287e-01
1.805958506739041292e-01
1.803524263839127451e-01
1.801096793367804316e-01
1.798676069777445374e-01
1.796262067642808991e-01
1.793854761660255981e-01
1.791454126646989387e-01
1.789060137540301743e-01
1.786672769396813742e-01
1.784291997391743989e-01
1.781917796818162369e-01
1.779550143086265079e-01
1.777189011722652978e-01
1.774834378369611332e-01
1.772486218784405099e-01
1.770144508838567554e-01
1.767809224517216671e-01
1.765480341918349849e-01
1.763157837252171956e-01
1.760841686840406151e-01
1.758531867115628589e-01
1.756228354620603671e-01
1.753931126007614583e-01
1.751640158037818806e-01
1.749355427580592259e-01
1.747076911612887862e-01
1.744804587218601044e-01
1.742538431587929149e-01
1.740278422016755533e-01
1.738024535906020351e-01
1.735776750761107434e-01
1.733535044191229502e-01
1.731299393908828643e-01
1.729069777728970969e-01
1.726846173568752085e-01
1.724628559446704790e-01
1.722416913482218981e-01
1.720211213894952407e-01
1.718011439004260843e-01
1.715817567228622720e-01
1.713629577085077071e-01
1.711447447188652327e-01
1.709271156251818691e-01
1.707100683083931369e-01
1.704943731608542512e-01
1.702803982216193057e-01
1.700703661144089829e-01
1.698685652402925905e-01
1.696672310726102528e-01
1.694663623656417761e-01
1.692659578763695827e-01
1.690660163644833458e-01
1.688665365923875117e-01
1.686701015337054854e-01
1.684842515938952678e-01
1.682987835898978601e-01
1.681136967045790409e-01
1.679289901214854053e-01
1.677446630248573545e-01
1.675607145996417524e-01
1.673771440315044989e-01
1.671939505068438248e-01
1.670111332128018100e-01
1.668286913372776237e-01
1.666466240689387646e-01
1.664649305972340787e-01
1.662836101124050003e-01
1.661026618054974036e-01
1.659220848683731764e-01
1.657418784937221279e-01
1.655620418750725631e-01
1.653825742068031346e-01
1.652034746841535007e-01
1.650247425032356219e-01
1.648463768610441693e-01
1.646683769554672661e-01
1.644907419852972286e-01
1.643134711502407808e-01
1.641365636509289905e-01
1.639600186889282329e-01
1.637838354667491003e-01
1.636080131878572819e-01
1.634325510566823625e-01
1.632574482786283976e-01
1.630827040600824895e-01
1.629083176084244744e-01
1.627342881320365531e-01
1.625606148403113682e-01
1.623872969436623848e-01
1.622143336535312730e-01
1.620417241823975951e-01
1.618694677437871321e-01
1.616975635522804045e-01
1.615260108235206105e-01
1.613548087742227299e-01
1.611839566221808240e-01
1.610134535862761951e-01
1.608432988864858526e-01
1.606734917438894239e-01
1.605040313806775365e-01
1.603349170201588125e-01
1.601661478867677790e-01
1.599977232060715293e-01
1.598296422047775778e-01
1.596619041107407155e-01
1.594945081529697550e-01
1.593274535616348020e-01
1.591607395680733894e-01
1.589943654047982491e-01
1.588283303055022799e-01
1.586626335050665693e-01
1.584972742395655831e-01
1.583322517462737999e-01
1.581675652636718998e-01
1.580032140314530653e-01
1.578391972905279217e-01
1.576755142830314205e-01
1.575121642523278631e-01
1.573491464430169517e-01
1.571864601009391738e-01
1.570241044731809366e-01
1.568620788080802020e-01
1.567003823552317598e-01
1.565390143654919464e-01
1.563779740909843896e-01
1.562172607851039507e-01
1.560568737025226360e-01
1.558968120991937045e-01
1.557370752323564422e-01
1.555776623605407416e-01
1.554185727435716813e-01
1.552598056425739670e-01
1.551013603199759283e-01
1.549432360395139319e-01
1.547854320662369887e-01
1.546279476665097241e-01
1.544707821080173182e-01
1.543139346597689754e-01
1.541574045921017544e-01
1.540011911766840658e-01
1.538452936865200293e-01
1.536897113959519445e-01
1.535344435806647589e-01
1.533794895176888162e-01
1.532248484854034642e-01
1.530705197635401360e-01
1.529165026331857913e-01
1.527627963767853037e-01
1.526094002781454018e-01
1.524563136224368620e-01
1.523035356961979503e-01
1.521510657873362538e-01
1.519989031851325667e-01
1.518470471802426114e-01
1.516954970647003409e-01
1.515442521319195768e-01
1.513933116766970621e-01
1.512426749952148486e-01
1.510923413850420727e-01
1.509423101451375371e-01
1.507925805758517923e-01
1.506431519789293294e-01
1.504940236575101620e-01
1.503451949161322965e-01
1.501966650607335363e-01
1.500484333986527030e-01
1.499004992386323010e-01
1.497528618908195996e-01
1.496055206667684101e-01
1.494584748794406115e-01
1.493117238432076499e-01
1.491652668738522036e-01
1.490191032885695432e-01
1.488732324059683920e-01
1.487276535460725913e-01
1.485823660303227101e-01
1.484373691815761842e-01
1.482926623241093422e-01
1.481482447836180716e-01
1.480041158872187623e-01
1.478602749634490010e-01
1.477167213422694303e-01
1.475734543550633604e-01
1.474304733346386009e-01
1.472877776152269891e-01
1.471453665324863602e-01
1.470032394235004647e-01
1.468613956267791620e-01
1.467198344822602252e-01
1.465785553313082024e-01
1.464375575167160826e-01
1.462968403827052399e-01
1.461564032749254616e-01
1.460162455404557802e-01
1.458763665278044741e-01
1.457367655869088452e-01
1.455974420691360238e-01
1.454583953272828856e-01
1.453196247155756349e-01
1.451814443087623419e-01
1.450442994889566684e-01
1.449074346685068626e-01
1.447708491073861070e-01
1.446345420679504001e-01
1.444985128149306186e-01
1.443627606154231913e-01
1.442272847388828827e-01
1.440920844571136061e-01
1.439571590442606519e-01
1.438225077768025273e-01
1.436881299335424633e-01
1.435540247956002269e-01
1.434201916464045434e-01
1.432866297716841042e-01
1.431533384594602942e-01
1.430203170000385604e-01
1.428875646860008064e-01
1.427550808121970938e-01
1.426228646757378149e-01
1.424909155759859214e-01
1.423592328145486252e-01
1.422278156952696826e-01
1.420966635242219556e-01
1.419657756096986967e-01
1.418351512622064159e-01
1.417047897944572754e-01
1.415746905213606799e-01
1.414448527600160044e-01
1.413152758297049061e-01
1.411859590518829977e-01
1.410569017501736577e-01
1.409281032503586495e-01
