3.665234835198136754e+00
2.072802554439385325e+00
1.229762359320915266e+00
8.838454480932539381e-01
7.735608013388866055e-01
7.236925736085521033e-01
7.007914229943652540e-01
6.869920305329898502e-01
6.745142009472667732e-01
6.621529301857118632e-01
6.502053317194254056e-01
6.390588561908141507e-01
6.285723508116449754e-01
6.192000396544845575e-01
6.101673460301419993e-01
6.014514034708581258e-01
5.930325881699101132e-01
5.849954370833261308e-01
5.772123626171918875e-01
5.696674391812206473e-01
5.625189011499507341e-01
5.556748531898749732e-01
5.490137103293351029e-01
5.425266670404228497e-01
5.362056662046874589e-01
5.303568755241591104e-01
5.246681450003738423e-01
5.191161522314265975e-01
5.137095533576121476e-01
5.084893904287671740e-01
5.033881394841039914e-01
4.984525634012795248e-01
4.936597039018364996e-01
4.889659645239685659e-01
4.843676859701331883e-01
4.798614241522711210e-01
4.754439307287631200e-01
4.711121360524799795e-01
4.668631341693587622e-01
4.626941695676728417e-01
4.586026254277481562e-01
4.545860131625401035e-01
4.506965678571723255e-01
4.469444898559490342e-01
4.432577342489799066e-01
4.396342970071581702e-01
4.360722648373018262e-01
4.325803543049694944e-01
4.292951979917784544e-01
4.260629916321477251e-01
4.228822145905364316e-01
4.197514092143374009e-01
4.166691772169580088e-01
4.136341763516999115e-01
4.106451173462887239e-01
4.077100512170194202e-01
4.049567798916324790e-01
4.022553115305529392e-01
3.995875714221684971e-01
3.969528298108994657e-01
3.943503792031989308e-01
3.917795335516679467e-01
3.892396274754246766e-01
3.867300155144173246e-01
3.842500714156140140e-01
3.817991874491875604e-01
3.793767737529999406e-01
3.769822577038340339e-01
3.746150833139533232e-01
3.722747106516931526e-01
3.699606152848786134e-01
3.676722877459657757e-01
3.654092330178730919e-01
3.631709700395512330e-01
3.609570312303923001e-01
3.587669620326471853e-01
3.566188778390529390e-01
3.545177727099673159e-01
3.524700717982412468e-01
3.504421795497237313e-01
3.484337774234428364e-01
3.464445548339279979e-01
3.444742088983952510e-01
3.425261843823457220e-01
3.406303865413741194e-01
3.387518644950391344e-01
3.368903606995647948e-01
3.350456236836040214e-01
3.332174078595872557e-01
3.314054733416152976e-01
3.296095857696716980e-01
3.278295161399271684e-01
3.260650406409270619e-01
3.243159404954470415e-01
3.225820018078217055e-01
3.208630154165482140e-01
3.191587767519781793e-01
3.174690856989160759e-01
3.157937464639485325e-01
3.141325674473357532e-01
3.124853611193011416e-01
3.108519439005603680e-01
3.092321360469397207e-01
3.076257615379346944e-01
3.060326479690680390e-01
3.044526264479102129e-01
3.028855314936301224e-01
3.013312009399500280e-01
2.997894758413793825e-01
2.982602003826134718e-01
2.967432217909776737e-01
2.952383902518131986e-01
2.937559076452860296e-01
2.922987701071337319e-01
2.908696478611340619e-01
2.894782567721287947e-01
2.880976669408650825e-01
2.867277460544987444e-01
2.853683644622292404e-01
2.840193950986347193e-01
2.826807134096195329e-01
2.813521972808816773e-01
2.800480067585117139e-01
2.787678923160822886e-01
2.774970796912850091e-01
2.762354669774137461e-01
2.749829540815357243e-01
2.737394426756741828e-01
2.725048361496304472e-01
2.712790395653827402e-01
2.700619596130066635e-01
2.688535045680615077e-01
2.676779019004935645e-01
2.665412361511014239e-01
2.654181221963365922e-01
2.643022450726495443e-01
2.631935435416590252e-01
2.620919570542856736e-01
2.609974257388322227e-01
2.599098903893978796e-01
2.588292924546171103e-01
2.577555740267087891e-01
2.566886778308263839e-01
2.556285472146974658e-01
2.545771404970592622e-01
2.535440240389375544e-01
2.525173972656235000e-01
2.514972082556264366e-01
2.504834055656193215e-01
2.494759382254579383e-01
2.484829114674343697e-01
2.475188488021635158e-01
2.465837296266748802e-01
2.456540640489046079e-01
2.447298155174708612e-01
2.438109476527356434e-01
2.429101582509215762e-01
2.420395249823469319e-01
2.411899528837693207e-01
2.403494717038288653e-01
2.395134914106884783e-01
2.386819852261332919e-01
2.378549264482183734e-01
2.370322884546781361e-01
2.362140447061938930e-01
2.354001687495193285e-01
2.345906342204712725e-01
2.337854148467879423e-01
2.329844844508600354e-01
2.321878169523372282e-01
2.314092916539295386e-01
2.306588518875143656e-01
2.299123270362025961e-01
2.291696937611286122e-01
2.284309288023330109e-01
2.277044525513368389e-01
2.269958090694381148e-01
2.262906810489815901e-01
2.255890490822156091e-01
2.248908937985062972e-01
2.241961958674297539e-01
2.235108038404268749e-01
2.228408985052170721e-01
2.221740805683429798e-01
2.215103358204399964e-01
2.208496500328091805e-01
2.201920089607163067e-01
2.195373983465795653e-01
2.188858039230519026e-01
2.182372114159991938e-01
2.175916065473773586e-01
2.169489750380106385e-01
2.163093026102761440e-01
2.156725749906931999e-01
2.150387779124245113e-01
2.144078971176884840e-01
2.137799183600860298e-01
2.131548274068453819e-01
2.125341051562396610e-01
2.119179786862506742e-01
2.113046525538629927e-01
2.106941131105713461e-01
2.100863467287601150e-01
2.094970360521385966e-01
2.089238748183600558e-01
2.083531390429796126e-01
2.077910970081782438e-01
2.072427355633784940e-01
2.066965546010317567e-01
2.061525456853105787e-01
2.056107003699715052e-01
2.050710101997082757e-01
2.045334667114706573e-01
2.039980614357470023e-01
2.034647858978146095e-01
2.029336316189556955e-01
2.024045901176411977e-01
2.018776529106822704e-01
2.013528115143493891e-01
2.008300574454625065e-01
2.003093822224491227e-01
1.997907773663732123e-01
1.992742344019349798e-01
1.987597448584426107e-01
1.982473002707553777e-01
1.977368921801991863e-01
1.972285121354563076e-01
1.967221516934286873e-01
1.962178024200742221e-01
1.957154558912196085e-01
1.952151036933482409e-01
1.947167374243636284e-01
1.942203486943288593e-01
1.937259291261854421e-01
1.932334703564464184e-01
1.927429640358701568e-01
1.922544018301119428e-01
1.917677754203540030e-01
1.912830765039161274e-01
1.908002967948453088e-01
1.903194280244873970e-01
1.898404619420375194e-01
1.893633903150744591e-01
1.888882049300747712e-01
1.884148975929106351e-01
1.879434601293302753e-01
1.874738843854200920e-01
1.870061622280530522e-01
1.865402855453183739e-01
1.860762462469374434e-01
1.856140362646642172e-01
1.851536475526694980e-01
1.846950720879124430e-01
1.842383018704972786e-01
1.837833289240162205e-01
1.833301452958789879e-01
1.828787430576292450e-01
1.824358507948233010e-01
1.819970629834485598e-01
1.815599866978986343e-01
1.811246140470623434e-01
1.806909371703025458e-01
1.802589482375972496e-01
1.798286394496741158e-01
1.794000030381356359e-01
1.789730312655758993e-01
1.785477164256908666e-01
1.781240508433805103e-01
1.777020268748424892e-01
1.772816369076604393e-01
1.768628733608834935e-01
1.764457286851005280e-01
1.760301953625066640e-01
1.756162659069638865e-01
1.752039328640551674e-01
1.747931888111324827e-01
1.743840263573588345e-01
1.739764381437451379e-01
1.735704168431801697e-01
1.731659551604568803e-01
1.727630458322915730e-01
1.723616816273395580e-01
1.719618553462043398e-01
1.715635598214430291e-01
1.711667879175672591e-01
1.707715325310381338e-01
1.703777865902579569e-01
1.699855430555576863e-01
1.695947949191793647e-01
1.692055352052553308e-01
1.688177569697829894e-01
1.684314533005961678e-01
1.680466173173324751e-01
1.676632421713974419e-01
1.672813210459248856e-01
1.669008471557337503e-01
1.665218137472825877e-01
1.661442140986200411e-01
1.657680415193322765e-01
1.653932893504883317e-01
1.650199509645816076e-01
1.646480197654692779e-01
1.642774891883088395e-01
1.639083526994919160e-01
1.635406037965759507e-01
1.631742360082134857e-01
1.628092428940783876e-01
1.624456180447909626e-01
1.620833550818399638e-01
1.617224476575031267e-01
1.613628894547656234e-01
1.610046741872361575e-01
1.606477955990616990e-01
1.602922474648399986e-01
1.599380235895310198e-01
1.595851178083660116e-01
1.592335239867553043e-01
1.588832360201942739e-01
1.585342478341691397e-01
1.581865533840586813e-01
1.578401466550378440e-01
1.574950216619771526e-01
1.571511724493431794e-01
1.568085930910961545e-01
1.564672776905870477e-01
1.561272203804542347e-01
1.557884153225175261e-01
1.554508567076732517e-01
1.551145387557860689e-01
1.547794557155821871e-01
1.544456018645396778e-01
1.541129715087799501e-01
1.537815589829565621e-01
1.534513586501442817e-01
1.531223649017277311e-01
1.527945721572886717e-01
1.524679748644928445e-01
1.521425674989766441e-01
1.518253965656687354e-01
1.515143202807538447e-01
1.512043324049271442e-01
1.508954279200949433e-01
1.505876018360047253e-01
1.502808491900771981e-01
1.499751650472389286e-01
1.496705444997547263e-01
1.493669826670623590e-01
1.490644746956074074e-01
1.487630157586783131e-01
1.484626010562435094e-01
1.481632258147878300e-01
1.478648852871514985e-01
1.475675747523684800e-01
1.472712895155062207e-01
1.469760249075063308e-01
1.466817762850258500e-01
1.463885390302796241e-01
1.460963085508832082e-01
1.458050802796968526e-01
1.455148496746705156e-01
1.452256122186888487e-01
1.449373634194181526e-01
1.446500988091535544e-01
1.443653610252824127e-01
1.440831020811847163e-01
1.438017967457233259e-01
1.435214407057731623e-01
1.432420296723322939e-01
1.429635593803641747e-01
1.426860255886396867e-01
1.424094240795801825e-01
1.421337506591024702e-01
1.418590011564644648e-01
1.415851714241121440e-01
1.413122573375268642e-01
1.410402547950752039e-01
1.407691597178588605e-01
1.404989680495650761e-01
1.402296757563201990e-01
1.399612788265421626e-01
1.396937732707949353e-01
1.394271551216447469e-01
1.391614204335156202e-01
1.388965652825475405e-01
1.386325857664549022e-01
1.383694780043863148e-01
1.381072381367847435e-01
1.378458623252498405e-01
1.375853467524000284e-01
1.373256876217365530e-01
1.370668811575080637e-01
1.368089236045757773e-01
1.365518112282810281e-01
1.362955403143117916e-01
1.360401071685721774e-01
1.357855081170511458e-01
1.355317395056936658e-01
1.352787977002714581e-01
1.350266790862555411e-01
1.347753800686898873e-01
1.345248970720649140e-01
1.342752265401930545e-01
1.340263649360847187e-01
1.337783087418247530e-01
1.335310544584509262e-01
1.332845986058320831e-01
1.330389377225476844e-01
1.327940683657685972e-01
1.325499871111383288e-01
1.323066905526546766e-01
1.320641753025534881e-01
1.318224379911919486e-01
1.315814752669337839e-01
1.313412837960341029e-01
1.311018602625265705e-01
1.308642742976976747e-01
1.306359924322423038e-01
1.304083925212038697e-01
1.301814718224322265e-01
1.299552276079143920e-01
1.297296571636810947e-01
1.295047577897145141e-01
1.292805267998554664e-01
1.290569615217127264e-01
1.288340592965732667e-01
1.286118174793117463e-01
1.283902334383021093e-01
1.281693045553293497e-01
1.279490282255025535e-01
1.277294018571678014e-01
1.275104228718224875e-01
1.272920887040301374e-01
1.270743968013360037e-01
1.268573446241832436e-01
1.266409296458297362e-01
1.264251493522660641e-01
1.262100012421332740e-01
1.259954828266424409e-01
1.257815916294936220e-01
1.255683251867968642e-01
1.253556810469928784e-01
1.251436567707741865e-01
1.249322499310079881e-01
1.247214581126587646e-01
1.245112789127117425e-01
1.243017099400970521e-01
1.240927488156143982e-01
1.238843931718583702e-01
1.236766406531442514e-01
1.234694889154350633e-01
1.232629356262679166e-01
1.230569784646823317e-01
1.228516151211480889e-01
1.226468432974943401e-01
1.224426607068385686e-01
1.222390650735172835e-01
1.220360541330158255e-01
1.218336256318996724e-01
1.216317773277463543e-01
1.214305069890768557e-01
1.212300178199538087e-01
1.210341077654831926e-01
1.208387423336074740e-01
1.206439195150253996e-01
1.204496373095888528e-01
1.202558937262524497e-01
1.200626867830240641e-01
1.198700145069143547e-01
1.196778749338883036e-01
1.194862661088161998e-01
1.192951860854248591e-01
1.191046329262495790e-01
1.189146047025855107e-01
1.187251295938164808e-01
1.185361796960789499e-01
1.183477490217002548e-01
1.181598356772393110e-01
1.179724377777647271e-01
1.177855534468088272e-01
1.175991808163215080e-01
1.174133180266259818e-01
1.172279632263727722e-01
1.170431145724957211e-01
1.168587702301674136e-01
1.166749283727550740e-01
1.164915871817765181e-01
1.163087448468569512e-01
1.161263995656854342e-01
1.159445495439722917e-01
1.157631929954055366e-01
1.155823281416096249e-01
1.154057139425108264e-01
1.152316411290000148e-01
1.150580249889515405e-01
1.148848639457082654e-01
1.147121564292541834e-01
1.145399008761806836e-01
1.143680957296536738e-01
1.141967394393798851e-01
1.140258304615749951e-01
1.138553672589298210e-01
1.136853483005788173e-01
1.135157720620668803e-01
1.133466370253182615e-01
1.131779416786036219e-01
1.130096845165092373e-01
1.128418640399048434e-01
1.126744787559129241e-01
1.125075271778768482e-01
1.123410078253303940e-01
1.121749192239671900e-01
1.120092599056095317e-01
1.118440284081786279e-01
1.116792232756638192e-01
1.115148430580929773e-01
1.113508863115024172e-01
1.111888616329356899e-01
1.110277007254010795e-01
1.108669421899837887e-01
1.107065847290641114e-01
1.105466270500145842e-01
1.103870678651776432e-01
1.102279058918435722e-01
1.100691398522283954e-01
1.099107684734516449e-01
1.097527904875148369e-01
1.095952046312794886e-01
1.094380096464457885e-01
1.092812042795305999e-01
1.091247872818463804e-01
1.089687574094798800e-01
1.088131134232707686e-01
1.086578540887905564e-01
1.085029781763215545e-01
1.083484844608364195e-01
1.081943717219766704e-01
1.080406387440325661e-01
1.078872843159221773e-01
1.077343072311713057e-01
1.075817062878926117e-01
1.074294802887658384e-01
1.072776280410174948e-01
1.071261483564002054e-01
1.069750400511740168e-01
1.068243019460852483e-01
1.066739328663475345e-01
1.065239316416218412e-01
1.063742971059968428e-01
1.062250280979698536e-01
1.060774280008431741e-01
1.059311575696470914e-01
1.057852365483683971e-01
1.056396638633541885e-01
1.054944384447958766e-01
1.053495592267139486e-01
1.052050251469437286e-01
1.050608351471197660e-01
1.049169881726612491e-01
1.047734831727568788e-01
1.046303191003505051e-01
1.044874949121257779e-01
1.043450095684922974e-01
1.042028620335704037e-01
1.040610512751766886e-01
1.039195762648096877e-01
1.037784359776352805e-01
1.036376293924727854e-01
1.034971554917797631e-01
1.033570132616384307e-01
1.032172016917415891e-01
1.030777197753775659e-01
1.029385665094171981e-01
1.027997408942990659e-01
1.026612419340159066e-01
1.025230686361003479e-01
1.023852200116114053e-01
1.022476950751206176e-01
1.021104928446977117e-01
1.019736123418979179e-01
1.018370525917474262e-01
1.017008126227302994e-01
1.015648914667745539e-01
1.014292881592391143e-01
1.012940017389001579e-01
1.011590312479376530e-01
1.010243757319221891e-01
1.008900342398015987e-01
1.007560058238880785e-01
1.006222895398442979e-01
1.004888844466712422e-01
1.003557896066944732e-01
1.002230040855513066e-01
1.000905269521778496e-01
9.995835727879628929e-02
9.982649414090206952e-02
9.969493661725056799e-02
9.956368378984502276e-02
9.943273474392351485e-02
9.930208856794632555e-02
9.917174435358359907e-02
