1.005941862100850237e+00
6.905633656622071070e-01
6.396977640776114749e-01
6.289975240930143485e-01
6.174096057126509107e-01
6.057785817413400276e-01
5.945778712913415420e-01
5.843585869962557577e-01
5.757876800274657203e-01
5.677153565423880277e-01
5.600386525724502240e-01
5.527995437676628265e-01
5.458701457456183181e-01
5.392846881995773112e-01
5.330329220832120685e-01
5.270155508936740230e-01
5.212685926738906961e-01
5.157870259899794974e-01
5.104831712136042032e-01
5.053700489054774314e-01
5.004971052577795732e-01
4.957611032253921302e-01
4.911534811001831979e-01
4.868101281089735610e-01
4.826011131431042767e-01
4.784842157065936630e-01
4.744551856242107402e-01
4.705928285360375662e-01
4.668164816080039303e-01
4.631125098877693080e-01
4.594780876190291408e-01
4.559612941909794159e-01
4.525384256990445664e-01
4.491739905925140053e-01
4.458660594351983586e-01
4.426128088805119654e-01
4.395205436640488572e-01
4.365560628744054594e-01
4.336346027076952159e-01
4.307551114438887829e-01
4.279165766260289994e-01
4.251348784604913056e-01
4.224378815427838885e-01
4.197767689610083508e-01
4.171507944822505087e-01
4.145592329818312272e-01
4.120607367786964792e-01
4.096236380550934975e-01
4.072646353841244404e-01
4.049408429174476409e-01
4.026449008810366603e-01
4.003763226229809513e-01
3.981346304765751576e-01
3.959193559085954495e-01
3.937300396055260499e-01
3.916236618637090050e-01
3.896175539538709875e-01
3.876339016531720194e-01
3.856723447126887971e-01
3.837325286913375599e-01
3.818141050753407484e-01
3.799167313584654870e-01
3.780400710888402460e-01
3.761837938873782150e-01
3.743475754421873858e-01
3.725310974827532040e-01
3.707340477371851017e-01
3.689561198753659177e-01
3.671970134404644037e-01
3.654564337709307331e-01
3.637340919148036034e-01
3.620564575240597938e-01
3.604538560333000463e-01
3.589088075982035386e-01
3.573789268863650226e-01
3.558639701815350387e-01
3.543636992980812583e-01
3.528958792404120470e-01
3.514695005067953182e-01
3.500565191361648676e-01
3.486567303285829089e-01
3.472699335329385018e-01
3.458959323365602967e-01
3.445345343585151654e-01
3.431855511464195208e-01
3.418487980766016787e-01
3.405240942574639385e-01
3.392112624359076567e-01
3.379101289066848146e-01
3.366205234245548961e-01
3.353422791191314478e-01
3.340752324123065775e-01
3.328192229381528588e-01
3.315740934652029459e-01
3.303396898210178012e-01
3.291158608189533874e-01
3.279024581870463306e-01
3.266993364989387860e-01
3.255063531067678984e-01
3.243233680759524118e-01
3.231502441218051525e-01
3.219868465479107655e-01
3.208603336273889717e-01
3.197685115542018841e-01
3.186848644080678694e-01
3.176092978269667855e-01
3.165452843380269221e-01
3.155662503429454979e-01
3.145938678694611967e-01
3.136280653521001938e-01
3.126687722790958412e-01
3.117159191725062395e-01
3.107694375688180299e-01
3.098292600000259189e-01
3.088953199751677814e-01
3.079675519623011337e-01
3.070458913709102067e-01
3.061302745347236898e-01
3.052206386949383732e-01
3.043169219838257611e-01
3.034190634087202687e-01
3.025270028363691854e-01
3.016406809776372433e-01
3.007600393725545218e-01
2.998850203756970867e-01
2.990155671418907035e-01
2.981516236122277452e-01
2.972931345003892445e-01
2.964400452792621543e-01
2.955923021678444340e-01
2.947498521184294673e-01
2.939126428040618189e-01
2.930806226062570019e-01
2.922537406029791507e-01
2.914319465568676604e-01
2.906151909037077430e-01
2.898034247411380715e-01
2.889965998175882400e-01
2.881946685214430426e-01
2.873975838704230235e-01
2.866052995011816318e-01
2.858177696591068795e-01
2.850349491883299446e-01
2.842659627244903953e-01
2.835382576660817611e-01
2.828147101034994004e-01
2.820952796642080540e-01
2.813799265438605146e-01
2.806686114960072476e-01
2.799612958220363268e-01
2.792579413613409667e-01
2.785585104817041024e-01
2.778629660698961890e-01
2.771712715224787238e-01
2.764833907368097199e-01
2.757992881022424680e-01
2.751189284915162014e-01
2.744422772523293363e-01
2.737693001990935682e-01
2.731143546329469207e-01
2.724782467373690897e-01
2.718454984640346073e-01
2.712160783077452453e-01
2.705899552039007783e-01
2.699670985206747975e-01
2.693474780513543387e-01
2.687310640068354961e-01
2.681178270082742454e-01
2.675077380798865923e-01
2.669007686418956582e-01
2.662968905036232070e-01
2.656960758567205594e-01
2.650982972685377304e-01
2.645080963028690335e-01
2.639476520079637734e-01
2.633896348658387176e-01
2.628340271167716180e-01
2.622808112064915487e-01
2.617299697829648664e-01
2.611814856932421214e-01
2.606353419803637550e-01
2.601031694354754009e-01
2.595760243964757019e-01
2.590510285596055451e-01
2.585281680390901782e-01
2.580074290813764160e-01
2.574887980635496287e-01
2.569722614917695491e-01
2.564578059997238979e-01
2.559454183471018829e-01
2.554350854180864605e-01
2.549267942198639725e-01
2.544205318811526562e-01
2.539162856507496402e-01
2.534140428960951485e-01
2.529137911018559670e-01
2.524155178685249523e-01
2.519192109110396371e-01
2.514248580574169889e-01
2.509324472474060430e-01
2.504419665311585774e-01
2.499534040679148306e-01
2.494667481247073437e-01
2.489819870750811237e-01
2.484991093978304033e-01
2.480181036757511670e-01
2.475523133510195151e-01
2.470905132385208536e-01
2.466303362114351527e-01
2.461717740836362744e-01
2.457148187285747298e-01
2.452594620786313906e-01
2.448056961244807483e-01
2.443535129144631945e-01
2.439029045539652385e-01
2.434538632048098561e-01
2.430063810846557482e-01
2.425604504664030936e-01
2.421160636776102937e-01
2.416732130999178496e-01
2.412318911684803724e-01
2.407920903714066974e-01
2.403538032492098797e-01
2.399170223942616587e-01
2.394817404502580516e-01
2.390479501116903049e-01
2.386156441233253656e-01
2.381848152796923190e-01
2.377554564245757673e-01
2.373275604505189762e-01
2.369011202983314079e-01
2.364761289566048863e-01
2.360525794612359785e-01
2.356304648949548441e-01
2.352097783868625502e-01
2.347905131119727151e-01
2.343726622907610635e-01
2.339562191887201714e-01
2.335411771159226768e-01
2.331275294265880149e-01
2.327152695186569531e-01
2.323043908333712326e-01
2.318948868548602604e-01
2.314867511097316866e-01
2.310799771666696978e-01
2.306745586360369193e-01
2.302704891694840050e-01
2.298677624595627522e-01
2.294663722393450456e-01
2.290663122820478514e-01
2.286675764006621814e-01
2.282701584475877732e-01
2.278740523142731844e-01
2.274792519308586336e-01
2.270857512658273625e-01
2.266935443256574978e-01
2.263026251544816569e-01
2.259129878337500785e-01
2.255246264818976110e-01
2.251375352540159747e-01
2.247517083415301042e-01
2.243671399718787651e-01
2.239838244081991114e-01
2.236017559490154072e-01
2.232209289279321607e-01
2.228413377133307838e-01
2.224629767080704701e-01
2.220858403491926258e-01
2.217099231076292143e-01
2.213352194879150137e-01
2.209617240279030115e-01
2.205894312984839900e-01
2.202183359033089149e-01
2.198484324785156263e-01
2.194797156924582771e-01
2.191121802454401857e-01
2.187458208694500472e-01
2.183806323279021411e-01
2.180166094153782874e-01
2.176537469573735228e-01
2.172920398100458006e-01
2.169314828599671618e-01
2.165720710238787650e-01
2.162150707800331029e-01
2.158658012872435028e-01
2.155176286552947518e-01
2.151705477232883079e-01
2.148245533669494722e-01
2.144796404982485527e-01
2.141358040650292449e-01
2.137930390506402323e-01
2.134513404735731701e-01
2.131107033871050271e-01
2.127711228789463671e-01
2.124325940708931271e-01
2.120951121184837529e-01
2.117586722106619412e-01
2.114232695694427122e-01
2.110888994495833948e-01
2.107555571382591364e-01
2.104232379547439913e-01
2.100919372500932858e-01
2.097616504068333387e-01
2.094323728386542904e-01
2.091040999901057351e-01
2.087768273362987370e-01
2.084505503826097061e-01
2.081252646643894921e-01
2.078009657466748372e-01
2.074776492239062131e-01
2.071553107196464072e-01
2.068339458863041602e-01
2.065135504048616066e-01
2.061941199846049344e-01
2.058756503628582091e-01
2.055581373047204174e-01
2.052415766028069799e-01
2.049259640769935664e-01
2.046112955741633821e-01
2.042975669679572559e-01
2.039847741585280316e-01
2.036729130722964853e-01
2.033619796617118503e-01
2.030536975033711000e-01
2.027636602342283156e-01
2.024743746798490784e-01
2.021858381879192423e-01
2.018980481198456300e-01
2.016110018506417634e-01
2.013246967688138711e-01
2.010391302762495336e-01
2.007542997881070213e-01
2.004702027327065761e-01
2.001868365514233861e-01
1.999041986985810315e-01
1.996222866413469577e-01
1.993410978596295569e-01
1.990606298459756673e-01
1.987808801054707641e-01
1.985018461556388447e-01
1.982235255263445628e-01
1.979459157596963337e-01
1.976690144099509938e-01
1.973928190434190988e-01
1.971173272383715536e-01
1.968425365849474917e-01
1.965684446850638478e-01
1.962950491523245133e-01
1.960223476119322128e-01
1.957503377006007128e-01
1.954790170664680860e-01
1.952083833690105574e-01
1.949384342789589886e-01
1.946691674782141668e-01
1.944005806597649266e-01
1.941326715276061043e-01
1.938654377966579356e-01
1.935988771926861474e-01
1.933329874522233538e-01
1.930677663224906193e-01
1.928032115613212139e-01
1.925393209370834524e-01
1.922760922286059215e-01
1.920135232251030111e-01
1.917516117261013342e-01
1.914903555413661473e-01
1.912297524908298796e-01
1.909698004045210229e-01
1.907104971224938272e-01
1.904518404947574406e-01
1.901938283812084074e-01
1.899364586515616127e-01
1.896797291852831135e-01
1.894236378715230540e-01
1.891681826090500784e-01
1.889133613061857730e-01
1.886591718807400786e-01
1.884056122599466199e-01
1.881526803804009496e-01
1.879003741879963496e-01
1.876486916378624081e-01
1.873976306943039294e-01
1.871471893307392054e-01
1.868973655296415903e-01
1.866481572824780499e-01
1.863995625896514574e-01
1.861515794604420848e-01
1.859042059129492885e-01
1.856574399740351378e-01
1.854112796792669327e-01
1.851657230728618875e-01
1.849207682076312309e-01
1.846764131449251944e-01
1.844326559545788613e-01
1.841894947148581263e-01
1.839469275124056280e-01
1.837049524421895952e-01
1.834635676074493349e-01
1.832227711196449393e-01
1.829825610984049944e-01
1.827429356714761477e-01
1.825038929746727046e-01
1.822654311518259462e-01
1.820310918041225801e-01
1.818018411378134747e-01
1.815731243008377183e-01
1.813449397133644336e-01
1.811172858012104203e-01
1.808901609958188661e-01
1.806635637342359768e-01
1.804374924590915752e-01
1.802119456185749813e-01
1.799869216664153615e-01
1.797624190618593853e-01
1.795384362696498814e-01
1.793149717600043269e-01
1.790920240085942527e-01
1.788695914965228173e-01
1.786476727103050999e-01
1.784262661418455076e-01
1.782053702884180413e-01
1.779849836526448403e-01
1.777651047424750053e-01
1.775457320711641418e-01
1.773268641572534887e-01
1.771084995245495730e-01
1.768906367021030879e-01
1.766732742241884924e-01
1.764565648039284618e-01
1.762418897477022461e-01
1.760276954634071300e-01
1.758139806864013888e-01
1.756007441549728432e-01
1.753879846103442719e-01
1.751757007966793789e-01
1.749638914610872342e-01
1.747525553536277976e-01
1.745416912273158594e-01
1.743312978381262035e-01
1.741213739449971876e-01
1.739119183098348786e-01
1.737029296975175219e-01
1.734944068758978164e-01
1.732863486158072730e-01
1.730787536910587121e-01
1.728716208784498998e-01
1.726649489577654628e-01
1.724587367117801917e-01
1.722529829262608725e-01
1.720476863899684516e-01
1.718428458946607285e-01
1.716384602350931599e-01
1.714345282090211364e-01
1.712310486172012591e-01
1.710280202633928937e-01
1.708254419543583646e-01
1.706233124998653150e-01
1.704216307126864283e-01
1.702203954086003168e-01
1.700196054063923545e-01
1.698192595278543160e-01
1.696193565977854589e-01
1.694198954439916083e-01
1.692208748972860444e-01
1.690222937914879764e-01
1.688241509634235138e-01
1.686264452529241120e-01
1.684291755028267112e-01
1.682323405589719600e-01
1.680359392702042709e-01
1.678399704883701549e-01
1.676444330683174722e-01
1.674493258678934893e-01
1.672546477479442684e-01
1.670603975723126688e-01
1.668665742078367376e-01
1.666731765243476548e-01
1.664802033946688742e-01
1.662876536946128470e-01
1.660955263029798290e-01
1.659038201015552161e-01
1.657125339751077675e-01
1.655216668113863865e-01
1.653312175011185381e-01
1.651411849380070851e-01
1.649515680187277067e-01
1.647623656429259009e-01
1.645735767132151250e-01
1.643852001351724934e-01
1.641972348173362795e-01
1.640096796712031124e-01
1.638225336112241748e-01
1.636357955548024545e-01
1.634494644222890536e-01
1.632635391369797184e-01
1.630780186251111485e-01
1.628929018158580266e-01
1.627081876413284667e-01
1.625238750365609330e-01
1.623399629395199939e-01
1.621564502910927408e-01
1.619733360350842921e-01
1.617906191182145181e-01
1.616082984901131558e-01
1.614263731033159788e-01
1.612448419132610777e-01
1.610637038782832542e-01
1.608829579596111614e-01
1.607026031213616146e-01
1.605226383305363713e-01
1.603430625570160251e-01
1.601638747735568691e-01
1.599850739557856782e-01
1.598066590821947131e-01
1.596286291341375008e-01
1.594509830958235341e-01
1.592737199543140247e-01
1.590968386995163519e-01
1.589203383241794831e-01
1.587442178238891166e-01
1.585684761970622136e-01
1.583931124449420857e-01
1.582181255715936763e-01
1.580435145838975930e-01
1.578692784915454450e-01
1.576954163070345138e-01
1.575219270456626186e-01
1.573488097255222318e-01
1.571760633674955943e-01
1.570036869952493308e-01
1.568316796352285936e-01
1.566600403166520106e-01
1.564887680715058016e-01
1.563178619345386711e-01
1.561473209432556464e-01
1.559771441379132206e-01
1.558073305615128579e-01
1.556378792597963023e-01
1.554687892812386674e-01
1.553000596770438280e-01
1.551316895011381480e-01
1.549636778101647350e-01
1.547960236634773057e-01
1.546287261231350518e-01
1.544617842538964225e-01
1.542951971232131014e-01
1.541289638012239560e-01
1.539630833607498750e-01
1.537975548772872181e-01
1.536323774290013766e-01
1.534675500967221107e-01
1.533030719639360273e-01
1.531389421167817233e-01
1.529751596440432626e-01
1.528117236371435428e-01
1.526486331901397153e-01
1.524858873997151087e-01
1.523234853651749821e-01
1.521614261884388086e-01
1.519997089740352247e-01
1.518383328290955347e-01
1.516772968633471053e-01
1.515166001891074532e-01
1.513562419212786392e-01
1.511962211773399123e-01
1.510365370773422700e-01
1.508771887439019910e-01
1.507181753021941684e-01
1.505594958799468808e-01
1.504011496074342535e-01
1.502431356174709076e-01
1.500854530454052149e-01
1.499281010291128591e-01
1.497710787089908957e-01
1.496143852279512021e-01
1.494580197314143710e-01
1.493019813673027441e-01
1.491462692860348604e-01
1.489908826405185738e-01
1.488358205861449457e-01
1.486810822807813626e-01
1.485266668847660676e-01
1.483725735609011109e-01
1.482188014744459936e-01
1.480653497931115059e-01
1.479122176870534822e-01
1.477594043288654180e-01
1.476069088935736684e-01
1.474547305586296486e-01
1.473028685039040608e-01
1.471513219116806770e-01
1.470000899666492333e-01
1.468491718558996018e-01
1.466985667689151840e-01
1.465482738975666110e-01
1.463982924361049986e-01
1.462486215811560353e-01
1.460992605317130710e-01
1.459502084891311224e-01
1.458014646571202388e-01
