5.858639996061026922e-01
5.492849554460579320e-01
5.407711188701577187e-01
5.360362425746805215e-01
5.317783627875368735e-01
5.277594156499897382e-01
5.240113219011838241e-01
5.203898976933004628e-01
5.168355229294194775e-01
5.133456327069260139e-01
5.099180331803101485e-01
5.065507387821234220e-01
5.032419014447769845e-01
4.999897779302044931e-01
4.967927131182928724e-01
4.937090788131834884e-01
4.907314495372465113e-01
4.877983581846087047e-01
4.849084862445800503e-01
4.820605957721053603e-01
4.792841683796086882e-01
4.767037040622732480e-01
4.741554324373226104e-01
4.716386072130503981e-01
4.691525250465021779e-01
4.666965213219099184e-01
4.642699663938817944e-01
4.618722622445360360e-01
4.595935833099826229e-01
4.574728900814455934e-01
4.553742432989911770e-01
4.532972879313783010e-01
4.512416838436384969e-01
4.492071043105260730e-01
4.471932347031592481e-01
4.451997713288982639e-01
4.432264204067635771e-01
4.412728971627145613e-01
4.393389250308852856e-01
4.374437854129968883e-01
4.355678090839713579e-01
4.337098270129756128e-01
4.318696358571099125e-01
4.300470345408988204e-01
4.282418241131846770e-01
4.264538076282528012e-01
4.246827900478606921e-01
4.229285781612506789e-01
4.211909805205778512e-01
4.194698073895104518e-01
4.177648707030319208e-01
4.160759840367256324e-01
4.144692541829415600e-01
4.129156368271911792e-01
4.113752306598532082e-01
4.098479200413414625e-01
4.083335884124154602e-01
4.068321184277366442e-01
4.053537454305816135e-01
4.039249727745372609e-01
4.025076583481776438e-01
4.011017035560123789e-01
3.997070091904080247e-01
3.983234755378437519e-01
3.969510024786571667e-01
3.955894895806530975e-01
3.942388361869098024e-01
3.928989414981132744e-01
3.915697046497177425e-01
3.902510247842203017e-01
3.889428011188208467e-01
3.876449330087156642e-01
3.863573200062695445e-01
3.850798619162882908e-01
3.838124588476075072e-01
3.825552051213894078e-01
3.813078472718489098e-01
3.800702444943402925e-01
3.788422985629055217e-01
3.776239117671118528e-01
3.764149869452168562e-01
3.752154275148608109e-01
3.740251375014150836e-01
3.728440215641221078e-01
3.716719850201409825e-01
3.705089338666210930e-01
3.693547748009051168e-01
3.682094152389712161e-01
3.670727633322073413e-01
3.659447279826140709e-01
3.648252188565229148e-01
3.637141463969110755e-01
3.626114218343963191e-01
3.615270241483939384e-01
3.604765114420020455e-01
3.594409413034011513e-01
3.584370557958323489e-01
3.574405839873573409e-01
3.564514365201323365e-01
3.554695253385417586e-01
3.544947636703190685e-01
3.535270660078214111e-01
3.525663480894687396e-01
3.516125268813539706e-01
3.506655205590361590e-01
3.497252484895181923e-01
3.487916312134199393e-01
3.478645904273495737e-01
3.469440489664749605e-01
3.460299307873027086e-01
3.451417985733775673e-01
3.442674168514512911e-01
3.433991471481496749e-01
3.425369152500665204e-01
3.416806480387616363e-01
3.408302734753158592e-01
3.399857205849892150e-01
3.391469194419922673e-01
3.383138011543771473e-01
3.374862978490542620e-01
3.366643426569388975e-01
3.358478696982342693e-01
3.350412693761082306e-01
3.342830889616784096e-01
3.335296218997423900e-01
3.327808149055022091e-01
3.320366154549955762e-01
3.312969717742638154e-01
3.305618328286170637e-01
3.298311483120028309e-01
3.291048686364783094e-01
3.283829449217898766e-01
3.276653289850620099e-01
3.269519733305960574e-01
3.262428311397823077e-01
3.255378562611253579e-01
3.248370032003840002e-01
3.241402271108262956e-01
3.234474837836023853e-01
3.227587296382330440e-01
3.220739217132157495e-01
3.213930176567485475e-01
3.207159757175721548e-01
3.200427547359283587e-01
3.193733141346380977e-01
3.187076139102951733e-01
3.180456146245785876e-01
3.173872773956807891e-01
3.167325638898527140e-01
3.160814363130647342e-01
3.154338574027827358e-01
3.147897904198580510e-01
3.141491991405336859e-01
3.135120478485600715e-01
3.128783013274262781e-01
3.122479248527006979e-01
3.116208841844836930e-01
3.109971455599682133e-01
3.103766756861102150e-01
3.097594417324072702e-01
3.091454113237808721e-01
3.085345525335683736e-01
3.079268338766154578e-01
3.073286957208469228e-01
3.067546795698036233e-01
3.061832863895757040e-01
3.056144923150014847e-01
3.050482738000814820e-01
3.044846076132782242e-01
3.039234708328754087e-01
3.033648408423992304e-01
3.028086953260969993e-01
3.022550122644764858e-01
3.017037699299040532e-01
3.011549468822623532e-01
3.006085219646660867e-01
3.000644742992368275e-01
2.995227832829348014e-01
2.989834285834504501e-01
2.984463901351507298e-01
2.979116481350842505e-01
2.973791830390424273e-01
2.968489755576758093e-01
2.963210066526670849e-01
2.957952575329584333e-01
2.952717096510337202e-01
2.947503446992545961e-01
2.942311446062504388e-01
2.937140915333607549e-01
2.931991678711304283e-01
2.926863562358565374e-01
2.921756394661870759e-01
2.916670006197698006e-01
2.911626671787544418e-01
2.906781245397973001e-01
2.901953897511212466e-01
2.897144492258050263e-01
2.892352895460879036e-01
2.887578974608480120e-01
2.882822598831170091e-01
2.878083638876320349e-01
2.873361967084241964e-01
2.868657457364411356e-01
2.863969985172071797e-01
2.859299427485170741e-01
2.854645662781647997e-01
2.850008571017064174e-01
2.845388033602568867e-01
2.840783933383201343e-01
2.836196154616521525e-01
2.831624582951561830e-01
2.827069105408107075e-01
2.822529610356291352e-01
2.818005987496500775e-01
2.813498127839590968e-01
2.809005923687406536e-01
2.804529268613602522e-01
2.800068057444767278e-01
2.795622186241826790e-01
2.791191552281747645e-01
2.786776054039515893e-01
2.782375591170410112e-01
2.777990064492530942e-01
2.773619375969623158e-01
2.769263428694153095e-01
2.764922126870655861e-01
2.760595375799343998e-01
2.756283081859973172e-01
2.751985152495955989e-01
2.747701496198737825e-01
2.743432022492400257e-01
2.739176641918527055e-01
2.734935266021295552e-01
2.730707807332801718e-01
2.726494179358627812e-01
2.722294296563628202e-01
2.718108074357944992e-01
2.713935429083242368e-01
2.709776277999158545e-01
2.705630539269973656e-01
2.701498131951485804e-01
2.697378975978098059e-01
2.693272992150110845e-01
2.689180102121210836e-01
2.685100228386158583e-01
2.681033294268678202e-01
2.676979223909531913e-01
2.672937942254782762e-01
2.668909375044253296e-01
2.664893448800152997e-01
2.660890090815901110e-01
2.656899229145110453e-01
2.652920792590757193e-01
2.648954710694524928e-01
2.645000913726301972e-01
2.641059332673864612e-01
2.637129899232705799e-01
2.633212545796040915e-01
2.629307205444956774e-01
2.625413811938729913e-01
2.621532299705287006e-01
2.617662603831825696e-01
2.613804660055574214e-01
2.609958404754708639e-01
2.606123774939400617e-01
2.602300708243014959e-01
2.598489142913446015e-01
2.594689017804585607e-01
2.590900272367931412e-01
2.587122846644324126e-01
2.583356681255812859e-01
2.579601717397655425e-01
2.575857896830439087e-01
2.572125161872321764e-01
2.568403455391410906e-01
2.564692720798236181e-01
2.560992902038368157e-01
2.557303943585131911e-01
2.553625790432445530e-01
2.550002664251007634e-01
2.546392636836615209e-01
2.542793151677093522e-01
2.539204156237894749e-01
2.535625598442476925e-01
2.532057426666688982e-01
2.528499589733257946e-01
2.524952036906356057e-01
2.521414717886213408e-01
2.517887582803844948e-01
2.514370582215829653e-01
2.510863667099155760e-01
2.507366788846157046e-01
2.503879899259507380e-01
2.500402950547285785e-01
2.496935895318114496e-01
2.493478686576361680e-01
2.490031277717408009e-01
2.486593622522987601e-01
2.483165675156584207e-01
2.479747390158895670e-01
2.476338722443362228e-01
2.472939627291755593e-01
2.469550060349828269e-01
2.466169977623025034e-01
2.462799335472245499e-01
2.459438090609686878e-01
2.456086200094714234e-01
2.452743621329812329e-01
2.449410312056578276e-01
2.446086230351781354e-01
2.442771334623467516e-01
2.439465583607117738e-01
2.436168936361868820e-01
2.432881352266771657e-01
2.429602791017120289e-01
2.426333212620805646e-01
2.423072577394742022e-01
2.419820845961338229e-01
2.416577979244997898e-01
2.413343938468697214e-01
2.410118685150585416e-01
2.406902181100646909e-01
2.403694388417395578e-01
2.400495269484627936e-01
2.397304786968211809e-01
2.394122903812914704e-01
2.390949583239289078e-01
2.387784788740591746e-01
2.384628484079739930e-01
2.381480633286313375e-01
2.378341200653601439e-01
2.375210150735687642e-01
2.372087448344562810e-01
2.368973058547295674e-01
2.365866946663226500e-01
2.362769078261204025e-01
2.359679419156864300e-01
2.356597935409933953e-01
2.353524593321580372e-01
2.350459359431796014e-01
2.347402200516810478e-01
2.344353083586544761e-01
2.341311975882096330e-01
2.338278844873256934e-01
2.335253658256068177e-01
2.332236383950399006e-01
2.329226990097567340e-01
2.326225445057988617e-01
2.323231717408851815e-01
2.320245775941830180e-01
2.317267589660823301e-01
2.314297127779722241e-01
2.311334359720214338e-01
2.308379255109606343e-01
2.305431783778686405e-01
2.302491915759599383e-01
2.299559621283771838e-01
2.296634870779842297e-01
2.293717634871629274e-01
2.290807884376127035e-01
2.287905590301523018e-01
2.285010723845242175e-01
2.282123256392019905e-01
2.279243159511992189e-01
2.276370404958820981e-01
2.273504964667837080e-01
2.270646810754203826e-01
2.267795915511114646e-01
2.264952251408005046e-01
2.262115791088791517e-01
2.259286507370133201e-01
2.256464373239710497e-01
2.253649361854534738e-01
2.250841446539268986e-01
2.248040600784584342e-01
2.245246798245517927e-01
2.242460012739871666e-01
2.239680218246617449e-01
2.236907388904325888e-01
2.234141499009621723e-01
2.231382523015648656e-01
2.228630435530557230e-01
2.225885211316017687e-01
2.223146825285740869e-01
2.220415252504027714e-01
2.217715955506627812e-01
2.215056034815326980e-01
2.212402505988519674e-01
2.209755346779124774e-01
2.207114535067621341e-01
2.204480048860839592e-01
2.201851866290797655e-01
2.199229965613526960e-01
2.196614325207926766e-01
2.194004923574627841e-01
2.191401739334874477e-01
2.188804751229416201e-01
2.186213938117413658e-01
2.183629278975355581e-01
2.181050752896003253e-01
2.178478339087323579e-01
2.175912016871459909e-01
2.173351765683698700e-01
2.170797565071453383e-01
2.168249394693267662e-01
2.165707234317819641e-01
2.163171063822947326e-01
2.160640863194677741e-01
2.158116612526277123e-01
2.155598292017307238e-01
2.153085881972686411e-01
2.150579362801781358e-01
2.148078715017486817e-01
2.145583919235332093e-01
2.143094956172591770e-01
2.140611806647412518e-01
2.138134451577936579e-01
2.135662871981459099e-01
2.133197048973569376e-01
2.130736963767321246e-01
2.128282597672407628e-01
2.125833932094335910e-01
2.123390948533632749e-01
2.120953628585039719e-01
2.118521953936721713e-01
2.116095906369497570e-01
2.113675467756061799e-01
2.111260620060229354e-01
2.108851345336180405e-01
2.106447625727716211e-01
2.104049443467529423e-01
2.101656780876474395e-01
2.099269620362846089e-01
2.096887944421677585e-01
2.094511735634036198e-01
2.092140976666322927e-01
2.089775650269599105e-01
2.087415739278900284e-01
2.085061226612570373e-01
2.082712095271596342e-01
2.080368328338952355e-01
2.078029908978958618e-01
2.075696820436633561e-01
2.073369046037066010e-01
2.071046569184789854e-01
2.068729373363155932e-01
2.066417442133736126e-01
2.064149096199010824e-01
2.061918538573319915e-01
2.059692772590776266e-01
2.057471784545222004e-01
2.055255560789030211e-01
2.053044087732671386e-01
2.050837351844280176e-01
2.048635339649230169e-01
2.046438037729720327e-01
2.044245432724352551e-01
2.042057511327724506e-01
2.039874260290023555e-01
2.037695666416626528e-01
2.035521716567700312e-01
2.033352397657812449e-01
2.031187696655542274e-01
2.029027600583096780e-01
2.026872096515934529e-01
2.024721171582387347e-01
2.022574812963288948e-01
2.020433007891612176e-01
2.018295743652105123e-01
2.016163007580931976e-01
2.014034787065316079e-01
2.011911069543192987e-01
2.009791842502862969e-01
2.007677093482646280e-01
2.005566810070542882e-01
2.003460979903901873e-01
2.001359590669084254e-01
1.999262630101134031e-01
1.997170085983458465e-01
1.995081946147501117e-01
1.992998198472426818e-01
1.990918830884806090e-01
1.988843831358306502e-01
1.986773187913374872e-01
1.984706888616947495e-01
1.982644921582135955e-01
1.980587274967935407e-01
1.978533936978927321e-01
1.976484895864983049e-01
1.974440139920983217e-01
1.972399657486524627e-01
1.970363436945640201e-01
1.968331466726517820e-01
1.966303735301218603e-01
1.964280231185412673e-01
1.962260942938095221e-01
1.960245859161328374e-01
1.958234968499963646e-01
1.956228259641385470e-01
1.954225721315253073e-01
1.952227342293231249e-01
1.950233111388746388e-01
1.948243017456724180e-01
1.946257049393342875e-01
1.944287342899519710e-01
1.942367780145655698e-01
1.940452003693738103e-01
1.938540004119904958e-01
1.936631772030187881e-01
1.934727298060369971e-01
1.932826572875853688e-01
1.930929587171524853e-01
1.929036331671618587e-01
1.927146797129586642e-01
1.925260974327968333e-01
1.923378854078257316e-01
1.921500427220772522e-01
1.919625684624530204e-01
1.917754617187118482e-01
1.915887215834566337e-01
1.914023471521220376e-01
1.912163375229622153e-01
1.910306917970381324e-01
1.908454090782052137e-01
1.906604884731017135e-01
1.904759290911358371e-01
1.902917300444745552e-01
1.901078904480308640e-01
1.899244094194526278e-01
1.897412860791104217e-01
1.895585195500860964e-01
1.893761089581611212e-01
1.891940534318047873e-01
1.890123521021634112e-01
1.888310041030482889e-01
1.886500085709251207e-01
1.884693646449024929e-01
1.882890714667204146e-01
1.881091281807402149e-01
1.879295339339326076e-01
1.877502878758673943e-01
1.875713891587026394e-01
1.873928369371738456e-01
1.872146303685831292e-01
1.870367686127888396e-01
1.868592508321951506e-01
1.866820761917412086e-01
1.865052438588912787e-01
1.863287530036242257e-01
1.861526027984229670e-01
1.859767924182647303e-01
1.858013210406108673e-01
1.856261878453967229e-01
1.854513920150216710e-01
1.852769327343392058e-01
1.851028091906470052e-01
1.849290205736776049e-01
1.847555660755879070e-01
1.845824448909502702e-01
1.844096562167422682e-01
1.842371992523379187e-01
1.840650731994974143e-01
1.838932772623580181e-01
1.837218106474250712e-01
1.835506725635618619e-01
1.833798622219811603e-01
1.832093788362357811e-01
1.830392216222090918e-01
1.828693897981066296e-01
1.826998825844462770e-01
1.825306992040499066e-01
1.823618388820341663e-01
1.821933008458018477e-01
1.820250843250326156e-01
1.818571885516747366e-01
1.816896127599361699e-01
1.815223561862760182e-01
1.813554180693955076e-01
1.811887976502297715e-01
1.810224941719398017e-01
1.808565068799030395e-01
1.806908350217052706e-01
1.805254778471327148e-01
1.803604346081634502e-01
1.801957045589587803e-01
1.800312869558554629e-01
1.798674081745523234e-01
1.797068034631447153e-01
1.795464951730170455e-01
1.793864826144857538e-01
1.792267650998785322e-01
1.790673419435266644e-01
1.789082124617570324e-01
1.787493759728850107e-01
1.785908317972065285e-01
1.784325792569907698e-01
1.782746176764727908e-01
1.781169463818461640e-01
1.779595647012554016e-01
1.778024719647884888e-01
