9.585568447556155336e-01
8.917996929692681984e-01
8.557036315831960671e-01
8.245665412932348115e-01
7.968628979133717261e-01
7.712801896218359765e-01
7.476292706432252633e-01
7.266001635753037702e-01
7.078327853686020577e-01
6.902057329844693001e-01
6.744772055413335021e-01
6.603800006235230891e-01
6.469662652686515303e-01
6.341821563850357224e-01
6.222193338819201891e-01
6.112891330565722869e-01
6.018693561135660675e-01
5.931475864085010707e-01
5.848168646006717264e-01
5.767273509919969010e-01
5.688903805531665414e-01
5.618038786193616518e-01
5.549976944142483992e-01
5.483645913363087709e-01
5.418853973381277944e-01
5.355561632830223573e-01
5.293729494401402391e-01
5.233318417683662238e-01
5.174289657802207953e-01
5.118106111636837596e-01
5.064233363698779078e-01
5.011439540346557253e-01
4.959704502215858124e-01
4.909007409965345792e-01
4.860924384308302204e-01
4.813793913216550813e-01
4.767725491954217798e-01
4.723535125333345186e-01
4.680984407380616164e-01
4.639175490063079388e-01
4.598098684900400746e-01
4.557743478235499190e-01
4.518098687250073908e-01
4.479318615149854854e-01
4.441414840857230706e-01
4.404496907305054387e-01
4.368259622588833158e-01
4.333304631087119829e-01
4.298997946508524848e-01
4.265820146739114360e-01
4.233404691343209403e-01
4.202310316099445164e-01
4.172389289916700328e-01
4.143036214489966285e-01
4.114322402948350499e-01
4.086063608426049321e-01
4.058423824838606198e-01
4.031474234599431439e-01
4.004945146430617386e-01
3.978827267888244701e-01
3.953214651180848027e-01
3.929379992609597361e-01
3.905887210091886774e-01
3.882729411973084299e-01
3.859899859466027205e-01
3.837391965167306074e-01
3.815997449341479997e-01
3.795229871585228398e-01
3.775165598808707945e-01
3.755357360241540210e-01
3.735799750388137941e-01
3.716488239111885306e-01
3.697418386145359670e-01
3.678585840101132320e-01
3.659986337360081055e-01
3.642639601094308510e-01
3.625674814493947684e-01
3.608904335411196596e-01
3.592324948883587887e-01
3.575960758278799445e-01
3.559791560408299138e-01
3.543803241874816101e-01
3.527992829005476838e-01
3.512357401906273102e-01
3.496993015458936815e-01
3.481801643637368882e-01
3.466778499449651996e-01
3.452710706489944270e-01
3.439146624213549330e-01
3.425726650926353978e-01
3.412448319208945535e-01
3.399309214538681623e-01
3.386306974070797948e-01
3.373439285434230439e-01
3.360703885544419900e-01
3.348147046812629535e-01
3.335987715899333961e-01
3.323947889591530314e-01
3.312025661709623869e-01
3.300219163617769680e-01
3.288526563443153194e-01
3.276946065304831013e-01
3.265475908553170936e-01
3.254114367020752852e-01
3.242859748285447652e-01
3.232764459186632244e-01
3.222745091589365729e-01
3.212800420643773802e-01
3.202929430975025027e-01
3.193131128191034063e-01
3.183404538306111031e-01
3.173748707183143281e-01
3.164162699993812167e-01
3.154645600696353580e-01
3.145196511530327643e-01
3.135814552527901866e-01
3.126498861041122068e-01
3.117248591284643155e-01
3.108062913893439028e-01
3.098941015494949824e-01
3.089882098295202439e-01
3.080885379678398595e-01
3.071950091819502515e-01
3.063075481309356918e-01
3.054260808791890436e-01
3.045505348612955743e-01
3.036808388480389809e-01
3.028169229134881069e-01
3.019587184031230498e-01
3.011061579029638557e-01
3.002591752096637756e-01
2.994177053015304457e-01
2.985816843104426299e-01
2.977510494946255526e-01
2.969257392122570671e-01
2.961056928958701318e-01
2.952908510275244480e-01
2.944811551147166195e-01
2.936765476670050168e-01
2.928769721733181508e-01
2.920895581797220975e-01
2.913070972527688762e-01
2.905292010713097506e-01
2.897558240110075234e-01
2.889869211663115833e-01
2.882224483352783251e-01
2.874623620047926376e-01
2.867066193361738069e-01
2.859551781511555646e-01
2.852079969182273467e-01
2.844650347393266610e-01
2.837262513368701278e-01
2.829916070411127582e-01
2.822610627778262549e-01
2.815345800562852885e-01
2.808121209575531463e-01
2.800936481230566488e-01
2.793791247434430081e-01
2.786685145477079129e-01
2.779617817925895684e-01
2.772588912522175320e-01
2.765598082080121811e-01
2.758644984388237686e-01
2.751775323241937299e-01
2.745194832236840798e-01
2.738802301529542071e-01
2.732652875505042211e-01
2.726532887330483379e-01
2.720442115758744950e-01
2.714380342253851497e-01
2.708347350944157461e-01
2.702342928576474401e-01
2.696366864471131941e-01
2.690418950477935778e-01
2.684498980933027745e-01
2.678606752616599085e-01
2.672742064711469134e-01
2.666904718762481141e-01
2.661094518636722972e-01
2.655311270484534414e-01
2.649554782701304956e-01
2.643824865890018749e-01
2.638121332824560628e-01
2.632443998413743214e-01
2.626792679666046793e-01
2.621167195655066395e-01
2.615567367485630013e-01
2.609993018260601261e-01
2.604443973048325423e-01
2.598920058850719417e-01
2.593421104571986824e-01
2.587946940987955746e-01
2.582497400716006752e-01
2.577072318185588129e-01
2.571671529609324547e-01
2.566294872954659745e-01
2.560942187916075419e-01
2.555613315887839687e-01
2.550308099937279027e-01
2.545026384778580897e-01
2.539768016747083190e-01
2.534532843774077726e-01
2.529320715362087246e-01
2.524131482560619810e-01
2.518964997942389483e-01
2.513821115579985555e-01
2.508699691023000278e-01
2.503600581275578496e-01
2.498523644774399144e-01
2.493468741367079189e-01
2.488435732290978364e-01
2.483424480152413016e-01
2.478434848906253263e-01
2.473466703835914826e-01
2.468536522005403133e-01
2.463950552206475575e-01
2.459382528060289619e-01
2.454832347305325735e-01
2.450299908694333617e-01
2.445785111977264170e-01
2.441287857884550938e-01
2.436808048110779279e-01
2.432345585298703317e-01
2.427900373023609837e-01
2.423472315778024966e-01
2.419061318956756135e-01
2.414667288842242687e-01
2.410290132590242607e-01
2.405929758215802350e-01
2.401586074579548646e-01
2.397258991374260628e-01
2.392948524253366016e-01
2.388687532398210689e-01
2.384443020796880863e-01
2.380214892800406323e-01
2.376003052762180601e-01
2.371807406021442521e-01
2.367679695772026693e-01
2.363579803291376291e-01
2.359495485919186342e-01
2.355426652951125022e-01
2.351373214627949793e-01
2.347335082120151351e-01
2.343312167512891231e-01
2.339304383791235287e-01
2.335311644825667221e-01
2.331333865357891055e-01
2.327370960986897275e-01
2.323422848155315135e-01
2.319489444136000333e-01
2.315570667018910789e-01
2.311666435698210009e-01
2.307776669859634422e-01
2.303901289968091071e-01
2.300040217255494290e-01
2.296193373708842744e-01
2.292360682058518229e-01
2.288542065766794864e-01
2.284737449016589761e-01
2.280946756700407974e-01
2.277169914409508111e-01
2.273406848423265569e-01
2.269710912301669548e-01
2.266125475770894848e-01
2.262594108366234313e-01
2.259074531673934683e-01
2.255566694310155995e-01
2.252070545234186594e-01
2.248586033744284507e-01
2.245113109473593771e-01
2.241651722386130141e-01
2.238201822772838412e-01
2.234763361247710522e-01
2.231336288743973328e-01
2.227920556510344097e-01
2.224516116107344010e-01
2.221122919403674678e-01
2.217740918572660702e-01
2.214370066088745259e-01
2.211010314724051184e-01
2.207661617544993404e-01
2.204323927908951319e-01
2.200997199461001697e-01
2.197681386130691528e-01
2.194376442128884996e-01
2.191102984215999583e-01
2.187978633430892050e-01
2.184864516959426906e-01
2.181760589821851171e-01
2.178666807338880407e-01
2.175583125128191242e-01
2.172509499100957475e-01
2.169445885458472500e-01
2.166392240688791992e-01
2.163348521563464022e-01
2.160314685134291091e-01
2.157394581555221735e-01
2.154490342201306752e-01
2.151595016374620306e-01
2.148708568493978843e-01
2.145830963176374173e-01
2.142962165235086092e-01
2.140102139677818593e-01
2.137250851704861343e-01
2.134408266707291113e-01
2.131574350265180162e-01
2.128749068145848189e-01
2.125932386302129273e-01
2.123124270870668517e-01
2.120324688170242555e-01
2.117533604700102545e-01
2.114750987138344640e-01
2.111976802340301274e-01
2.109211017336953264e-01
2.106453599333373283e-01
2.103704515707179035e-01
2.100963734007019190e-01
2.098231221951075698e-01
2.095506947425586908e-01
2.092790878483396233e-01
2.090082983342510248e-01
2.087383230384692590e-01
2.084691588154063413e-01
2.082044838082526272e-01
2.079456780693385576e-01
2.076887194647783763e-01
2.074340988706747935e-01
2.071802544169248916e-01
2.069271831135821582e-01
2.066787601235679506e-01
2.064354410337385370e-01
2.061928489555109323e-01
2.059509812231100079e-01
2.057098351800727143e-01
2.054694081792558524e-01
2.052314527661349697e-01
2.049951069676744786e-01
2.047594527864952385e-01
2.045244877322353327e-01
2.042902093233000815e-01
2.040566150868591278e-01
2.038237025588419127e-01
2.035914692839329854e-01
2.033599128155662572e-01
2.031290307159190067e-01
2.028988205559048019e-01
2.026692799151659230e-01
2.024404063820653132e-01
2.022121975536771976e-01
2.019846510357780345e-01
2.017577644428365236e-01
2.015315353980024760e-01
2.013059615330961283e-01
2.010810404885958746e-01
2.008567699136263873e-01
2.006331474659457659e-01
2.004101708119319925e-01
2.001878376265694426e-01
1.999661455934342580e-01
1.997450924046800247e-01
1.995246757610225075e-01
1.993048933717239679e-01
1.990857429545768720e-01
1.988672222358884023e-01
1.986493289504626114e-01
1.984320608415838794e-01
1.982154156609993167e-01
1.979993911689000574e-01
1.977839851339045218e-01
1.975691953330381001e-01
1.973550195517159433e-01
1.971414555837220917e-01
1.969285012311910721e-01
1.967161543045876371e-01
1.965044126226866139e-01
1.962932740125525322e-01
1.960827363095190845e-01
1.958727973571684489e-01
1.956634550073090839e-01
1.954547071199554120e-01
1.952465515633058091e-01
1.950389862137206221e-01
1.948320089557001589e-01
1.946256176818623174e-01
1.944198102929204086e-01
1.942145846976596757e-01
1.940099388129156999e-01
1.938058705635499479e-01
1.936023778824275399e-01
1.933994587103934071e-01
1.931971109962489219e-01
1.929953326967278893e-01
1.927941217764734816e-01
1.925934762080130924e-01
1.923933939717349384e-01
1.921938730558638564e-01
1.919949114564367953e-01
1.917965071772781138e-01
1.915986582299751828e-01
1.914013626338537943e-01
1.912046184159531537e-01
1.910084236110009548e-01
1.908127762613883727e-01
1.906176744171454440e-01
1.904231161359152269e-01
1.902290994829287929e-01
1.900383389435406079e-01
1.898494655717239687e-01
1.896611088868399297e-01
1.894732670080344072e-01
1.892859380626619736e-01
1.891024386385005140e-01
1.889259345233062493e-01
1.887498859326245948e-01
1.885742911782934683e-01
1.883991485815484090e-01
1.882244564729367853e-01
1.880502131922329456e-01
1.878764170883545637e-01
1.877030665192798986e-01
1.875301598519665547e-01
1.873576954622709623e-01
1.871856717348689969e-01
1.870140870631780416e-01
1.868429398492796600e-01
1.866748315412273540e-01
1.865082397440149531e-01
1.863420722450212508e-01
1.861763274199194074e-01
1.860110036538034362e-01
1.858460993411048534e-01
1.856816128855101888e-01
1.855175426998793287e-01
1.853538872061647746e-01
1.851906448353325962e-01
1.850278140272832439e-01
1.848653932307743053e-01
1.847033809033439000e-01
1.845417755112345459e-01
1.843805755293187187e-01
1.842197794410246059e-01
1.840593857382636644e-01
1.838993929213573741e-01
1.837397994989671546e-01
1.835806039880227836e-01
1.834218049136540907e-01
1.832634008091204580e-01
1.831053902157446511e-01
1.829477716828441791e-01
1.827905437676656808e-01
1.826337050353191716e-01
1.824772540587130676e-01
1.823211894184903203e-01
1.821655097029643011e-01
1.820102135080574890e-01
1.818552994372384379e-01
1.817007661014611031e-01
1.815466121191040005e-01
1.813928361159109492e-01
1.812394367249312854e-01
1.810864125864620200e-01
1.809337623479896351e-01
1.807814846641328799e-01
1.806295781965867875e-01
1.804780416140663313e-01
1.803268735922512744e-01
1.801760728137316581e-01
1.800256379679535113e-01
1.798755677511661433e-01
1.797258608663680757e-01
1.795776506687757346e-01
1.794363048379519210e-01
1.792952875096527343e-01
1.791545975314706995e-01
1.790142337570246600e-01
1.788741950459135088e-01
1.787344802636688657e-01
1.785950882817101959e-01
1.784560179772979871e-01
1.783172682334905057e-01
1.781788379390974453e-01
1.780407259886373772e-01
1.779029312822930642e-01
1.777654527258694939e-01
1.776282892307501637e-01
1.774914397138552535e-01
1.773549030975998531e-01
1.772186783098525786e-01
1.770827642838944671e-01
1.769471599583788690e-01
1.768118642772907034e-01
1.766768761899075169e-01
1.765421946507592932e-01
1.764078186195903453e-01
1.762764053946224707e-01
1.761486308041226578e-01
1.760211208461029408e-01
1.758938747296387717e-01
1.757668916671970838e-01
1.756401708746148094e-01
1.755137115710784235e-01
1.753875129791039045e-01
1.752615743245160840e-01
1.751358948364286627e-01
1.750104737472238103e-01
1.748853102925333192e-01
1.747604037112177600e-01
1.746357532453474970e-01
1.745113581401833980e-01
1.743872176441572941e-01
1.742633310088529952e-01
1.741396974889873328e-01
1.740163163423911752e-01
1.738931868299911643e-01
1.737703082157904810e-01
1.736476797668510264e-01
1.735253007532747416e-01
1.734031704481862057e-01
1.732812881277133454e-01
1.731596530709708093e-01
1.730382645600415936e-01
1.729171218799595566e-01
1.727962243186920710e-01
1.726755711671222882e-01
1.725551617190325127e-01
1.724349952710867162e-01
1.723150711228137455e-01
1.721953885765903358e-01
1.720759469376244299e-01
1.719567455139388024e-01
1.718377836163545724e-01
1.717190605584744678e-01
1.716005756566672258e-01
1.714823282300508012e-01
1.713643176004771562e-01
1.712465430925159127e-01
1.711290040334385865e-01
1.710116997532032390e-01
1.708946295844389618e-01
1.707777928624301111e-01
1.706611889251016256e-01
1.705448171130032886e-01
1.704286767692949622e-01
1.703127672397318770e-01
1.701970878726492831e-01
1.700816380189481836e-01
1.699664170320806245e-01
1.698522633848650598e-01
1.697452203698469053e-01
1.696383753827178376e-01
1.695317278918926640e-01
1.694252773678560919e-01
1.693190232831501274e-01
1.692129651123621681e-01
1.691071023321131517e-01
1.690014344210457597e-01
1.688959608598125661e-01
1.687906811310646016e-01
1.686855947194396410e-01
1.685807011115509346e-01
1.684759997959756339e-01
1.683714902632434951e-01
1.682671720058258324e-01
1.681630445181246380e-01
1.680591072964604804e-01
1.679553598390632618e-01
1.678518016460597562e-01
1.677484322194637556e-01
1.676452510631649961e-01
1.675422576829186383e-01
1.674394515863346922e-01
1.673368322828678589e-01
1.672343992838063176e-01
1.671321521022625101e-01
1.670300902531620391e-01
1.669282132532338425e-01
1.668265206210003404e-01
1.667250118767669709e-01
1.666236865426127534e-01
1.665225441423798525e-01
1.664215842016642244e-01
1.663208062478062632e-01
1.662202098098799485e-01
1.661197944186846853e-01
1.660195596067347290e-01
1.659195049082505258e-01
1.658196298591490259e-01
1.657199339970343299e-01
1.656204168611884464e-01
1.655210779925628817e-01
1.654219169337682038e-01
1.653229332290661047e-01
1.652241264243604069e-01
1.651254960671875716e-01
1.650270417067085382e-01
1.649287628936994543e-01
1.648306591805434873e-01
1.647327301212218043e-01
1.646349752713051895e-01
1.645373941879455792e-01
