1.143863973514306576e+00
1.035575946839915717e+00
9.887879551017682012e-01
9.516227934533209032e-01
9.213097073707187112e-01
8.957414091895165020e-01
8.730131786513670722e-01
8.531771679248328910e-01
8.356016071221319397e-01
8.195025038563897857e-01
8.062388916863021393e-01
7.943953878984667538e-01
7.832845247498760877e-01
7.731343577449637516e-01
7.635240159254760295e-01
7.543756854635358389e-01
7.455628765834105831e-01
7.370548779373353732e-01
7.288765740158318351e-01
7.209605498604175766e-01
7.132844853529669571e-01
7.058295919953869735e-01
6.985922856289442651e-01
6.916848157483818094e-01
6.849444202752648092e-01
6.783618384523274480e-01
6.719289041051904610e-01
6.656383481260923496e-01
6.596113557758783719e-01
6.539318523378320203e-01
6.483667697040981226e-01
6.429115474910894745e-01
6.375619837126029754e-01
6.323141856594380883e-01
6.271645300097637987e-01
6.221404089639511747e-01
6.172422265766285276e-01
6.124324044663289612e-01
6.077081035988043389e-01
6.030666392921117946e-01
5.985054674092250560e-01
5.940221724758696364e-01
5.896144573645845099e-01
5.852801342623906722e-01
5.810171166987878610e-01
5.768234124569532328e-01
5.726971172269591515e-01
5.686995801498855307e-01
5.647770598791278518e-01
5.609147094739170836e-01
5.571109662191890965e-01
5.533643312433288441e-01
5.496733658313801563e-01
5.460366880138611823e-01
5.424529694037905081e-01
5.389209322583604633e-01
5.354393467448159694e-01
5.320070283926666699e-01
5.286228357164919345e-01
5.252856679953840091e-01
5.219944631965713899e-01
5.187481960320499130e-01
5.155458761381406241e-01
5.123865463688407340e-01
5.092692811946708531e-01
5.061931851994295739e-01
5.031573916679283887e-01
5.001610612583358151e-01
4.972033807532771910e-01
4.942835618843013923e-01
4.914008402247286855e-01
4.885544741462843898e-01
4.857437438352602554e-01
4.829679503642581584e-01
4.802264148158626456e-01
4.775184774548482669e-01
4.748434969457756560e-01
4.722008496130440935e-01
4.695899287406895550e-01
4.670101439093916063e-01
4.644609203683397469e-01
4.619517947438990801e-01
4.596030497024463091e-01
4.572806787884258761e-01
4.549944322094991445e-01
4.527590552504158206e-01
4.505478008553577829e-01
4.483602570745470195e-01
4.461960222899967743e-01
4.440547048266605401e-01
4.419776399297031255e-01
4.399393047093091424e-01
4.379219825714736891e-01
4.359253342486523186e-01
4.339490283420038841e-01
4.319927410499885823e-01
4.300561559103848741e-01
4.281389635549014971e-01
4.262408614756107994e-01
4.243615538024880229e-01
4.225007510913849629e-01
4.206581701218154445e-01
4.188335337039699180e-01
4.170265704944151053e-01
4.152370148199712174e-01
4.134646065092967837e-01
4.117090907317337289e-01
4.099702178430042476e-01
4.082477432373718407e-01
4.065414272059054701e-01
4.048510348005111559e-01
4.031763357034148232e-01
4.015171041018005815e-01
3.998731185673305988e-01
3.982441619402855570e-01
3.966300212180852158e-01
3.950304874479621531e-01
3.934453556235742999e-01
3.918744245853587604e-01
3.903414475833683617e-01
3.888738078970055967e-01
3.874186484924213580e-01
3.859758035184087666e-01
3.845451100475562600e-01
3.831264080086123069e-01
3.817195401210617955e-01
3.803243518318104033e-01
3.789406912538781369e-01
3.775684091070136694e-01
3.762073586601389352e-01
3.748573956755463232e-01
3.735365553764581348e-01
3.722481069759535632e-01
3.709696936519803478e-01
3.697011917091662658e-01
3.684424794481807597e-01
3.671934371254092500e-01
3.659539469137228496e-01
3.647238928643016798e-01
3.635031608694709315e-01
3.622916386265082611e-01
3.610892156023871591e-01
3.598988268735395235e-01
3.587207663709194860e-01
3.575514074973896173e-01
3.563906475594432188e-01
3.552383854539675756e-01
3.540951795352920151e-01
3.529691787801794156e-01
3.518512717877674278e-01
3.507413650918311254e-01
3.496393666494774788e-01
3.485451858146233484e-01
3.474587333120963684e-01
3.463799212123404025e-01
3.453086629067055879e-01
3.442448730833034265e-01
3.432014760788815178e-01
3.421676957132200325e-01
3.411409664435277600e-01
3.401212102881616683e-01
3.391083504135384286e-01
3.381023111135054715e-01
3.371127330938330502e-01
3.361491042388268236e-01
3.352378169230914584e-01
3.343511317306002706e-01
3.334701154186776040e-01
3.325947062417263789e-01
3.317248433577818512e-01
3.308604668126382542e-01
3.300015175243077303e-01
3.291479372678012827e-01
3.282996686602249192e-01
3.274566551461817743e-01
3.266188409834728246e-01
3.258026782033769386e-01
3.249984022108867165e-01
3.241991393598997462e-01
3.234048350321019338e-01
3.226154354000628777e-01
3.218308874140721199e-01
3.210511387892134305e-01
3.202761379926730712e-01
3.195058342312769306e-01
3.187401774392529252e-01
3.179791182662126681e-01
3.172353261212642050e-01
3.165169271290054764e-01
3.158027714957519771e-01
3.150928146573114819e-01
3.143870126798817832e-01
3.136853222497762994e-01
3.129877006633325354e-01
3.122941058169962369e-01
3.116131233441027937e-01
3.109623191660297326e-01
3.103152158993458531e-01
3.096717749832129107e-01
3.090319584049596724e-01
3.083957286910303797e-01
3.077630488980957479e-01
3.071338826043231718e-01
3.065081939008042489e-01
3.058859473831351261e-01
3.052671081431471700e-01
3.046516417607864624e-01
3.040395142961363484e-01
3.034306922815843133e-01
3.028251427141265828e-01
3.022228330478099467e-01
3.016237311863084192e-01
3.010278054756314048e-01
3.004350246969600402e-01
2.998453580596117662e-01
2.992587751941284124e-01
2.986752461454869056e-01
2.980947413664289947e-01
2.975172317109089914e-01
2.969426884276573642e-01
2.963710831538561852e-01
2.958023879089271557e-01
2.952365750884273776e-01
2.946736174580527057e-01
2.941134881477461827e-01
2.935561606459086703e-01
2.930016087937121205e-01
2.924498067795099909e-01
2.919007291333475251e-01
2.913543507215649031e-01
2.908106467414966478e-01
2.902695927162614042e-01
2.897311644896430893e-01
2.891953382210605827e-01
2.886620903806233485e-01
2.881313977442748753e-01
2.876032373890173299e-01
2.870775866882207539e-01
2.865544233070116409e-01
2.860337251977416173e-01
2.855154705955343375e-01
2.849996380139073193e-01
2.844994091281750070e-01
2.840155344467154008e-01
2.835340648177920309e-01
2.830545555322315221e-01
2.825769913887541951e-01
2.821013573752073622e-01
2.816276386654955055e-01
2.811558206165674645e-01
2.806858887654608559e-01
2.802178288264011718e-01
2.797516266879540026e-01
2.792872684102323810e-01
2.788247402221541993e-01
2.783640285187508057e-01
2.779051198585256732e-01
2.774480009608617515e-01
2.769926587034766130e-01
2.765390801199241189e-01
2.760872523971420467e-01
2.756371628730452938e-01
2.751887990341616574e-01
2.747421485133125230e-01
2.742971990873342980e-01
2.738539386748421456e-01
2.734123553340339075e-01
2.729724372605342730e-01
2.725341727852770290e-01
2.720975503724267774e-01
2.716625586173369578e-01
2.712291862445449508e-01
2.707974221058036535e-01
2.703672551781473032e-01
2.699386745619925532e-01
2.695116694792737411e-01
2.690862292716103554e-01
2.686623433985076970e-01
2.682400014355897366e-01
2.678191930728622272e-01
2.673999081130077338e-01
2.669821364697096966e-01
2.665658681660068030e-01
2.661510933326751704e-01
2.657378022066403944e-01
2.653259851294160754e-01
2.649156325455697680e-01
2.645067350012169083e-01
2.640992831425390541e-01
2.636932677143293269e-01
2.632886795585619999e-01
2.628855096129878444e-01
2.624837489097525678e-01
2.620833885740402325e-01
2.616844198227387674e-01
2.612868339631294057e-01
2.608906223915977707e-01
2.604957765923676671e-01
2.601022881362557992e-01
2.597101486794478609e-01
2.593193499622959974e-01
2.589298838081356968e-01
2.585417421221231637e-01
2.581549168900925117e-01
2.577694001774312738e-01
2.573851841279768404e-01
2.570022609629285526e-01
2.566206229797803329e-01
2.562402625512701371e-01
2.558611721243467807e-01
2.554833442191549175e-01
2.551098801962716767e-01
2.547451928167684398e-01
2.543816741606800824e-01
2.540193175916348189e-01
2.536581165368198554e-01
2.532980644861060338e-01
2.529391549911869652e-01
2.525846550201321095e-01
2.522327506849086909e-01
2.518819460111194619e-01
2.515322348237958860e-01
2.511836110067637851e-01
2.508360685018414804e-01
2.504896013080516459e-01
2.501442034808452064e-01
2.497998691313382258e-01
2.494565924255628675e-01
2.491143675837279858e-01
2.487731888794948720e-01
2.484330506392618820e-01
2.480939472414629976e-01
2.477558910008084980e-01
2.474337181925363172e-01
2.471125024302864015e-01
2.467922386799227263e-01
2.464729219527857229e-01
2.461557764623714950e-01
2.458427179530114637e-01
2.455305738373513569e-01
2.452193394866240828e-01
2.449090103119004880e-01
2.445995817635812641e-01
2.442910493308969311e-01
2.439834085414157860e-01
2.436766549605589305e-01
2.433707841911241787e-01
2.430657918728159339e-01
2.427616736817831966e-01
2.424584253301653169e-01
2.421560425656434090e-01
2.418545211709997034e-01
2.415538569636836719e-01
2.412540457953848139e-01
2.409550835516114098e-01
2.406569661512765468e-01
2.403596895462904448e-01
2.400632497211584171e-01
2.397676426925856863e-01
2.394728645090879182e-01
2.391789112506073067e-01
2.388857790281353199e-01
2.385934639833405257e-01
2.383019622882024680e-01
2.380112701446507328e-01
2.377213837842094835e-01
2.374322994676479059e-01
2.371440134846349579e-01
2.368565221534002507e-01
2.365698218203992897e-01
2.362839088599839876e-01
2.359987796740783961e-01
2.357144306918587950e-01
2.354308583694382784e-01
2.351480591895571126e-01
2.348660296612763709e-01
2.345847663196773403e-01
2.343042657255637595e-01
2.340245244651706080e-01
2.337455391498745594e-01
2.334673064159112910e-01
2.331898229240947640e-01
2.329130853595419992e-01
2.326370904314007393e-01
2.323618348725826066e-01
2.320873154394982874e-01
2.318135289117977393e-01
2.315404720921140358e-01
2.312681418058102900e-01
2.309965349007304658e-01
2.307256482469548231e-01
2.304554787365568347e-01
2.301860232833649045e-01
2.299172788227276387e-01
2.296492423112817538e-01
2.293819107267232593e-01
2.291152810675822493e-01
2.288493503530012740e-01
2.285841156225157100e-01
2.283195739358376275e-01
2.280557223726437377e-01
2.277925580323645061e-01
2.275300780339777618e-01
2.272705038828695678e-01
2.270159488328842845e-01
2.267620597378851577e-01
2.265088338539114621e-01
2.262562684546351455e-01
2.260043608311861907e-01
2.257531082919802257e-01
2.255031612339869485e-01
2.252539701382426096e-01
2.250097455763650778e-01
2.247688645987880041e-01
2.245285721809287538e-01
2.242888661846401677e-01
2.240497444832929286e-01
2.238112049616754473e-01
2.235732455158944976e-01
2.233358640532770167e-01
2.230990584922742381e-01
2.228628267623654069e-01
2.226271668039643270e-01
2.223920765683251866e-01
2.221575540174520469e-01
2.219235971240078598e-01
2.216902038712236234e-01
2.214573722528116739e-01
2.212251002728774507e-01
2.209933859458330929e-01
2.207622272963130072e-01
2.205316223590888525e-01
2.203015691789871611e-01
2.200720658108068495e-01
2.198431103192384217e-01
2.196147007787835337e-01
2.193868352736760563e-01
2.191595118978045820e-01
2.189327287546335710e-01
2.187064839571290498e-01
2.184807756276819224e-01
2.182556018980341406e-01
2.180309609092044576e-01
2.178068508114168189e-01
2.175832697640273927e-01
2.173602159354546259e-01
2.171376875031082176e-01
2.169156826533204241e-01
2.166941995812770860e-01
2.164732364909505713e-01
2.162576007878020956e-01
2.160429004311626711e-01
2.158286916118541399e-01
2.156149726102427056e-01
2.154017417154292235e-01
2.151889972251826433e-01
2.149767374458730063e-01
2.147649606924063870e-01
2.145536652881591400e-01
2.143428495649137289e-01
2.141325118627952773e-01
2.139226505302087578e-01
2.137132639237765974e-01
2.135043504082770605e-01
2.132959083565835467e-01
2.130879361496042235e-01
2.128804321762229335e-01
2.126733948332392987e-01
2.124668225253116827e-01
2.122607136648983761e-01
2.120550666722015587e-01
2.118498799751100115e-01
2.116559052928402018e-01
2.114638408670271308e-01
2.112721803647178154e-01
2.110809224544503981e-01
2.108900658112110582e-01
2.106996091163866880e-01
2.105095510577179585e-01
2.103198903292534117e-01
2.101306256313031640e-01
2.099417556703941368e-01
2.097532791592247869e-01
2.095661776511232588e-01
2.093821391569028745e-01
2.091986241774020372e-01
2.090154785214678734e-01
2.088327010089544022e-01
2.086502904653712298e-01
2.084682457218416940e-01
2.082865656150612033e-01
2.081052489872566857e-01
2.079242946861456220e-01
2.077437015648967711e-01
2.075634684820897857e-01
2.073835943016765493e-01
2.072040778929421512e-01
2.070249181304662511e-01
2.068461138940859978e-01
2.066676640688571709e-01
2.064895675450186263e-01
2.063118232179536604e-01
2.061344299881550657e-01
2.059573867611886877e-01
2.057806924476571764e-01
2.056043459631659021e-01
2.054283462282868178e-01
2.052526921685245698e-01
2.050773827142821359e-01
2.049024168008270197e-01
2.047277933682576934e-01
2.045535113614705136e-01
2.043795697301264980e-01
2.042059674286195448e-01
2.040327034160432929e-01
2.038597766561601743e-01
2.036871861173696063e-01
2.035149307726761558e-01
2.033430582460842018e-01
2.031733453335030914e-01
2.030039597391443684e-01
2.028349005349301959e-01
2.026661667963382818e-01
2.024977576023811732e-01
2.023296720355862166e-01
2.021619091819742142e-01
2.019944681310402446e-01
2.018273479757325961e-01
2.016605478124342266e-01
2.014940667409421404e-01
2.013279038644484875e-01
2.011620582895211895e-01
2.009965291260848164e-01
2.008313419980936598e-01
2.006703920017313680e-01
2.005097409620429927e-01
2.003493880782622194e-01
2.001893325523399492e-01
2.000295735889306148e-01
1.998738845750857862e-01
1.997195364080741053e-01
1.995654577954542319e-01
1.994116480845752049e-01
1.992581066246354449e-01
1.991048327666761208e-01
1.989518258635735171e-01
1.987990852700331768e-01
1.986466103425827412e-01
1.984944004395652051e-01
1.983424549211326715e-01
1.981907731492396074e-01
1.980393544876362655e-01
1.978881983018624668e-01
1.977373039592412729e-01
1.975866708288722684e-01
1.974362982816256218e-01
1.972861856901358402e-01
1.971363324287956353e-01
1.969867378737493735e-01
1.968374014028879682e-01
1.966883223958416915e-01
1.965395002339747899e-01
1.963909343003797381e-01
1.962426239798709671e-01
1.960945686589793402e-01
1.959467677259457974e-01
1.957992205707163869e-01
1.956519265849357980e-01
1.955048851619420880e-01
1.953580956967612414e-01
1.952115575861010921e-01
1.950652702283459938e-01
1.949192330235513804e-01
1.947734453734381033e-01
1.946279066813871861e-01
1.944826163524343288e-01
1.943375737932645786e-01
1.941927784122066958e-01
1.940482296192285738e-01
1.939039268259309945e-01
1.937598694455434367e-01
1.936160568929181369e-01
1.934724885845248432e-01
1.933291639384467631e-01
1.931860823743740130e-01
1.930432433135994275e-01
1.929006461790135629e-01
1.927582903950992022e-01
1.926161753879269412e-01
1.924743005851496380e-01
1.923326654159978333e-01
1.921912693112750870e-01
1.920501117033526495e-01
1.919091920261648820e-01
1.917685097152044549e-01
1.916280642075174068e-01
1.914878549416987319e-01
1.913478813578872173e-01
1.912081428977610853e-01
1.910686390045330252e-01
