5.186906147583392190e+00
1.432055875284018009e+00
9.533865181050956705e-01
8.728012661632941205e-01
8.059719280300374766e-01
7.529929668169985657e-01
7.094587055514798291e-01
6.749339967826479825e-01
6.469902090145057683e-01
6.237259821134492066e-01
6.035973234203806381e-01
5.859558677814710181e-01
5.708991768229657593e-01
5.576005318139702904e-01
5.455753509630548725e-01
5.350685015224494467e-01
5.262649118288398320e-01
5.182693992548267348e-01
5.109976394851624137e-01
5.042130933680535332e-01
4.976409640069608398e-01
4.912605972335884474e-01
4.850912339922388017e-01
4.793692182633764731e-01
4.737872641018421871e-01
4.683386235540568654e-01
4.630172120331931818e-01
4.578174822874317429e-01
4.527343319482419748e-01
4.478244312434941365e-01
4.430374829197225583e-01
4.383702787234204923e-01
4.338007920150759866e-01
4.293323084562106762e-01
4.250336473793484005e-01
4.208155968837061778e-01
4.166846105538885014e-01
4.127188201724423799e-01
4.088221575049204581e-01
4.049925223324101209e-01
4.013200498177203479e-01
3.977384871658828369e-01
3.942116665680417409e-01
3.907527745485864790e-01
3.873645419027477721e-01
3.840257618865141609e-01
3.807498036006656261e-01
3.776101611501410660e-01
3.745122463225508680e-01
3.714553472114671129e-01
3.684387613208052192e-01
3.654617963674542946e-01
3.625237708881874910e-01
3.596240146848859731e-01
3.567618691366256090e-01
3.539366874025107190e-01
3.511478345352119779e-01
3.483946875218499328e-01
3.456766352660711750e-01
3.429930785228298973e-01
3.403434297954138765e-01
3.377271132026150591e-01
3.352190009961556472e-01
3.327706209432650386e-01
3.303513663240700837e-01
3.279602466716672882e-01
3.255968091751296201e-01
3.232606104198352814e-01
3.209512161780769257e-01
3.186790754172074136e-01
3.164517030292812172e-01
3.143188756447503618e-01
3.122456875455402736e-01
3.101922548472260677e-01
3.081583530122963266e-01
3.061757581650889626e-01
3.042125009756463938e-01
3.022675328802827410e-01
3.003406552825390041e-01
2.984316714461127118e-01
2.965403865158215413e-01
2.946768661607865880e-01
2.928367368965646977e-01
2.910138940223674919e-01
2.892081349651491884e-01
2.874192597536301408e-01
2.856470709961806409e-01
2.838913738576292478e-01
2.821519760351677841e-01
2.804286877334986050e-01
2.787213216393522042e-01
2.770296928954831817e-01
2.753536190742404965e-01
2.736929201507932730e-01
2.720474184760846570e-01
2.704169387495748422e-01
2.688013079918287751e-01
2.672003555169947253e-01
2.656139129052180192e-01
2.640418139750232984e-01
2.625248866321476804e-01
2.610364601491584891e-01
2.595605658058156018e-01
2.580970792823777393e-01
2.566458774077156058e-01
2.552068381639719941e-01
2.537798406900433346e-01
2.523647652839652311e-01
2.509614934042809220e-01
2.495699076704696040e-01
2.481898918624972361e-01
2.468213309195563254e-01
2.454641109380523711e-01
2.441181191688916174e-01
2.427949215768441527e-01
2.414902028920509480e-01
2.401959155125901191e-01
2.389119601012966998e-01
2.376382382980988528e-01
2.363746527161365296e-01
2.351211069375052087e-01
2.338775055086501353e-01
2.326626777514916589e-01
2.314693413318897608e-01
2.302849198353112692e-01
2.291093385365994273e-01
2.279425232280601066e-01
2.267844002244945312e-01
2.256348963677408670e-01
2.244939390307456040e-01
2.233614561211819949e-01
2.222373760846410307e-01
2.211216279074065538e-01
2.200141411188402396e-01
2.189148457933894620e-01
2.178292479508643076e-01
2.167608919186177208e-01
2.157003947121572951e-01
2.146476870898218758e-01
2.136027004795496009e-01
2.125653669742479379e-01
2.115356193270588880e-01
2.105133909465271846e-01
2.095080861197713695e-01
2.085118053676827121e-01
2.075228521907102330e-01
2.065411578226412914e-01
2.055666543155709181e-01
2.045992745285983572e-01
2.036389521166621086e-01
2.026856215195116662e-01
2.017392179508179784e-01
2.007996773874226870e-01
1.998669365587248947e-01
1.989409329362057943e-01
1.980216047230920762e-01
1.971088908441550880e-01
1.962058544511777192e-01
1.953151268312455502e-01
1.944305808164548399e-01
1.935521642431441702e-01
1.926798254674819966e-01
1.918135133601849007e-01
1.909531773012476397e-01
1.900987671746867391e-01
1.892502333633011291e-01
1.884075267434524859e-01
1.875705986798677782e-01
1.867402424953409079e-01
1.859311377389989972e-01
1.851273298862874672e-01
1.843287789869503812e-01
1.835354454105531941e-01
1.827472898446477756e-01
1.819642732928976880e-01
1.811863570731626627e-01
1.804135028155519904e-01
1.796456724604425792e-01
1.788828282564712546e-01
1.781249327584981390e-01
1.773719488255495746e-01
1.766238396187373161e-01
1.758805685991599865e-01
1.751420995257889912e-01
1.744083964533378883e-01
1.736794237301206023e-01
1.729650585845980693e-01
1.722583113949413269e-01
1.715560269930671011e-01
1.708581719181763159e-01
1.701647130050321366e-01
1.694756173809572608e-01
1.687908524628577989e-01
1.681103859542752155e-01
1.674341858424655549e-01
1.667622203955075877e-01
1.660944581594374081e-01
1.654308679554135630e-01
1.647714188769086319e-01
1.641160802869303104e-01
1.634648218152705279e-01
1.628176133557830696e-01
1.621744250636900087e-01
1.615352273529154226e-01
1.608999908934490297e-01
1.602686866087375817e-01
1.596412856731028174e-01
1.590177595091906704e-01
1.583980797854449285e-01
1.577822184136115358e-01
1.571701475462686515e-01
1.565618395743857416e-01
1.559572671249079279e-01
1.553564030583699795e-01
1.547592204665349247e-01
1.541656926700611385e-01
1.535757932161944672e-01
1.529894958764880797e-01
1.524067746445472160e-01
1.518276037338003870e-01
1.512519575752959144e-01
1.506798108155245897e-01
1.501111383142654521e-01
1.495459151424592958e-01
1.489841165801042144e-01
1.484258274340316264e-01
1.478709261412242959e-01
1.473193763232815978e-01
1.467711540704062512e-01
1.462262356718692646e-01
1.456845976140448418e-01
1.451462165784683511e-01
1.446110694399158070e-01
1.440791332645071920e-01
1.435503853078315961e-01
1.430248030130924775e-01
1.425023640092778210e-01
1.419830461093482543e-01
1.414668273084487005e-01
1.409536857821395428e-01
1.404435998846488565e-01
1.399365481471443462e-01
1.394325092760270723e-01
1.389314621512418579e-01
1.384333858246108162e-01
1.379382595181833093e-01
1.374460626226066962e-01
1.369567746955150100e-01
1.364703754599365382e-01
1.359868448027196641e-01
1.355061627729765295e-01
1.350283095805451250e-01
1.345532655944684797e-01
1.340810113414910854e-01
1.336177473116827996e-01
1.331617750480413032e-01
1.327083613478496349e-01
1.322574898208028760e-01
1.318091441890626159e-01
1.313633082865220125e-01
1.309199660580755431e-01
1.304791015588883940e-01
1.300406989536717073e-01
1.296047425159578825e-01
1.291712166273803197e-01
1.287401057769544666e-01
1.283113945603642225e-01
1.278850676792475105e-01
1.274611099404891201e-01
1.270395062555130239e-01
1.266202416395799946e-01
1.262053333870238603e-01
1.257969943214872210e-01
1.253908889861922726e-01
1.249870031844595442e-01
1.245853228203980534e-01
1.241858338981432219e-01
1.237885225210980100e-01
1.233933748911811290e-01
1.230003773080813601e-01
1.226095161685155782e-01
1.222207779654950199e-01
1.218345124168928179e-01
1.214590526445777086e-01
1.210855540513387091e-01
1.207140048090867973e-01
1.203443931696505931e-01
1.199767074641958919e-01
1.196109361026503476e-01
1.192470675731307078e-01
1.188850904413754628e-01
1.185249933501805047e-01
1.181667650188389512e-01
1.178103942425858669e-01
1.174558698920459970e-01
1.171031809126860529e-01
1.167523163242704110e-01
1.164032652203214196e-01
1.160560167675832172e-01
1.157105602054892962e-01
1.153668848456343154e-01
1.150249800712499770e-01
1.146848353366834716e-01
1.143464401668819047e-01
1.140097841568780690e-01
1.136748569712819484e-01
1.133416483437751227e-01
1.130101480766087935e-01
1.126803460401056278e-01
1.123522321721658890e-01
1.120257964777761350e-01
1.117010290285225110e-01
1.113779199621073718e-01
1.110564594818691103e-01
1.107366378563061082e-01
1.104184454186040165e-01
1.101018725661663394e-01
1.097869097601491539e-01
1.094735475249987988e-01
1.091617764479926311e-01
1.088515871787846256e-01
1.085429704289524594e-01
1.082359169715501335e-01
1.079304176406620519e-01
1.076264633309616248e-01
1.073240449972725219e-01
1.070231536541339235e-01
1.067237803753685044e-01
1.064259162936539022e-01
1.061295526000969186e-01
1.058346805438122457e-01
1.055412914315026346e-01
1.052493766270437975e-01
1.049589275510708353e-01
1.046699356805703696e-01
1.043823925484720222e-01
1.040962897432467782e-01
1.038116189085060842e-01
1.035283717426042083e-01
1.032465399982448601e-01
1.029661154820891017e-01
1.026870900543676579e-01
1.024094556284955021e-01
1.021332041706890237e-01
1.018583276995873727e-01
1.015848182858747617e-01
1.013126680519078060e-01
1.010418691713438899e-01
1.007724138687732807e-01
1.005042944193540733e-01
1.002375031484494528e-01
9.997203243126780159e-02
9.970787469250597113e-02
9.944502240599484288e-02
9.918572858653647295e-02
9.892804240887309586e-02
9.867160737021042627e-02
9.841641642331334927e-02
9.816246256581613594e-02
9.790973883990730653e-02
9.765823833201910109e-02
9.740795417251801869e-02
9.715887953539757704e-02
9.691100763797405593e-02
9.666433174058380873e-02
9.641884514628323855e-02
9.617454120055078659e-02
9.593141329099044712e-02
9.568945484703957061e-02
9.544865933967594529e-02
9.520902028112938897e-02
9.497053122459417351e-02
9.473318576394428037e-02
9.449697753344986351e-02
9.426190020749714016e-02
9.402794750030891990e-02
9.379511316566822854e-02
9.356339099664350012e-02
9.333277482531605884e-02
9.310325852250890544e-02
9.287483599751882035e-02
9.264948432860467542e-02
9.242742794592267996e-02
9.220639980278462489e-02
9.198639437994916845e-02
9.177606904624817374e-02
9.156835667905546816e-02
9.136157860073122750e-02
9.115572995291464087e-02
9.095080590582142743e-02
9.074680165806107979e-02
9.054371243645510658e-02
9.034153349585689885e-02
9.014026011897113833e-02
8.993988761617678629e-02
8.974041132534897602e-02
8.954182661168361146e-02
8.934412886752206295e-02
8.914731351217730637e-02
8.895137599176164422e-02
8.875631177901424640e-02
8.856403044651085799e-02
8.837414384391613364e-02
8.818508165667957033e-02
8.799683979166454673e-02
8.780941417853188602e-02
8.762280076960211883e-02
8.743699553971684413e-02
8.725199448610156117e-02
8.706779362822995860e-02
8.688438900768791218e-02
8.670177668803881466e-02
8.651995275469016866e-02
8.633891331476070685e-02
8.615865449694758149e-02
8.597917245139602427e-02
8.580046334956835385e-02
8.562278049184122997e-02
8.544613922501206882e-02
8.527025429593455830e-02
8.509512201132564402e-02
8.492073869814195652e-02
8.474710070345778390e-02
8.457420439434297499e-02
8.440204615774217489e-02
8.423062240035432413e-02
8.405992954851411458e-02
8.388996404807205765e-02
8.372072236427785530e-02
8.355220098166268872e-02
8.338439640392225627e-02
8.321730515380243443e-02
8.305092377298349537e-02
8.288524882196605936e-02
8.272027687995746337e-02
8.255600454475954530e-02
8.239242843265655314e-02
8.222954517830347032e-02
8.206735143461563187e-02
8.190584387265911759e-02
8.174501918154149227e-02
8.158487406830292055e-02
8.142540525780921079e-02
8.126660949264394307e-02
8.110848353300249836e-02
8.095102415658647632e-02
8.079422815849844619e-02
8.063809235113741924e-02
8.048321808727536275e-02
8.033009383177984464e-02
8.017760985913571781e-02
8.002576308026035368e-02
7.987455042317535836e-02
7.972396883289756264e-02
7.957401527133113606e-02
7.942468671715989526e-02
7.927598016574115281e-02
7.912789262899870557e-02
7.898042113531961173e-02
7.883356272944785914e-02
7.868731447238211385e-02
7.854167344127235828e-02
7.839663672931759808e-02
7.825220144566501224e-02
7.810836471530892278e-02
7.796512367899052776e-02
7.782247549309977142e-02
7.768041732957534085e-02
7.753894637580827087e-02
7.739805983454373095e-02
7.725775492378532394e-02
7.711802887669873263e-02
7.697887894151743404e-02
7.684030238144738678e-02
7.670229647457441069e-02
7.656485851376981788e-02
7.642798580659937446e-02
7.629167567523072180e-02
7.615602185588769835e-02
7.602112873126626313e-02
7.588678584407598793e-02
7.575299061640133891e-02
7.561974048411469751e-02
7.548703289679099815e-02
7.535486531762311535e-02
7.522323522333788925e-02
7.509214010411292828e-02
7.496157746349316198e-02
7.483154481830930904e-02
7.470203969859591508e-02
7.457305964751005656e-02
7.444460222125122428e-02
7.431666498898154005e-02
7.418924553274570954e-02
7.406234144739293201e-02
7.393595034049815773e-02
7.381006983228501073e-02
7.368469755554778178e-02
7.355983115557564178e-02
7.343546829007624455e-02
7.331160662910037040e-02
7.318824385496651430e-02
7.306558840872179328e-02
7.294383986996925973e-02
7.282257986116295878e-02
7.270180612594867586e-02
7.258151641990989722e-02
7.246170851049434092e-02
7.234238017694065437e-02
7.222352921020606942e-02
7.210515341289348845e-02
7.198759736163586054e-02
7.187120931259541323e-02
7.175528060423737309e-02
7.163980916869469584e-02
7.152479294863740844e-02
7.141022989721039493e-02
7.129611797797082151e-02
7.118245516482689383e-02
7.106923944197626741e-02
7.095646880384562372e-02
7.084414125503009363e-02
7.073225481023329153e-02
7.062080749420775183e-02
7.050979734169648960e-02
7.039922239737309018e-02
7.028908071578447714e-02
7.017937036129306971e-02
7.007008940801857932e-02
6.996123593978180455e-02
6.985280805004741300e-02
6.974480384186783344e-02
6.963722142782780011e-02
6.953005892998846693e-02
6.942331447983235426e-02
6.931698621820872597e-02
6.921107229527971583e-02
6.910557087046549640e-02
6.900048011239157120e-02
6.889579819883512313e-02
6.879152331667248710e-02
6.868765366182624788e-02
6.858418743921354532e-02
6.848112286269432414e-02
6.837845815501955582e-02
6.827619154778080679e-02
6.817432128135922365e-02
6.807284560487476821e-02
6.797176277613738160e-02
6.787107106159608050e-02
6.777076873628996856e-02
6.767085408380023315e-02
6.757132539620033795e-02
6.747218097400779768e-02
6.737341912613689643e-02
6.727503816985030971e-02
6.717703643071248898e-02
6.707941224254163060e-02
6.698333841853264248e-02
6.688777787591439206e-02
6.679258030296984783e-02
6.669774412436708932e-02
6.660326777249553354e-02
6.650914968742265010e-02
6.641538831684999644e-02
6.632198211606948890e-02
6.622892954792013176e-02
6.613622908274549572e-02
6.604387919835072451e-02
6.595187837996017988e-02
6.586022512017537800e-02
6.576891791893382799e-02
6.567795528346639933e-02
6.558733572825717340e-02
6.549705777500229587e-02
6.540711995256855149e-02
6.531752079695414548e-02
6.522825885124793055e-02
6.513933266558988300e-02
6.505074079713117630e-02
6.496248180999524002e-02
6.487455427523881879e-02
6.478695677081287851e-02
6.469968788152431760e-02
6.461274619899770588e-02
6.452613032163717621e-02
6.443983885458902383e-02
6.435387040970400041e-02
6.426822360550003832e-02
6.418289706712543286e-02
6.409788942632196895e-02
6.401319932138854751e-02
6.392882539714475620e-02
6.384476630489530069e-02
6.376102070239365871e-02
6.367758725380699703e-02
6.359446462968072755e-02
6.351165150690321615e-02
6.342914656867162937e-02
6.334694850445618530e-02
