7.865659068002568421e-01
7.520814573656351421e-01
7.369786366137759392e-01
7.240357649292562536e-01
7.137652202096518295e-01
7.052064933992102658e-01
6.980735403220647006e-01
6.915579059895595737e-01
6.850758957728957377e-01
6.786797249355926986e-01
6.723624166913394484e-01
6.661372411627033419e-01
6.600128202404930144e-01
6.539943915020097753e-01
6.480847410451445745e-01
6.422848912778946762e-01
6.368331939834603883e-01
6.315069589801949324e-01
6.262819994801219758e-01
6.211563377310082013e-01
6.161277279139649732e-01
6.111937603675210440e-01
6.063519368821631561e-01
6.015997246847110125e-01
5.969345947488312598e-01
5.923540485994585048e-01
5.878736239705165678e-01
5.836555696898884094e-01
5.796888459898478230e-01
5.757855020918628552e-01
5.719438062484117902e-01
5.681620852413776790e-01
5.644387238739833057e-01
5.607846464640540152e-01
5.572128279106590698e-01
5.536938056175543243e-01
5.502262850395384097e-01
5.468090129128154731e-01
5.434407759693754558e-01
5.401203996201576762e-01
5.368467466318135317e-01
5.336187158145551113e-01
5.304352407331875963e-01
5.272952884494976900e-01
5.241978583012942838e-01
5.211419807213336641e-01
5.181267160978472175e-01
5.151511536773444311e-01
5.122144105095804978e-01
5.093156304340825669e-01
5.064539831072479847e-01
5.036286630688082688e-01
5.008388888463046751e-01
4.980839020961347341e-01
4.953629667797020963e-01
4.926753683731921463e-01
4.900605868093437234e-01
4.874919694661632996e-01
4.849532238109917071e-01
4.824437494982721231e-01
4.799629630958624493e-01
4.775102975165775865e-01
4.750852014712409477e-01
4.726871389423442094e-01
4.703155886774396111e-01
4.679700437014407965e-01
4.656500108470367216e-01
4.633550103024647870e-01
4.610845751759214961e-01
4.588382510759275723e-01
4.566155957069873983e-01
4.544704818107465072e-01
4.523920057477221479e-01
4.503343074187936557e-01
4.482970266513200963e-01
4.462798124176807213e-01
4.442823225525320274e-01
4.423708336249942419e-01
4.405068799112353828e-01
4.386602491286199501e-01
4.368306585778629070e-01
4.350178324715188727e-01
4.332215017269617774e-01
4.314414037660742052e-01
4.296772823214209391e-01
4.279504279229058850e-01
4.262573604315848530e-01
4.245791837240920352e-01
4.229156628181851008e-01
4.212665684645190978e-01
4.196316769701012306e-01
4.180107700278823946e-01
4.164036345522538762e-01
4.148100625202191249e-01
4.132298508180280439e-01
4.116628010930640791e-01
4.101087196107883193e-01
4.085674171165508128e-01
4.070387087020845285e-01
4.055224136765132048e-01
4.040183554417004497e-01
4.025263613717855460e-01
4.010462626967475908e-01
3.995778943898544155e-01
3.981210950588536246e-01
3.966757068407697484e-01
3.952415753001778387e-01
3.938185493308293816e-01
3.924064810605078502e-01
3.910052257590027058e-01
3.896146417490865543e-01
3.882345903203910931e-01
3.868649356460806543e-01
3.855055447022214810e-01
3.841562871897563070e-01
3.828170354589875424e-01
3.814876644364875724e-01
3.801680515543476302e-01
3.788580766816846412e-01
3.775576220583294895e-01
3.762665722306202110e-01
3.749848139892267840e-01
3.737122363089404598e-01
3.724487302903578545e-01
3.711941891033956886e-01
3.699485079325746106e-01
3.687115839240117654e-01
3.674833161340624876e-01
3.662636054795581630e-01
3.650523546895833027e-01
3.638494682587435358e-01
3.626548524018703423e-01
3.614684150101177273e-01
3.602900656084030984e-01
3.591197153141456599e-01
3.579572767972631908e-01
3.568026642413801852e-01
3.556557933062133303e-01
3.545165810910878013e-01
3.533849460995546199e-01
3.522608082050671108e-01
3.511440886176844800e-01
3.500347098517684330e-01
3.489325956946379703e-01
3.478376711761556050e-01
3.467498625392094747e-01
3.456887483023221019e-01
3.446382150526685617e-01
3.435941302294226452e-01
3.425564318577672962e-01
3.415250589212364130e-01
3.404999513393416333e-01
3.394810499458585373e-01
3.384682964677501738e-01
3.374616335047077031e-01
3.364610045092882307e-01
3.354663537676289553e-01
3.344776263807203720e-01
3.334947682462194307e-01
3.325177260407856661e-01
3.315464472029229226e-01
3.305808799163105216e-01
3.296209730936081050e-01
3.286666763607195008e-01
3.277179400414996224e-01
3.267747151428908592e-01
3.258369533404762985e-01
3.249046069644345724e-01
3.239776289858847802e-01
3.230559730036089428e-01
3.221395932311399979e-01
3.212284444842031794e-01
3.203224821685015655e-01
3.194216622678312523e-01
3.185259413325211564e-01
3.176352764681815155e-01
3.167496253247559235e-01
3.158689460858656317e-01
3.149931974584363470e-01
3.141223386626001424e-01
3.132563294218637662e-01
3.123951299535337456e-01
3.115387009593927337e-01
3.106870036166171078e-01
3.098399995689295472e-01
3.090050723718185122e-01
3.081758450034060570e-01
3.073510003628386889e-01
3.065568380771037660e-01
3.057857929696940480e-01
3.050185447680430761e-01
3.042550672434530257e-01
3.034953344346035808e-01
3.027393206428052874e-01
3.019870004273832453e-01
3.012596903938967730e-01
3.005408515274787806e-01
2.998253730031152919e-01
2.991132331600718786e-01
2.984044105360969534e-01
2.976988838642065649e-01
2.969966320695534567e-01
2.962976342663777851e-01
2.956018697550373275e-01
2.949093180191143526e-01
2.942303085882715941e-01
2.935720600052582618e-01
2.929167121182738587e-01
2.922642476446306037e-01
2.916146494389104116e-01
2.909679004910550315e-01
2.903239839245018161e-01
2.896828829943665640e-01
2.890445810856713260e-01
2.884090617116155664e-01
2.877763085118889008e-01
2.871463052510251912e-01
2.865190358167955531e-01
2.858944842186396662e-01
2.852726345861341661e-01
2.846534711674968410e-01
2.840369783281251892e-01
2.834231405491692835e-01
2.828119424261361092e-01
2.822033686675268771e-01
2.815974040935035339e-01
2.809940336345861378e-01
2.803932423303775456e-01
2.797970180628687742e-01
2.792097836219897267e-01
2.786250997085748526e-01
2.780429512783302859e-01
2.774633233927231157e-01
2.768940750281078111e-01
2.763377699530022436e-01
2.757837905170681947e-01
2.752321235667010701e-01
2.746827560339252239e-01
2.741356749357213851e-01
2.735908673733625784e-01
2.730483205317582596e-01
2.725080216788066667e-01
2.719699581647554432e-01
2.714341174215693653e-01
2.709004869623067857e-01
2.703690543805020163e-01
2.698398073495570371e-01
2.693127336221378676e-01
2.687878210295802650e-01
2.682650574813003064e-01
2.677444309642127984e-01
2.672259295421562375e-01
2.667095413553225436e-01
2.661952546196955649e-01
2.656830576264933019e-01
2.651729387416179584e-01
2.646648864051103223e-01
2.641588891306109188e-01
2.636549355048264376e-01
2.631530141870013217e-01
2.626531139083959077e-01
2.621552234717678953e-01
2.616593317508609795e-01
2.611654276898977556e-01
2.606735003030768438e-01
2.601835386740763978e-01
2.596955319555613317e-01
2.592094693686959328e-01
2.587253402026603588e-01
2.582438078370271617e-01
2.577793416911648428e-01
2.573167166537713157e-01
2.568559225429868365e-01
2.563969492402558559e-01
2.559397866898994178e-01
2.554844248986937738e-01
2.550308539354507742e-01
2.545790639306029779e-01
2.541290450757923702e-01
2.536807876234616899e-01
2.532342818864509182e-01
2.527895182375955452e-01
2.523464871093292761e-01
2.519051789932900687e-01
2.514655844399283913e-01
2.510276940581198102e-01
2.505914985147805751e-01
2.501569885344859245e-01
2.497241548990914162e-01
2.492929884473579494e-01
2.488634800745787301e-01
2.484356207322104271e-01
2.480094014275059100e-01
2.475848132231509013e-01
2.471618472369027930e-01
2.467404946412321276e-01
2.463207466629676601e-01
2.459025945829430015e-01
2.454860297356466214e-01
2.450710435088742645e-01
2.446576273433840598e-01
2.442457727325539063e-01
2.438354712220413278e-01
2.434267144094464930e-01
2.430194939439765667e-01
2.426138015261140590e-01
2.422096289072852848e-01
2.418069678895336527e-01
2.414058103251935095e-01
2.410061481165671204e-01
2.406079732156038986e-01
2.402112776235812430e-01
2.398160533907882364e-01
2.394222926162118403e-01
2.390299874472241737e-01
2.386391300792729819e-01
2.382497127555736893e-01
2.378617277668035601e-01
2.374751674507987187e-01
2.370900241922515861e-01
2.367191575573984186e-01
2.363692726760010243e-01
2.360237717769203547e-01
2.356794111857714591e-01
2.353452635568367701e-01
2.350170342494727338e-01
2.346898929389834576e-01
2.343638344812084273e-01
2.340388537557226978e-01
2.337149456657989788e-01
2.333921051383681666e-01
2.330703271239767393e-01
2.327496065967452343e-01
2.324299385543225627e-01
2.321113180178412949e-01
2.317937400318698382e-01
2.314771996643641416e-01
2.311616920066178749e-01
2.308472121732116078e-01
2.305337553019602415e-01
2.302213165538595785e-01
2.299098911130321166e-01
2.295994741866706212e-01
2.292900610049817267e-01
2.289816468211278433e-01
2.286742269111684822e-01
2.283796802229997869e-01
2.280894522629234311e-01
2.278000680039697912e-01
2.275115238691033381e-01
2.272238162956554952e-01
2.269369417353271079e-01
2.266508966541904424e-01
2.263656775326889081e-01
2.260812808656361417e-01
2.257977031622131758e-01
2.255149409459647480e-01
2.252329907547938603e-01
2.249518491409553123e-01
2.246715126710482069e-01
2.243919779260066805e-01
2.241132415010902157e-01
2.238353000058720954e-01
2.235581500642271902e-01
2.232817883143182747e-01
2.230062114085821778e-01
2.227333380674809959e-01
2.224706765903115002e-01
2.222087117134025624e-01
2.219474406038615677e-01
2.216868604402454923e-01
2.214328997614198880e-01
2.211797625373161658e-01
2.209272470778914088e-01
2.206753511223980557e-01
2.204240724174975352e-01
2.201734087172841914e-01
2.199233577833069331e-01
2.196739173845903004e-01
2.194250852976545874e-01
2.191768593065346604e-01
2.189292372027971945e-01
2.186822167855579091e-01
2.184357958614969175e-01
2.181899722448734924e-01
2.179447437575391944e-01
2.177001082289515277e-01
2.174560634961846539e-01
2.172126074039408550e-01
2.169697378045598313e-01
2.167274525580286104e-01
2.164857495319883751e-01
2.162446266017428453e-01
2.160040816502641348e-01
2.157641125681985239e-01
2.155247172538712341e-01
2.152858936132906742e-01
2.150476395601510771e-01
2.148099530158358028e-01
2.145756106756389892e-01
2.143443087613245701e-01
2.141135461324518430e-01
2.138833207849754059e-01
2.136536307232089205e-01
2.134244739598084584e-01
2.131958485157553485e-01
2.129677524203376637e-01
2.127401837111330685e-01
2.125131404339895280e-01
2.122866206430073788e-01
2.120606224005193441e-01
2.118351437770717161e-01
2.116101828514043159e-01
2.113857377104303437e-01
2.111618064492161717e-01
2.109383871709603897e-01
2.107154779869734040e-01
2.104930770166551779e-01
2.102711823874751085e-01
2.100497922349485458e-01
2.098289047026162535e-01
2.096085179420215383e-01
2.093886301126876848e-01
2.091692393820950291e-01
2.089503439256584216e-01
2.087319419267038290e-01
2.085140315764449082e-01
2.082966110739592203e-01
2.080796786261648879e-01
2.078632324477962257e-01
2.076472707613796487e-01
2.074317917972093306e-01
2.072167937933226400e-01
2.070022749954756325e-01
2.067882336571178481e-01
2.065746680393676649e-01
2.063615764109869022e-01
2.061489570483556744e-01
2.059368082354466611e-01
2.057251282637998779e-01
2.055139154324970852e-01
2.053031680481352261e-01
2.050928844248015026e-01
2.048830628840465073e-01
2.046737017548586335e-01
2.044647993736373459e-01
2.042563540841671466e-01
2.040483642375911233e-01
2.038408281923843046e-01
2.036337443143270420e-01
2.034271109764782537e-01
2.032209265591489455e-01
2.030151894498751775e-01
2.028098980433907794e-01
2.026050507416012614e-01
2.024006459535557800e-01
2.021966820954209376e-01
2.019931575904530263e-01
2.017900708689709943e-01
2.015874203683293286e-01
2.013852045328908269e-01
2.011834218139989805e-01
2.009820706699509962e-01
2.007811495659702072e-01
2.005806569741784562e-01
2.003805913735693667e-01
2.001809512499801158e-01
1.999817350960642892e-01
1.997829414112647362e-01
1.995845687017851755e-01
1.993866154805636892e-01
1.991890802672446059e-01
1.989919615881510506e-01
1.987952579762577443e-01
1.985989679711630818e-01
1.984030901190616258e-01
1.982076229727172123e-01
1.980125650914344448e-01
1.978179150410323828e-01
1.976236713938154810e-01
1.974298327285481103e-01
1.972363976304255528e-01
1.970433646910469128e-01
1.968507325083884429e-01
1.966584996867751234e-01
1.964666648368540713e-01
1.962752265755668135e-01
1.960841835261222799e-01
1.958935343179692146e-01
1.957032775867692809e-01
1.955134119743693610e-01
1.953239361287752440e-01
1.951348487041237312e-01
1.949461483606558243e-01
1.947578337646896085e-01
1.945699035885935235e-01
1.943823565107590523e-01
1.941951912155742699e-01
1.940084063933966152e-01
1.938220007405261069e-01
1.936359729591788092e-01
1.934503217574598255e-01
1.932650458493371526e-01
1.930801439546146470e-01
1.928956147989055736e-01
1.927114571136063492e-01
1.925276696358698136e-01
1.923442511085791118e-01
1.921612002803212982e-01
1.919785159053612189e-01
1.917961967436153103e-01
1.916142415606252591e-01
1.914326491275322173e-01
1.912514182210510727e-01
1.910705476234437483e-01
1.908900361224942777e-01
1.907098825114827423e-01
1.905300855891588763e-01
1.903506441597176135e-01
1.901715570327727478e-01
1.899928230233317861e-01
1.898144409517702746e-01
1.896364096438069302e-01
1.894587279304777994e-01
1.892813946481116671e-01
1.891044086383043554e-01
1.889277687478943535e-01
1.887514738289372829e-01
1.885755227386815558e-01
1.883999143395429787e-01
1.882246474990807994e-01
1.880497210899724769e-01
1.878751339899892570e-01
1.877008850819721075e-01
1.875269732538064893e-01
1.873533973983992074e-01
1.871801564136532370e-01
1.870072492024440480e-01
1.868346746725953467e-01
1.866624317368554831e-01
1.864905193128728600e-01
1.863189363231730900e-01
1.861476816951344315e-01
1.859767543609646967e-01
1.858061532576776309e-01
1.856358773270691820e-01
1.854659255156943520e-01
1.852962967748439660e-01
1.851269900605216900e-01
1.849580043334202450e-01
1.847893385588990633e-01
1.846209917069611128e-01
1.844529627522300541e-01
1.842852506739275364e-01
1.841178544558505215e-01
1.839507730863485513e-01
1.837840055583018495e-01
1.836175508690980618e-01
1.834514080206108011e-01
1.832855760191768046e-01
1.831200538755742568e-01
1.829548406050003351e-01
1.827899352270496713e-01
1.826253367656922866e-01
1.824610442492519691e-01
1.822970567103844031e-01
1.821333731860558802e-01
1.819699927175213727e-01
1.818069143503035223e-01
1.816441371341713795e-01
1.814816601231187543e-01
1.813194823753436768e-01
1.811576029532265819e-01
1.809960209233101303e-01
1.808347353562782533e-01
1.806737453269345595e-01
1.805130499141830436e-01
1.803526482010060494e-01
1.801925392744450627e-01
1.800327222255793946e-01
1.798731961495061704e-01
1.797139601453202618e-01
1.795550133160939976e-01
1.793963547688570137e-01
1.792379836145767957e-01
1.790798989681382514e-01
1.789220999483239205e-01
1.787645856777949349e-01
1.786073552830707845e-01
1.784504078945101380e-01
1.782937426462911923e-01
1.781373586763926598e-01
1.779812551265744225e-01
1.778254311423581313e-01
1.776698858730083597e-01
1.775146184715138409e-01
1.773596280945682335e-01
1.772049139025513864e-01
1.770504750595107979e-01
1.768963107331430751e-01
