5.594480580158180949e+00
1.609515742557030782e+00
8.947401840540155638e-01
7.922936088946330724e-01
7.314955024134338624e-01
6.919864644988896751e-01
6.663721707122205462e-01
6.447815114470385467e-01
6.262029887061119071e-01
6.092213761615468126e-01
5.948210621307435941e-01
5.825888622597303890e-01
5.717732442686055405e-01
5.615248042840303988e-01
5.518275663198094483e-01
5.427258652556036234e-01
5.339252768664701776e-01
5.254104312542350330e-01
5.172660811134043302e-01
5.098727504334095162e-01
5.028058013142907567e-01
4.959414758571114024e-01
4.892695469491066818e-01
4.827804470097571965e-01
4.765421599857839752e-01
4.704835223981701509e-01
4.645625908506954560e-01
4.587749461327109146e-01
4.531163138769465082e-01
4.475968637667469552e-01
4.421970204933322601e-01
4.369543959791958865e-01
4.318555940420387707e-01
4.268600973475966120e-01
4.220936068536750296e-01
4.174496367379271766e-01
4.128897977656278417e-01
4.084120999637007032e-01
4.040145907273203219e-01
3.997052846125020431e-01
3.954755985702517185e-01
3.913213092663263004e-01
3.872404833940994995e-01
3.832312584072141148e-01
3.792918391064552530e-01
3.754424786330543551e-01
3.716775862083573911e-01
3.679774965367420547e-01
3.644301562064448663e-01
3.610951937128053513e-01
3.578099517390520012e-01
3.545733548415367364e-01
3.513843675139318168e-01
3.482419915504399444e-01
3.451452636609728675e-01
3.420932533094483419e-01
3.391075138016839130e-01
3.363348707720689168e-01
3.335974787877574177e-01
3.308947595352279558e-01
3.282261498718956338e-01
3.255911010001479866e-01
3.229890777162875981e-01
3.204195577260034455e-01
3.178820310190210718e-01
3.153759992964816350e-01
3.129009754453786485e-01
3.104564830550593513e-01
3.080420559714012740e-01
3.056572378847782767e-01
3.033015819484003450e-01
3.009746504239906861e-01
2.986760143521257072e-01
2.964052532448543942e-01
2.941619547984914984e-01
2.919457146246999257e-01
2.897561359981976059e-01
2.875928296195930933e-01
2.854658747257559637e-01
2.833948916371432092e-01
2.813479326379189072e-01
2.793246717398659151e-01
2.773247880752955918e-01
2.753479657701372596e-01
2.733938938248985928e-01
2.714622660027018464e-01
2.695527807236950402e-01
2.676948715527731060e-01
2.658698389954468611e-01
2.640649581562653503e-01
2.622799666444031175e-01
2.605146060974759536e-01
2.587686220881522670e-01
2.570417640354945576e-01
2.553337851206365916e-01
2.536444422064445536e-01
2.519734957608419923e-01
2.503207097835069561e-01
2.486858517356784759e-01
2.470686924728353051e-01
2.454898138818611408e-01
2.439341786615772389e-01
2.423949190197827452e-01
2.408718366652601028e-01
2.393647357542314225e-01
2.378734228630776937e-01
2.363977069616611804e-01
2.349401931093530738e-01
2.335181257999383586e-01
2.321105190102333293e-01
2.307172018478373943e-01
2.293541553314716319e-01
2.280066294863427045e-01
2.266726566547534183e-01
2.253520733607508597e-01
2.240447183122175889e-01
2.227504323710406409e-01
2.214690585237377718e-01
2.202022922472899324e-01
2.189752092170360043e-01
2.177643164083951366e-01
2.165646100336332536e-01
2.153759704772267580e-01
2.141982795123460181e-01
2.130314202840433990e-01
2.118752772927220696e-01
2.107297363778709853e-01
2.095946847020553339e-01
2.084700107351468157e-01
2.073556042387851572e-01
2.062513562510596143e-01
2.051571590714015569e-01
2.040729062456797249e-01
2.029984925514905780e-01
2.019338139836383827e-01
2.008787677397951554e-01
1.998332522063395456e-01
1.987984476298131076e-01
1.977926318821322249e-01
1.968192345723950021e-01
1.959080349348829853e-01
1.950040753635560176e-01
1.941254785710020414e-01
1.932573580523722356e-01
1.923959143309928455e-01
1.915410898919666927e-01
1.906940624866452771e-01
1.898548040446876584e-01
1.890220991615951807e-01
1.881958875600540648e-01
1.873761095894241613e-01
1.865627062177792062e-01
1.857562373911793019e-01
1.849761823023161333e-01
1.842126412258972556e-01
1.834546394077888887e-01
1.827149478546597761e-01
1.819810973293971013e-01
1.812524743113962389e-01
1.805290360695105956e-01
1.798111145206761907e-01
1.791162759410961647e-01
1.784277744492459017e-01
1.777439494931710440e-01
1.770647643602397403e-01
1.763901826419389529e-01
1.757201682320344571e-01
1.750546853247043344e-01
1.743936984126491507e-01
1.737371722851796529e-01
1.730850720262828712e-01
1.724373630126704859e-01
1.717940109118096803e-01
1.711549816799376456e-01
1.705202415600632349e-01
1.698897570799548506e-01
1.692634950501169522e-01
1.686414225617579032e-01
1.680235069847471063e-01
1.674097159655667799e-01
1.668000174252556311e-01
1.661943795573485594e-01
1.655927708258117526e-01
1.649951599629742582e-01
1.644015159674586390e-01
1.638118081021092132e-01
1.632260058919208501e-01
1.626440791219675996e-01
1.620659978353332642e-01
1.614917323310441910e-01
1.609212531620040076e-01
1.603545311329333534e-01
1.598004485223720461e-01
1.592528013093205130e-01
1.587086387326444303e-01
1.581679353054378234e-01
1.576306657401537747e-01
1.570968049471746231e-01
1.565663280333898233e-01
1.560392103007800513e-01
1.555154272450067765e-01
1.549949545540092177e-01
1.544777681066070996e-01
1.539638439711088769e-01
1.534531584039268981e-01
1.529456878481986748e-01
1.524414089324138688e-01
1.519402984690474412e-01
1.514423334531992404e-01
1.509474910612388920e-01
1.504557486494584040e-01
1.499670837527289635e-01
1.494814740831651723e-01
1.489988975287951378e-01
1.485193321522368104e-01
1.480427561893802868e-01
1.475691480480768591e-01
1.470984863068341142e-01
1.466307497135173610e-01
1.461659171840572757e-01
1.457039678011643469e-01
1.452448808130498425e-01
1.447886356321528845e-01
1.443352118338737666e-01
1.438845891553150735e-01
1.434367474940280440e-01
1.429916669067665125e-01
1.425493276082469563e-01
1.421097099699158151e-01
1.416727945187229165e-01
1.412385619359028122e-01
1.408069930557610538e-01
1.403780688644695740e-01
1.399517704988670619e-01
1.395280792452675556e-01
1.391069765382756673e-01
1.386884439596078600e-01
1.382724632369226048e-01
1.378590162426555354e-01
1.374480849928632342e-01
1.370410172771043822e-01
1.366365857172705256e-01
1.362345913219758786e-01
1.358350170740977303e-01
1.354378460872392720e-01
1.350430616047639532e-01
1.346532739558899405e-01
1.342732306866657455e-01
1.338953659070436508e-01
1.335196653648910159e-01
1.331461149105271635e-01
1.327747004959828891e-01
1.324054081742644939e-01
1.320382240986218425e-01
1.316734431903565372e-01
1.313167022104843595e-01
1.309619550801151278e-01
1.306091891003491323e-01
1.302583916594291791e-01
1.299095502322213103e-01
1.295626523796930551e-01
1.292176857483930408e-01
1.288746380699276051e-01
1.285334971604392973e-01
1.281942509200830749e-01
1.278568873325039434e-01
1.275213944643139308e-01
1.271877604645689497e-01
1.268559735642458830e-01
1.265260220757210285e-01
1.261978943922478780e-01
1.258715789874357560e-01
1.255470644147297365e-01
1.252243393068905586e-01
1.249033923754760550e-01
1.245842124103232473e-01
1.242667882790314954e-01
1.239511089264474092e-01
1.236371633741491227e-01
1.233249407199356745e-01
1.230144301373131827e-01
1.227056208749860017e-01
1.223985022563471164e-01
1.220930636789727686e-01
1.217892946141152372e-01
1.214871846062009209e-01
1.211867232723276983e-01
1.208879003017650777e-01
1.205907054554564567e-01
1.202951285655230046e-01
1.200011595347694193e-01
1.197087883361919319e-01
1.194180050124885734e-01
1.191287996755710649e-01
1.188411625060795535e-01
1.185550837528989709e-01
1.182705537326776968e-01
1.179875628293485940e-01
1.177061014936531674e-01
1.174261602426657086e-01
1.171477296593233103e-01
1.168708003919547850e-01
1.165976907308205329e-01
1.163279900772557912e-01
1.160596730006952931e-01
1.157927317699985331e-01
1.155271586980241988e-01
1.152629461414369783e-01
1.150000865005143674e-01
1.147389645185800111e-01
1.144847098278310021e-01
1.142317171017843691e-01
1.139799796367962637e-01
1.137294907635799240e-01
1.134802438471077951e-01
1.132329808956447359e-01
1.129931231105864575e-01
1.127546116096144330e-01
1.125172223713875042e-01
1.122809500975468777e-01
1.120457895089470163e-01
1.118117353457255825e-01
1.115787823673696083e-01
1.113469253527780700e-01
1.111161591003208549e-01
1.108864784278944388e-01
1.106578781729741362e-01
1.104303531926632137e-01
1.102038983637384784e-01
1.099785085826931325e-01
1.097541787657765194e-01
1.095309038490304837e-01
1.093086787883231492e-01
1.090874985593799223e-01
1.088673581578111366e-01
1.086482525991377540e-01
1.084301769188141668e-01
1.082131261722475146e-01
1.079970954348160178e-01
1.077820798018833404e-01
1.075680743888115520e-01
1.073550743309711064e-01
1.071430747837488068e-01
1.069320709225532601e-01
1.067220579428185545e-01
1.065130310600053420e-01
1.063049855095998947e-01
1.060979165471110791e-01
1.058918194480659714e-01
1.056866895080019048e-01
1.054825220424590870e-01
1.052793123869682768e-01
1.050770558970397783e-01
1.048757479481480792e-01
1.046753839357165844e-01
1.044759592750991173e-01
1.042774694015612957e-01
1.040799097702594239e-01
1.038832758562174829e-01
1.036875631543037746e-01
1.034927671792044840e-01
1.032988834653980892e-01
1.031059075671252184e-01
1.029138350583605199e-01
1.027226615327801601e-01
1.025323826037305153e-01
1.023429939041938658e-01
1.021544910867533684e-01
1.019668698235578486e-01
1.017801258062831782e-01
1.015942547460951251e-01
1.014092523736089130e-01
1.012251144388489205e-01
1.010418367112073668e-01
1.008594149794012074e-01
1.006778450514287382e-01
1.004971227545247286e-01
1.003172439351152773e-01
1.001382044587711406e-01
9.996000021016031301e-02
9.978262709300018962e-02
9.960608103000835600e-02
9.943035796285294714e-02
9.925545385210168825e-02
9.908136467717157392e-02
9.890808643627566066e-02
9.873561514637081704e-02
9.856394684310477994e-02
9.839307758076136501e-02
9.822300343220616292e-02
9.805372048883101432e-02
9.788522486049844318e-02
9.771751267548452191e-02
9.755058008042255535e-02
9.738442324024501606e-02
9.721903833812549356e-02
9.705442157542032433e-02
9.689056917160938920e-02
9.672747736423659148e-02
9.656514240884978006e-02
9.640356057894064468e-02
9.624272816588337609e-02
9.608264147887407569e-02
9.592329684486854136e-02
9.576469060852113580e-02
9.560681913212179528e-02
9.544967879553328816e-02
9.529326599612920889e-02
9.513757714873020965e-02
9.498260868553969061e-02
9.482835705608137766e-02
9.467481872713479074e-02
9.452199018267011532e-02
9.437415142474853136e-02
9.423186784874355848e-02
9.409021710509779535e-02
9.394919630214168538e-02
9.380880256003189255e-02
9.367035453854102856e-02
9.353364335099557947e-02
9.339752368091362722e-02
9.326199296593404298e-02
9.312704865287717293e-02
9.299268819774519912e-02
9.285890906572238923e-02
9.272570873117405577e-02
9.259308467764551520e-02
9.246103439785993694e-02
9.232955539371553999e-02
9.219864517628285905e-02
9.206830126580022033e-02
9.193852119167034154e-02
9.180930249245419783e-02
9.168064271586660874e-02
9.155253941876941026e-02
9.142499016716545968e-02
9.129799253619097499e-02
9.117154411010842952e-02
9.104564248229769785e-02
9.092028525524867288e-02
9.079547004055088522e-02
9.067120848950327439e-02
9.054940369591754634e-02
9.042812284891016406e-02
9.030736362741784151e-02
9.018712371967903263e-02
9.006740082321446073e-02
8.994819264480725940e-02
8.982949690048416813e-02
8.971131131549527071e-02
8.959363362429323407e-02
8.947646157051361571e-02
8.935979290695354738e-02
8.924362539555122376e-02
8.912795680736444737e-02
8.901278492254934005e-02
8.889810753033888790e-02
8.878392242902032050e-02
8.867022742591408602e-02
8.855702033735098067e-02
8.844429898864979156e-02
8.833206121409459266e-02
8.822030485691187418e-02
8.810902776924792179e-02
8.799822781214472478e-02
8.788790285551760506e-02
8.777805077813076451e-02
8.766866946757428947e-02
8.755975682023967033e-02
8.745131074129654236e-02
8.734332914466741427e-02
8.723580995300415919e-02
8.712875109766371473e-02
8.702215051868253393e-02
8.691711740491256388e-02
8.681364484712074392e-02
8.671060953604092791e-02
8.660800952852192036e-02
8.650584288953953871e-02
8.640410769217349296e-02
8.630280201758451508e-02
8.620236941385976681e-02
8.610248238738567317e-02
8.600302000652548795e-02
8.590398033694413016e-02
8.580536145304872020e-02
8.570716143795290010e-02
8.560937838344308271e-02
8.551201038994331316e-02
8.541507080684666853e-02
8.531857548839082150e-02
8.522248933251892755e-02
8.512681047539664980e-02
8.503153706164454095e-02
8.493666724430382065e-02
8.484219918480259692e-02
8.474813105292137994e-02
8.465446102675956708e-02
8.456118729270091505e-02
8.446830804538067727e-02
8.437582148765063184e-02
8.428372583054609402e-02
8.419201929325217937e-02
8.410070010307001132e-02
8.400976649538358099e-02
8.391921671362567725e-02
8.382904900924544045e-02
8.373926164167420916e-02
8.364985287829292127e-02
8.356082099439834932e-02
8.347216427317105669e-02
8.338388100564124439e-02
8.329596949065679046e-02
8.320842803484998496e-02
8.312125495260477837e-02
8.303444856602421043e-02
8.294800720489828305e-02
8.286192920667040385e-02
8.277621291640623047e-02
8.269085668676066925e-02
8.260585887794562321e-02
8.252121785769825357e-02
8.243693200124835307e-02
8.235299969128685726e-02
8.226941931793402274e-02
8.218618927870720292e-02
8.210330797848940099e-02
8.202077382949805873e-02
8.193858525125259640e-02
8.185674067054375669e-02
8.177523852140224092e-02
8.169407724506706769e-02
8.161325528995477807e-02
8.153277111162827995e-02
8.145262317276606712e-02
8.137280994313067506e-02
8.129332989953877431e-02
8.121418152583022299e-02
8.113536331283703606e-02
8.105687375835370079e-02
8.097871136710613205e-02
8.090087465072169637e-02
8.082336212769909711e-02
8.074617232337795436e-02
8.066930376990873175e-02
8.059275500622367638e-02
8.051652457800613505e-02
8.044061103766142473e-02
8.036501294428641251e-02
8.028972886364131589e-02
8.021475736811921331e-02
8.014009703671681750e-02
8.006574645500605381e-02
7.999170421510423679e-02
7.991796891564502403e-02
7.984453916175031363e-02
7.977141356500044855e-02
7.969859074340610028e-02
7.962606932137955562e-02
7.955384792970637831e-02
7.948192520551639051e-02
7.941029979225593116e-02
7.933897033965996159e-02
7.926793550372285280e-02
7.919719394667164292e-02
7.912674433693710208e-02
7.905658534912657354e-02
7.898752592154803520e-02
7.891938539805841424e-02
7.885152303307238486e-02
7.878393758588377038e-02
7.871662782133750924e-02
7.864959250980617378e-02
7.858283042716777966e-02
7.851634035478242957e-02
7.845012107947003932e-02
7.838417139348703710e-02
7.831849009450439492e-02
7.825307598558473021e-02
7.818792787515965736e-02
7.812304457700819382e-02
7.805842491023286256e-02
7.799406769923891702e-02
7.793059339629969384e-02
7.786754603136465669e-02
7.780475497354660819e-02
7.774221905774734986e-02
7.767993712441129128e-02
7.761955942560913591e-02
7.755995251613002905e-02
7.750058958582063673e-02
7.744146950513820793e-02
7.738259115007883882e-02
7.732395340214824608e-02
7.726555514833305383e-02
7.720739528107263550e-02
7.714947269822977627e-02
7.709178630306307012e-02
7.703433500419823443e-02
7.697711771560056260e-02
