8.386082963165545356e-01
8.138544847022655127e-01
7.599589842390608307e-01
7.192581892657167186e-01
6.867578024334801690e-01
6.613203737418343886e-01
6.395586714840217901e-01
6.207025122368893255e-01
6.041752322744983195e-01
5.896826803865562461e-01
5.768129413193682220e-01
5.652737858814663729e-01
5.548688272499410212e-01
5.457252217555910168e-01
5.376466654050775507e-01
5.302203191922779668e-01
5.233600605901854719e-01
5.173958177692650207e-01
5.118120751069992203e-01
5.065594144743071903e-01
5.015973883371217523e-01
4.969789436995696308e-01
4.926006584729470950e-01
4.884185089855108686e-01
4.844100389492292935e-01
4.805558107100677545e-01
4.768389848220356830e-01
4.732997885636363589e-01
4.700411113069775659e-01
4.668714461258581250e-01
4.637820619727214821e-01
4.607653715171126652e-01
4.578147755340272740e-01
4.549245287323615550e-01
4.521197749739578886e-01
4.494239316086003355e-01
4.467699792119845803e-01
4.441550835119594254e-01
4.415767618452619003e-01
4.390328358205879966e-01
4.365213904368530073e-01
4.340407387718110965e-01
4.315893914782371055e-01
4.291660304298366424e-01
4.267694859494325366e-01
4.243987171298432282e-01
4.220527948249939154e-01
4.197308869466852554e-01
4.174322457523635954e-01
4.151561968523074242e-01
4.129065976432581553e-01
4.106885822427016053e-01
4.084914116441013543e-01
4.063146596910802155e-01
4.041579309264070607e-01
4.020208568464784249e-01
3.999030926550827258e-01
3.978043144486962945e-01
3.957242167748030726e-01
3.936625105127192215e-01
3.916189210332886028e-01
3.895931865997653842e-01
3.875850569773346965e-01
3.855942922231558323e-01
3.836206616326370833e-01
3.816639428209586682e-01
3.797239209217065925e-01
3.778003878869534704e-01
3.758931418752384235e-01
3.740019867157398092e-01
3.721267314385227065e-01
3.702678583712107896e-01
3.684879420833652164e-01
3.667229758513362303e-01
3.650060054646157015e-01
3.633026063384914850e-01
3.616126323691265521e-01
3.600397571121025653e-01
3.585557853564974584e-01
3.570819380626460982e-01
3.556181309836641269e-01
3.541642808326621594e-01
3.527203052408084960e-01
3.512861227198713632e-01
3.498616526286932316e-01
3.484468151431256988e-01
3.470415312290081045e-01
3.456772159571835923e-01
3.443307361643881959e-01
3.429933360142282117e-01
3.417726893147999268e-01
3.405640955281029614e-01
3.393624829659311337e-01
3.381678085129062872e-01
3.369800291337057829e-01
3.357991018771364633e-01
3.346249838804079002e-01
3.334576323735549686e-01
3.322970046839650582e-01
3.311430582409741197e-01
3.299957505804972935e-01
3.288550393496680879e-01
3.277208823114624581e-01
3.265932373492872465e-01
3.254720624715172761e-01
3.243573158159654413e-01
3.232663694754444594e-01
3.222368019565220454e-01
3.212128900946349952e-01
3.201944040643009970e-01
3.191813102122311174e-01
3.181735750276643016e-01
3.171795844366369632e-01
3.161970862337739052e-01
3.152197990172773689e-01
3.142476880405414841e-01
3.132807187752830735e-01
3.123188569112184121e-01
3.113620683557169477e-01
3.104103192334281558e-01
3.094635758858857444e-01
3.085218048710861583e-01
3.075849729630451002e-01
3.066530471513291833e-01
3.057259946405667117e-01
3.048037828499353674e-01
3.038863794126281936e-01
3.029737521752990936e-01
3.020658691974879018e-01
3.011626987510246378e-01
3.002642093194151096e-01
2.993800956548514081e-01
2.985166760002189723e-01
2.976571982880982792e-01
2.968016436569966277e-01
2.959499932387570920e-01
2.951022281622817656e-01
2.942583295571244983e-01
2.934182785569574015e-01
2.925820563029129517e-01
2.917496439468100222e-01
2.909210226542633948e-01
2.900961736076838604e-01
2.892765116280641702e-01
2.884779424589215546e-01
2.876826235555474676e-01
2.868905428388133227e-01
2.861016881856746630e-01
2.853160474320676765e-01
2.845336083757253332e-01
2.837543587789149724e-01
2.829782863711016172e-01
2.822053788515364592e-01
2.814356238917745112e-01
2.806690091381218721e-01
2.799055222140156562e-01
2.791574121127101127e-01
2.784164425124041609e-01
2.776783693360292959e-01
2.769431815813202524e-01
2.762108682378200397e-01
2.754814182884031681e-01
2.747548207107570195e-01
2.740310644788205852e-01
2.733101385641830139e-01
2.725920319374433576e-01
2.718767335695315146e-01
2.711642324329915921e-01
2.704545175032304072e-01
2.697475777597296287e-01
2.690434021872241677e-01
2.683419797768474280e-01
2.676499660347985143e-01
2.669942617668047968e-01
2.663408747510908614e-01
2.656897984866683493e-01
2.650410264334508437e-01
2.643945520136583016e-01
2.637560012611985250e-01
2.631348256690302367e-01
2.625158220824744260e-01
2.618989841012671071e-01
2.612843053008609973e-01
2.606717792333950734e-01
2.600613994286496422e-01
2.594531593949867543e-01
2.588470526202769628e-01
2.582430725728123155e-01
2.576412127022041920e-01
2.570414664402685956e-01
2.564438272018961795e-01
2.558482883859091728e-01
2.552548433759048163e-01
2.546634855410845333e-01
2.540742082370696653e-01
2.534870048067037751e-01
2.529018685808421818e-01
2.523187928791267298e-01
2.517377710107493449e-01
2.511587962752002690e-01
2.505818619630049149e-01
2.500069613564477877e-01
2.494340877302826665e-01
2.488632343524306012e-01
2.482943944846657813e-01
2.477275613832888856e-01
2.471746732958964021e-01
2.466400167285091316e-01
2.461070348709195055e-01
2.455757246219898715e-01
2.450460828257553514e-01
2.445181062729480659e-01
2.439917917024915228e-01
2.434671358029646959e-01
2.429441352140354615e-01
2.424227865278659466e-01
2.419030862904889001e-01
2.413850310031556146e-01
2.408686171236568696e-01
2.403538410676157588e-01
2.398406992097560919e-01
2.393291878851423471e-01
2.388193033903952822e-01
2.383110419848831485e-01
2.378043998918869251e-01
2.372993732997424332e-01
2.367959583629584697e-01
2.362941512033119029e-01
2.357939479109198433e-01
2.352953445452897474e-01
2.347983371363472349e-01
2.343029216854432550e-01
2.338090941663392430e-01
2.333168505261720982e-01
2.328261866863994001e-01
2.323370985437233083e-01
2.318495819709971428e-01
2.313636328181107316e-01
2.308792469128587710e-01
2.303964200617894531e-01
2.299151480510361334e-01
2.294354266471302639e-01
2.289572515977983669e-01
2.284806186327410782e-01
2.280055234643955098e-01
2.275319617886817636e-01
2.270599292857331808e-01
2.265894216206111034e-01
2.261204344440036207e-01
2.256529633929098833e-01
2.251870040913099835e-01
2.247225521508187385e-01
2.242596031713269267e-01
2.237981527416275651e-01
2.233381964400293906e-01
2.228797298349555478e-01
2.224227484855307302e-01
2.219672479421543609e-01
2.215132237470614496e-01
2.210606714348708479e-01
2.206095865331222095e-01
2.201599645627995427e-01
2.197118010388448839e-01
2.192650914706587295e-01
2.188198313625905889e-01
2.183760162144181283e-01
2.179336415218150191e-01
2.174927027768090715e-01
2.170531954682294873e-01
2.166151150821438720e-01
2.161784571022858092e-01
2.157432170104718605e-01
2.153093902870102383e-01
2.148769724110984602e-01
2.144459588612132594e-01
2.140205042506529709e-01
2.136054353574735887e-01
2.132012479092762758e-01
2.127999647233537461e-01
2.123998952061642576e-01
2.120010360000637861e-01
2.116033837392622963e-01
2.112069350502505660e-01
2.108116865522190464e-01
2.104176348574664512e-01
2.100247765718011028e-01
2.096331082949334512e-01
2.092426266208602947e-01
2.088533281382411455e-01
2.084652094307664905e-01
2.080782670775178922e-01
2.076924976533216505e-01
2.073078977290935265e-01
2.069244638721769725e-01
2.065421926466741998e-01
2.061610806137694207e-01
2.057811243320461780e-01
2.054023203577966528e-01
2.050246652453255880e-01
2.046481555472462743e-01
2.042727878147713449e-01
2.038985585979961046e-01
2.035254644461770013e-01
2.031535019080024096e-01
2.027826675318584460e-01
2.024129578660892048e-01
2.020476047053810509e-01
2.016874134639458915e-01
2.013283446386597286e-01
2.009703941002794758e-01
2.006135577320729280e-01
2.002578314298900097e-01
1.999032111022320812e-01
1.995496926703184681e-01
1.991982753492766434e-01
1.988501252416452481e-01
1.985030597239546279e-01
1.981570747644533226e-01
1.978121663436096245e-01
1.974683304541786644e-01
1.971255631012677756e-01
1.967838603023983335e-01
1.964432180875646528e-01
1.961036324992913027e-01
1.957650995926866755e-01
1.954276154354944728e-01
1.950911761081433882e-01
1.947557777037929316e-01
1.944214163283778385e-01
1.940880881006507297e-01
1.937557891522207754e-01
1.934245156275916366e-01
1.930942636841966042e-01
1.927650294924318497e-01
1.924368092356875115e-01
1.921095991103763112e-01
1.917833953259610869e-01
1.914581941049798286e-01
1.911339916830687158e-01
1.908107843089832667e-01
1.904885682446187944e-01
1.901673397650270325e-01
1.898470951584329269e-01
1.895278307262487083e-01
1.892095427830870480e-01
1.888922276567712166e-01
1.885758816883457700e-01
1.882605012320835991e-01
1.879460826554930630e-01
1.876326223393227077e-01
1.873201166775646798e-01
1.870085620774573909e-01
1.866979549594862398e-01
1.863882917573825848e-01
1.860795689181227452e-01
1.857717829019245037e-01
1.854649301822426932e-01
1.851590072457640346e-01
1.848577085123024877e-01
1.845602536074004707e-01
1.842636800570076894e-01
1.839679845456357321e-01
1.836731637712305243e-01
1.833792144451394102e-01
1.830898677956686871e-01
1.828027600552634968e-01
1.825164947292931827e-01
1.822310684474034992e-01
1.819464778565013652e-01
1.816627196206507533e-01
1.813797904209697442e-01
1.810976869555280810e-01
1.808164059392456391e-01
1.805359441037910351e-01
1.802562981974807632e-01
1.799774649851796360e-01
1.796994412482015024e-01
1.794222237842098555e-01
1.791458094071203544e-01
1.788701949470025421e-01
1.785953772499836445e-01
1.783213531781517036e-01
1.780481196094594598e-01
1.777756734376298720e-01
1.775040115720610545e-01
1.772331309377322972e-01
1.769630284751105842e-01
1.766937011400575297e-01
1.764251459037377012e-01
1.761573597525259993e-01
1.758903396879169245e-01
1.756240827264341220e-01
1.753585858995402869e-01
1.751040008882441268e-01
1.748561963792655827e-01
1.746090744369050152e-01
1.743626324302331443e-01
1.741168677415581845e-01
1.738717777663447706e-01
1.736273599131323286e-01
1.733836116034550290e-01
1.731405302717614614e-01
1.728981133653353375e-01
1.726563583442168592e-01
1.724152626811238653e-01
1.721748238613748372e-01
1.719350393828107115e-01
1.716959067557189134e-01
1.714574235027567506e-01
1.712195871588758633e-01
1.709823952712472006e-01
1.707458453991863301e-01
1.705099351140788588e-01
1.702746619993077137e-01
1.700400236501793116e-01
1.698060176738512006e-01
1.695771924792771890e-01
1.693525345714136376e-01
1.691284657967570548e-01
1.689049839074274195e-01
1.686820866673192920e-01
1.684597718520230714e-01
1.682380372487463915e-01
1.680168806562367945e-01
1.677962998847045972e-01
1.675762927557464255e-01
1.673568571022694962e-01
1.671379907684161226e-01
1.669196916094892180e-01
1.667019574918781055e-01
1.664847862929846045e-01
1.662681759011507276e-01
1.660521242155856281e-01
1.658366291462940179e-01
1.656216886140046418e-01
1.654073005500996119e-01
1.651934628965440188e-01
1.649801736058167378e-01
1.647674306408402345e-01
1.645552319749128412e-01
1.643435755916403951e-01
1.641324594848682372e-01
1.639218816586147098e-01
1.637118401270040990e-01
1.635023329142009652e-01
1.632933580543441399e-01
1.630849135914820836e-01
1.628769975795083258e-01
1.626696080820970169e-01
1.624627431726397009e-01
1.622564009341819213e-01
1.620505794593610771e-01
1.618452768503439443e-01
1.616404912187651421e-01
1.614362206856657656e-01
1.612324633814330166e-01
1.610292174457395586e-01
1.608264810274841750e-01
1.606242522847321219e-01
1.604225293846562594e-01
1.602213105034789031e-01
1.600205938264133987e-01
1.598203775476067512e-01
1.596206598700830592e-01
1.594214390056857833e-01
1.592227131750225400e-01
1.590244806074087303e-01
1.588267395408122507e-01
1.586294882217985924e-01
1.584327249054762188e-01
1.582364478554426357e-01
1.580406553437303796e-01
1.578453456507539210e-01
1.576505170652567622e-01
1.574561678842588963e-01
1.572622964130045986e-01
1.570689009649106072e-01
1.568759798615155521e-01
1.566835314324278583e-01
1.564915540152761186e-01
1.563000459556587174e-01
1.561090056070938148e-01
1.559184313309700531e-01
1.557283214964976514e-01
1.555386744806596944e-01
1.553494886681636156e-01
1.551607624513935413e-01
1.549724942303626340e-01
1.547846824126659360e-01
1.545973254134332953e-01
1.544104216552829589e-01
1.542239695682757761e-01
1.540379675898687351e-01
1.538524141648700272e-01
1.536673077453935554e-01
1.534826467908145808e-01
1.532984297677248420e-01
1.531146551498885622e-01
1.529313214181987624e-01
1.527484270606338235e-01
1.525659705722143267e-01
1.523839504549597546e-01
1.522023652178468578e-01
1.520212133767668561e-01
1.518404934544837492e-01
1.516602039805926561e-01
1.514803434914789859e-01
1.513009105302768331e-01
1.511219036468287313e-01
1.509433213976454358e-01
1.507651623458656220e-01
1.505874250612161402e-01
1.504101081199728518e-01
1.502332101049211333e-01
1.500567296053173516e-01
1.498806652168497011e-01
1.497050155416008443e-01
1.495297791880088323e-01
1.493549547708300784e-01
1.491805409111018055e-01
1.490065362361046586e-01
1.488329393793259015e-01
1.486597489804226124e-01
1.484869636851857133e-01
1.483145821455034985e-01
1.481426030193258858e-01
1.479710249706287506e-01
1.477998466693789259e-01
1.476290667914986754e-01
1.474586840188312487e-01
1.472886970391062700e-01
1.471191045459050439e-01
1.469499052386270543e-01
1.467810978224558804e-01
1.466126810083255849e-01
1.464446535128874072e-01
1.462770140584766787e-01
1.461097613730803491e-01
1.459428941903036236e-01
1.457764112493382391e-01
1.456103112949300171e-01
1.454445930773471674e-01
1.452792553523482022e-01
1.451142968811509337e-01
1.449497164304010544e-01
1.447855127721411062e-01
1.446216846837798109e-01
1.444582309480612337e-01
1.442951503530347512e-01
1.441324416920247709e-01
1.439701037636006709e-01
1.438081353715475741e-01
1.436465353248362331e-01
1.434853024375942199e-01
1.433244355290765049e-01
1.431639334236370353e-01
1.430037949506996198e-01
1.428440189447295061e-01
1.426846042452055707e-01
1.425255496965914526e-01
1.423668541483088246e-01
1.422085164547082503e-01
1.420505354750431770e-01
1.418929100734417359e-01
1.417356391188797637e-01
1.415787214851540465e-01
1.414221560508557851e-01
1.412659416993437556e-01
1.411127480069573059e-01
1.409600581209596859e-01
1.408077051236772126e-01
1.406556879438717600e-01
1.405040055149456846e-01
1.403526567749157905e-01
1.402016406663869896e-01
1.400509561365261280e-01
1.399006021370366171e-01
1.397505776241323161e-01
1.396008815585126073e-01
1.394515129053368052e-01
1.393024706341990104e-01
1.391537537191036844e-01
1.390053611384404753e-01
1.388572918749597374e-01
1.387095449157484395e-01
1.385621192522055733e-01
1.384150138800187557e-01
1.382682277991395814e-01
1.381217600137604473e-01
1.379756095322909326e-01
1.378297753673345116e-01
1.376842565356653225e-01
1.375390520582046583e-01
1.373941609599992619e-01
1.372495822701973733e-01
1.371053150220267192e-01
1.369613582527728080e-01
1.368177110037549493e-01
1.366743723203061034e-01
1.365313412517496772e-01
