3.917261888424031557e+00
2.114259675892500301e+00
1.407515660816678338e+00
1.083340405614186430e+00
9.284165128869276140e-01
8.513130785009466184e-01
8.189628141379208248e-01
8.004281656346249330e-01
7.838878360465884043e-01
7.701956219730521358e-01
7.591564875884407870e-01
7.482066521299942652e-01
7.376667900795880195e-01
7.274350561177460595e-01
7.175101435152326790e-01
7.079084074699156792e-01
6.989806575278466605e-01
6.906876262726997506e-01
6.827103788667681084e-01
6.750464513644872655e-01
6.679917106989620157e-01
6.612364444287761600e-01
6.546665275627518987e-01
6.482728274187476991e-01
6.420465934016198473e-01
6.359795080170249637e-01
6.302407564900920356e-01
6.248281112946645344e-01
6.198115897129313767e-01
6.148907944983565965e-01
6.100617580322051925e-01
6.053207621220080270e-01
6.006643224512667745e-01
5.960891731190642862e-01
5.915922515894316280e-01
5.871706842547940175e-01
5.828217727374239709e-01
5.785429809964535153e-01
5.743319232684881426e-01
5.701863528423820604e-01
5.661527208302621350e-01
5.622022778176400948e-01
5.583075958484522427e-01
5.545510340998844878e-01
5.509495228790037835e-01
5.473956135317032956e-01
5.438881132772352966e-01
5.404328708288240746e-01
5.370343413160755253e-01
5.336786099190858890e-01
5.304021376620356998e-01
5.271789249839787805e-01
5.239913266958501348e-01
5.208387069161974914e-01
5.177204463264839518e-01
5.146359415073938903e-01
5.115846043200557025e-01
5.085658613280158447e-01
5.056355735425489550e-01
5.027443445708267289e-01
4.998917606920554868e-01
4.970854733387703450e-01
4.943055162403678926e-01
4.915515619569829631e-01
4.888232847644395362e-01
4.861203610075041093e-01
4.834424694102949505e-01
4.807892913479500097e-01
4.781605110832860550e-01
4.755583896949352463e-01
4.729821163998142453e-01
4.704292416950106026e-01
4.678994648780246957e-01
4.653924888814365834e-01
4.629080203582454645e-01
4.604511519752462756e-01
4.580174607019472655e-01
4.556053234852879275e-01
4.532144648603300685e-01
4.508446132455812272e-01
4.484955009500576351e-01
4.461747384496621560e-01
4.438771885910395287e-01
4.416030466995560788e-01
4.393532518207713955e-01
4.371226577620375697e-01
4.349110268435471549e-01
4.327181249662332418e-01
4.305437215752737079e-01
4.283875896211530310e-01
4.263038800026185404e-01
4.242807525450655315e-01
4.222738671563567858e-01
4.202849048323807901e-01
4.183117411897770976e-01
4.163748916261560962e-01
4.144987671435416132e-01
4.126363637735975809e-01
4.107875479388933826e-01
4.089521872804045000e-01
4.071301506696009542e-01
4.053213082184061733e-01
4.035255312871957045e-01
4.017426924909977548e-01
3.999726657040364453e-01
3.982153260627558367e-01
3.964705499674450739e-01
3.947523788904322428e-01
3.930505267510451262e-01
3.913609227543535241e-01
3.896834384375397198e-01
3.880179471179751594e-01
3.863643238628568510e-01
3.847224454594266319e-01
3.830921903857667510e-01
3.814734387821552830e-01
3.798660724229739882e-01
3.782699746891550197e-01
3.766850305411550415e-01
3.751111264924482103e-01
3.735481505835270277e-01
3.719959923563968540e-01
3.704545428295616394e-01
3.689236944734829438e-01
3.674033411865078591e-01
3.658933782712551763e-01
3.643937024114491940e-01
3.629042116491941194e-01
3.614248053626785695e-01
3.599553842443023455e-01
3.584958502792179313e-01
3.570461067242761133e-01
3.556060580873693922e-01
3.541756101071650287e-01
3.527546697332196723e-01
3.513431451064683020e-01
3.499409455400779301e-01
3.485479815006633508e-01
3.471641645898527195e-01
3.457894075261992439e-01
3.444236241274309940e-01
3.430667292930312806e-01
3.417186389871454399e-01
3.403792702218048083e-01
3.390485410404625033e-01
3.377263705018364037e-01
3.364126786640507794e-01
3.351073865690715192e-01
3.338104162274301290e-01
3.325216906032288922e-01
3.312449830138157747e-01
3.299920876369271672e-01
3.287470307500346967e-01
3.275097407230304070e-01
3.262859249726954292e-01
3.250836541511512023e-01
3.238886574854488720e-01
3.227008710402281544e-01
3.215202315905885677e-01
3.203466766131116694e-01
3.191801442769895969e-01
3.180205734352606894e-01
3.168679036161505813e-01
3.157220750145198762e-01
3.145830284834164048e-01
3.134507055257335084e-01
3.123250482859717403e-01
3.112059995421052050e-01
3.101020543214833003e-01
3.090386382418332523e-01
3.079812962530256715e-01
3.069299780676626455e-01
3.058846339252787594e-01
3.048602790455449130e-01
3.038650298536955674e-01
3.028752572435260970e-01
3.018909176088668822e-01
3.009119677615345045e-01
2.999383649276726183e-01
2.989700667440779447e-01
2.980070312545138878e-01
2.970492169060165999e-01
2.960965825451947753e-01
2.951490874145267784e-01
2.942066911486568292e-01
2.932693537706940190e-01
2.923370356885139909e-01
2.914096976910688919e-01
2.904873009447034859e-01
2.895698069894819815e-01
2.886571777355270707e-01
2.877493754593718478e-01
2.868463628003263821e-01
2.859481027568602229e-01
2.850545586830035560e-01
2.841656942847656797e-01
2.832814736165740754e-01
2.824018610777336846e-01
2.815268214089088894e-01
2.806563196886270317e-01
2.797903213298064684e-01
2.789287920763083850e-01
2.780716979995124238e-01
2.772190054949206228e-01
2.763706812787842249e-01
2.755266923847595750e-01
2.746870061605892754e-01
2.738515902648123723e-01
2.730238927238783919e-01
2.722041530061265480e-01
2.713884891755148909e-01
2.705768715055127394e-01
2.697692705327059959e-01
2.689675499508556444e-01
2.681701166920975599e-01
2.673766148559357791e-01
2.665870158920279898e-01
2.658012915012128996e-01
2.650343211007337718e-01
2.642736947403848680e-01
2.635165606778476222e-01
2.627628957116711628e-01
2.620126768256262895e-01
2.612658811874714604e-01
2.605224861477090093e-01
2.597824692383306489e-01
2.590458081715567573e-01
2.583124808385672266e-01
2.575824653082262050e-01
2.568557398258018432e-01
2.561322828116808226e-01
2.554120728600801082e-01
2.546950887377540385e-01
2.539813093827009149e-01
2.532707139028661514e-01
2.525632815748457549e-01
2.518589918425888086e-01
2.511578243160993429e-01
2.504597587701403727e-01
2.497647751429378227e-01
2.490728535348869510e-01
2.483839742072601331e-01
2.476981175809180868e-01
2.470152642350232075e-01
2.463353949057569547e-01
2.456584904850405704e-01
2.449845320192600429e-01
2.443135007079949572e-01
2.436453779027532573e-01
2.429873818820071363e-01
2.423392599173467832e-01
2.416938313844802511e-01
2.410510796971244429e-01
2.404109884020034782e-01
2.397735411777123515e-01
2.391387218335875309e-01
2.385065143085828565e-01
2.378769026701523792e-01
2.372498711131403037e-01
2.366254039586767888e-01
2.360034856530812686e-01
2.353929798063555678e-01
2.347909664567691401e-01
2.341913214052019354e-01
2.335940306664436306e-01
2.329990803671975197e-01
2.324064567450573049e-01
2.318161461474922136e-01
2.312281350308407757e-01
2.306424099593133437e-01
2.300589576040035777e-01
2.294777647419077304e-01
2.288988182549527850e-01
2.283221051290336145e-01
2.277619147777668052e-01
2.272069830488692987e-01
2.266541329280011563e-01
2.261033529021844457e-01
2.255546315448147543e-01
2.250079575149089850e-01
2.244633195563618677e-01
2.239207064972063010e-01
2.233801072488816319e-01
2.228415108055076532e-01
2.223049062431645129e-01
2.217702827191795900e-01
2.212376294714193947e-01
2.207069358175889617e-01
2.201781911545359072e-01
2.196513849575614241e-01
2.191334854060377202e-01
2.186194437404825885e-01
2.181072162877286114e-01
2.175967936797326974e-01
2.170881666164043156e-01
2.165813258650036988e-01
2.160762622595460147e-01
2.155729667002102556e-01
2.150714301527539840e-01
2.145716436479346012e-01
2.140735982809338078e-01
2.135772852107902797e-01
2.130826956598353139e-01
2.125898209131351357e-01
2.120986523179386463e-01
2.116091812831288055e-01
2.111213992786812599e-01
2.106352978351268834e-01
2.101508685430198420e-01
2.096681030524099876e-01
2.091869930723220528e-01
2.087075303702374540e-01
2.082297067715826733e-01
2.077535141592224133e-01
2.072789444729566388e-01
2.068059897090235855e-01
2.063346419196066261e-01
2.058648932123458564e-01
2.053967357498555635e-01
2.049301617492445826e-01
2.044651634816424812e-01
2.040017332717299348e-01
2.035398634972730714e-01
2.030795465886636175e-01
2.026207750284615416e-01
2.021657261082397128e-01
2.017233547402632332e-01
2.012824270966908080e-01
2.008435429443019560e-01
2.004060614569322663e-01
1.999699764106522837e-01
1.995352816197928092e-01
1.991019709366542434e-01
1.986700382512189555e-01
1.982394774908653179e-01
1.978102826200842379e-01
1.973824476401983274e-01
1.969559665890825706e-01
1.965308335408873786e-01
1.961070426057647254e-01
1.956845879295951163e-01
1.952634636937177204e-01
1.948479827725256852e-01
1.944341399427275408e-01
1.940215662866820179e-01
1.936102565472545833e-01
1.932002054971156402e-01
1.927957298173643419e-01
1.923988283919567388e-01
1.920031032529319337e-01
1.916085498336273230e-01
1.912151635907818059e-01
1.908229400043902624e-01
1.904318745775602506e-01
1.900419628363677338e-01
1.896532003297150271e-01
1.892655826291892718e-01
1.888791053289215482e-01
1.884937640454465990e-01
1.881095544175646894e-01
1.877264721062023300e-01
1.873445127942756361e-01
1.869636721865539364e-01
1.865839460095232161e-01
1.862053300112524734e-01
1.858278199612584669e-01
1.854515030045024992e-01
1.850779271349940192e-01
1.847054370203640439e-01
1.843340286061217748e-01
1.839636978572360415e-01
1.835944407580231419e-01
1.832262533120319892e-01
1.828591315419330621e-01
1.824930714894057171e-01
1.821280692150276936e-01
1.817641207981648965e-01
1.814012223368618726e-01
1.810393699477324536e-01
1.806785597658525644e-01
1.803187879446520592e-01
1.799600506558077517e-01
1.796023440891383605e-01
1.792456644524982323e-01
1.788900079716731484e-01
1.785353708902760739e-01
1.781817494696439630e-01
1.778291399887347579e-01
1.774775387440258312e-01
1.771269420494121505e-01
1.767773462361063308e-01
1.764287476525373266e-01
1.760811426642521216e-01
1.757345276538165857e-01
1.753888990207171095e-01
1.750442531812633762e-01
1.747005865684911896e-01
1.743578956320665785e-01
1.740161768381897067e-01
1.736754266695001436e-01
1.733379270364756308e-01
1.730075490903439372e-01
1.726780602087562289e-01
1.723494574736864626e-01
1.720217379785986822e-01
1.716948988283985289e-01
1.713689371393846139e-01
1.710438500392002514e-01
1.707196346667857190e-01
1.703962881723297962e-01
1.700738077172217200e-01
1.697521904740038334e-01
1.694314336263236798e-01
1.691115343688862349e-01
1.687924899074068896e-01
1.684742974585639874e-01
1.681569542499515291e-01
1.678404575200323490e-01
1.675248045180910139e-01
1.672099925041874713e-01
1.668960187491100589e-01
1.665828805343289032e-01
1.662705751519503450e-01
1.659590999046700599e-01
1.656484521057270953e-01
1.653386290788582957e-01
1.650296281582520619e-01
1.647214466885034145e-01
1.644140820245679757e-01
1.641075315317169492e-01
1.638017925854918511e-01
1.634968625716595181e-01
1.631927388861673378e-01
1.628894189350986454e-01
1.625869001346279263e-01
1.622854848418819329e-01
1.619849168043501764e-01
1.616851450228772025e-01
1.613861668869027155e-01
1.610879797966234817e-01
1.607905811629403436e-01
1.604939684074023765e-01
1.601981389621536800e-01
1.599030902698796164e-01
1.596088197837529365e-01
1.593153249673809613e-01
1.590226032947526791e-01
1.587306522501865103e-01
1.584394693282774602e-01
1.581490520338456884e-01
1.578593978818848553e-01
1.575705043975104136e-01
1.572823691159089543e-01
1.569949895822870534e-01
1.567083633518214225e-01
1.564224879896079501e-01
1.561373610706125181e-01
1.558529801796207093e-01
1.555693429111890402e-01
1.552864468695958067e-01
1.550042896687918448e-01
1.547228689323525974e-01
1.544421822934297084e-01
1.541622273947030330e-01
1.538830018883328155e-01
1.536045034359127259e-01
1.533267297084222602e-01
1.530496783861800825e-01
1.527733471587976455e-01
1.524977337251322562e-01
1.522228357932418619e-01
1.519486510803383927e-01
1.516751773127427982e-01
1.514024122258395000e-01
1.511303535640314832e-01
1.508589990806954717e-01
1.505883465381373520e-01
1.503183937075481813e-01
1.500491383689597502e-01
1.497805783112012568e-01
1.495127113318556467e-01
1.492455352372160093e-01
1.489790478422431119e-01
1.487132469705223503e-01
1.484481304542213664e-01
1.481836961340475267e-01
1.479199418592059001e-01
1.476568654873578745e-01
1.473944648845790795e-01
1.471327379253184464e-01
1.468716824923567699e-01
1.466112964767661286e-01
1.463515777778692795e-01
1.460925243031989396e-01
1.458341339684580962e-01
1.455764046974793724e-01
1.453193344221862249e-01
1.450629210825528648e-01
1.448071626265650391e-01
1.445520570101812008e-01
1.442976021972936229e-01
1.440437961596897354e-01
1.437906368770139054e-01
1.435381223367291348e-01
1.432862505340793124e-01
1.430350194720510504e-01
1.427844271613367411e-01
1.425344716202972539e-01
1.422851508749241600e-01
1.420364629588038996e-01
1.417884059130802288e-01
1.415409777864181651e-01
1.412941766349677941e-01
1.410480005223281319e-01
1.408024475195112923e-01
1.405575157049067658e-01
1.403143199531439733e-01
1.400726313143538793e-01
1.398315446927067829e-01
1.395910582812659728e-01
1.393511702796984830e-01
1.391118788942448947e-01
1.388731823376899432e-01
1.386350788293327640e-01
1.383975665949579437e-01
1.381606438668059600e-01
1.379243088835444830e-01
1.376885598902390928e-01
1.374533951383250518e-01
1.372188128855783562e-01
1.369848113960877023e-01
1.367513889402256211e-01
1.365185437946210278e-01
1.362862742421309947e-01
1.360545785718126899e-01
1.358234550788959549e-01
1.355929020647560768e-01
1.353629178368855601e-01
1.351335007088680096e-01
1.349046490003500409e-01
1.346763610370147191e-01
1.344486351505550792e-01
1.342214696786469541e-01
1.339948629649227174e-01
1.337688133589449158e-01
1.335433192161797900e-01
1.333183788979716844e-01
1.330939907715162074e-01
1.328701532098355009e-01
1.326468645917514011e-01
1.324241233018611241e-01
1.322019277305104268e-01
1.319802762737696256e-01
1.317591673334077007e-01
1.315385993168674272e-01
1.313185706372403672e-01
1.310990797132424446e-01
1.308801249691891322e-01
1.306617048349706378e-01
1.304438177460282011e-01
1.302264621433289749e-01
1.300096364733428489e-01
1.297933391880177478e-01
1.295775687447560665e-01
1.293623236063908277e-01
1.291476022411621738e-01
1.289334031226937460e-01
1.287217578875390900e-01
1.285160339277112429e-01
1.283108055238439127e-01
1.281060712660821721e-01
1.279018297492488521e-01
1.277004034693280665e-01
1.275041385588573384e-01
1.273083238673961004e-01
1.271129581877543102e-01
1.269180403165023618e-01
1.267235690539568749e-01
1.265295432041662615e-01
1.263359615748970710e-01
1.261428229776197230e-01
1.259501262274945466e-01
1.257578701433583745e-01
1.255726196424418739e-01
1.253884507309248331e-01
1.252046870376196663e-01
1.250213275373635580e-01
1.248383712078530439e-01
1.246558170296354628e-01
1.244736639861000332e-01
1.242919110634693319e-01
1.241105572507904126e-01
1.239296015399266870e-01
1.237490429255487384e-01
1.235689500735863283e-01
1.233893234031357006e-01
1.232100904479590392e-01
1.230312502151520992e-01
1.228528017145694290e-01
1.226747439588158073e-01
