5.119496750132272567e+00
1.603929018343512203e+00
1.008750826912722776e+00
9.174139021770639779e-01
8.439942863098768289e-01
7.839926862524356777e-01
7.344920433467529985e-01
6.963429948363444311e-01
6.684384813690792404e-01
6.465194434549771385e-01
6.263179940707033211e-01
6.081880844246023710e-01
5.912379797654578883e-01
5.753403472525607798e-01
5.603953080049914881e-01
5.473644828197822276e-01
5.351323502543033905e-01
5.237362864462448142e-01
5.131535202873032109e-01
5.030059870851056880e-01
4.932665009805052847e-01
4.839102379624755645e-01
4.749183245986038915e-01
4.663899905095466591e-01
4.584615189511477840e-01
4.510204076531188488e-01
4.438077231293368063e-01
4.368132709610691999e-01
4.300274051161843136e-01
4.234409917795610712e-01
4.170453779873374844e-01
4.108323636750331187e-01
4.048097330554100703e-01
3.991623363934906910e-01
3.936623514360262921e-01
3.883038349158299818e-01
3.830811604817337401e-01
3.779889986676257529e-01
3.731143667105928374e-01
3.684823285702292783e-01
3.640182640494036281e-01
3.596481830568679650e-01
3.553691711872010717e-01
3.511784345793111939e-01
3.470732938277829582e-01
3.430511782532578713e-01
3.391096205073668157e-01
3.352894504106470053e-01
3.315454633278939744e-01
3.278735433451179793e-01
3.244028897164650815e-01
3.210480596749725191e-01
3.177504949468110129e-01
3.145086852977027614e-01
3.113211820992928813e-01
3.081865948734868743e-01
3.051035880727723248e-01
3.020708780778240121e-01
2.990872303954207334e-01
2.961514570412423497e-01
2.932624140934887436e-01
2.904189994044972800e-01
2.876201504586377578e-01
2.848648423657550444e-01
2.821520859803278714e-01
2.794841513423243495e-01
2.768991405645996884e-01
2.743539940703192404e-01
2.718477967463092115e-01
2.693796647636518271e-01
2.669487440977788562e-01
2.645691236008464453e-01
2.622466095507700046e-01
2.599577287113733481e-01
2.577017602102255611e-01
2.554780066572515107e-01
2.532857930537581459e-01
2.511244657649132073e-01
2.489933915515054053e-01
2.468919566571060598e-01
2.448196209092635134e-01
2.428307726028213764e-01
2.408764935513049432e-01
2.389788358093029863e-01
2.371052188364252411e-01
2.352552181752088356e-01
2.334284206379924065e-01
2.316268225361818034e-01
2.298757883884708364e-01
2.281463327310891687e-01
2.264380995639201921e-01
2.247507410787784876e-01
2.230839173741092363e-01
2.214372961839155829e-01
2.198243026998707994e-01
2.182381755717835159e-01
2.166707882113926287e-01
2.151528268390613952e-01
2.137190044728362603e-01
2.123006480118145300e-01
2.108975483700131492e-01
2.095094997170732498e-01
2.081362994226742535e-01
2.067777480017812530e-01
2.054489924082205932e-01
2.041707820938886420e-01
2.029054475537346303e-01
2.016528275391882286e-01
2.004289087092315236e-01
1.992430824798206990e-01
1.980690014312497249e-01
1.969065147482698397e-01
1.957554739532254284e-01
1.946157328593959568e-01
1.934871475258125306e-01
1.923695762134717546e-01
1.912628793428815255e-01
1.901669194528770035e-01
1.890815611606409263e-01
1.880066711228759180e-01
1.869421179980716163e-01
1.859129216663754358e-01
1.848974600584945560e-01
1.839009438571833355e-01
1.829218294693472913e-01
1.819516173375062273e-01
1.809901973469947023e-01
1.800374611465760388e-01
1.790933021115282686e-01
1.781576153077495672e-01
1.772302974568530365e-01
1.763112469022122264e-01
1.754003635759294744e-01
1.744975489666925339e-01
1.736085363012603855e-01
1.727366279242310565e-01
1.718766867666087494e-01
1.710343388972198342e-01
1.701989827116180687e-01
1.693945709571299807e-01
1.685996468069745624e-01
1.678109814634813068e-01
1.670285090738833911e-01
1.662521646220875837e-01
1.654818839166033173e-01
1.647176035786801773e-01
1.639592610306498388e-01
1.632067944844659835e-01
1.624601429304382838e-01
1.617192461261547365e-01
1.609840445855873214e-01
1.602544795683776280e-01
1.595304930692973411e-01
1.588120278078785641e-01
1.580990272182128675e-01
1.573914354389111259e-01
1.566891973032249752e-01
1.559922583293215093e-01
1.553005647107125464e-01
1.546215605771579238e-01
1.539600688463262368e-01
1.533031763338225939e-01
1.526508426286572462e-01
1.520030277063922353e-01
1.513596919260864482e-01
1.507207960272368696e-01
1.500863011267186409e-01
1.494561687157203167e-01
1.488303606566818982e-01
1.482088391802278415e-01
1.475915668821042304e-01
1.469785067201145323e-01
1.463696220110586033e-01
1.457648764276730791e-01
1.451642339955757643e-01
1.445701880715768994e-01
1.439865490093735489e-01
1.434067162456725830e-01
1.428306591570558115e-01
1.422583473742705662e-01
1.416897507810050139e-01
1.411248395126308286e-01
1.405635839549153610e-01
1.400059547427040252e-01
1.394519227585772625e-01
1.389014591314784164e-01
1.383545352353195423e-01
1.378131091668401143e-01
1.372892766614083881e-01
1.367781151207856094e-01
1.362698920184267637e-01
1.357645875868443985e-01
1.352621821846585470e-01
1.347626562964343300e-01
1.342659905324977976e-01
1.337795551258199600e-01
1.332964331808288438e-01
1.328159646328163912e-01
1.323381328893873110e-01
1.318629214456747412e-01
1.313903138847798135e-01
1.309202938781724446e-01
1.304528451860561267e-01
1.299879516576959437e-01
1.295255972317125026e-01
1.290657659363435017e-01
1.286084418896721315e-01
1.281536092998258325e-01
1.277012524651442715e-01
1.272513557743197576e-01
1.268039037065095131e-01
1.263588808314219936e-01
1.259162718093772282e-01
1.254760613913427914e-01
1.250382344189467643e-01
1.246027758244666328e-01
1.241696706307982151e-01
1.237389039514024125e-01
1.233104609902320459e-01
1.228843270416397487e-01
1.224604874902668339e-01
1.220389278109147713e-01
1.216196335683993601e-01
1.212025904173887753e-01
1.207877841022253901e-01
1.203752004567330003e-01
1.199648254040098644e-01
1.195566449562073114e-01
1.191506452142952754e-01
1.187468123678158544e-01
1.183451326946240723e-01
1.179455925606173877e-01
1.175481784194539886e-01
1.171528768122611225e-01
1.167596743673327275e-01
1.163685577998176679e-01
1.159795139113995455e-01
1.155925295899664085e-01
1.152075918092740070e-01
1.148246876285992923e-01
1.144438041923883098e-01
1.140649287298956677e-01
1.136880485548180802e-01
1.133131510649207085e-01
1.129402237416589766e-01
1.125692541497932408e-01
1.122002299369984080e-01
1.118331388334699167e-01
1.114679686515222534e-01
1.111047072851859413e-01
1.107433427097984507e-01
1.103838629815916683e-01
1.100262562372762432e-01
1.096705106936216312e-01
1.093166146470335581e-01
1.089645564731284433e-01
1.086143246263053391e-01
1.082659076393143877e-01
1.079192941228246799e-01
1.075744727649881050e-01
1.072314323310030182e-01
1.068901616626748430e-01
1.065506496779763668e-01
1.062128853706051090e-01
1.058768578095410362e-01
1.055425561386028055e-01
1.052099695760019687e-01
1.048790874138984253e-01
1.045498990179533211e-01
1.042223938268831279e-01
1.038966207862335872e-01
1.035726666642289850e-01
1.032503631311773723e-01
1.029296999247584360e-01
1.026106668533519617e-01
1.022932537955913157e-01
1.019774506999193420e-01
1.016649679857877381e-01
1.013566315808650670e-01
1.010498178581745593e-01
1.007445177911485967e-01
1.004407224090966277e-01
1.001384227969753099e-01
9.983761009515712548e-02
9.953827549919463946e-02
9.924041025958205142e-02
9.894400568151454078e-02
9.864905312464486431e-02
9.835554400283712251e-02
9.806346978391901337e-02
9.777282198943096359e-02
9.748359219437391365e-02
9.719577202695491025e-02
9.691166599366921042e-02
9.663107036220401624e-02
9.635179969828575053e-02
9.607384648983345599e-02
9.579720327004218050e-02
9.552186261718412230e-02
9.524781715440991392e-02
9.497505954954556240e-02
9.470358251489031931e-02
9.443337880701134501e-02
9.416444122653783166e-02
9.389676261795290579e-02
9.363033586938528108e-02
9.336757056369342223e-02
9.310832809456787151e-02
9.285025427838802803e-02
9.259334282563283502e-02
9.233758748391399096e-02
9.208298203777720570e-02
9.182952030850229097e-02
9.157719615390479129e-02
9.132600346813733727e-02
9.107593618149147086e-02
9.082698826019897087e-02
9.057915370623441376e-02
9.033242655711780367e-02
9.008680088571749400e-02
8.984227080005299793e-02
8.959883044309925604e-02
8.935647399259034895e-02
8.911519566082388988e-02
8.887498969446673558e-02
8.863585037435960101e-02
8.839777201532361683e-02
8.816074896596623467e-02
8.792477560848942220e-02
8.768984635849545739e-02
8.745595566479638650e-02
8.722309800922264933e-02
8.699126790643167684e-02
8.676045990371816785e-02
8.653066858082507362e-02
8.630188854975398560e-02
8.607411445457736898e-02
8.584734097125078234e-02
8.562156280742629078e-02
8.539677470226593459e-02
8.517297142625619710e-02
8.495014778102405462e-02
8.472829859915126383e-02
8.450741874399242404e-02
8.428750310949155444e-02
8.406854662000014244e-02
8.385054423009634383e-02
8.363349092440401644e-02
8.341738171741347463e-02
8.320221165330218827e-02
8.298797580575656418e-02
8.277466927779464356e-02
8.256228720158965972e-02
8.235082473829409555e-02
8.214027707786385191e-02
8.193063943888517775e-02
8.172190706840005980e-02
8.151407524173437391e-02
8.130713926232578659e-02
8.110109446155167046e-02
8.089593619856047524e-02
8.069165986010112812e-02
8.048826086035457128e-02
8.028651250101637160e-02
8.008796225952816150e-02
7.989023618523273529e-02
7.969333025128561010e-02
7.949724045221709390e-02
7.930196280382841023e-02
7.910749334308934955e-02
7.891382812803469926e-02
7.872207487055453423e-02
7.853572812499143296e-02
7.835011087899328153e-02
7.816521990934895137e-02
7.798105200678714932e-02
7.779760397594748245e-02
7.761487263535273018e-02
7.743285481737775811e-02
7.725154736822023582e-02
7.707094714786887069e-02
7.689105103007259912e-02
7.671185590230797380e-02
7.653335866574681456e-02
7.635650198953657097e-02
7.618111570634962526e-02
7.600640217731051418e-02
7.583235845439167955e-02
7.565898160295027319e-02
7.548626870168267944e-02
7.531421684257953719e-02
7.514282313087952692e-02
7.497208468502410128e-02
7.480199863661088355e-02
7.463256213034777375e-02
7.446377232400676338e-02
7.429562638837743094e-02
7.412812150721978521e-02
7.396125487721839920e-02
7.379502370793503130e-02
7.362942522176119109e-02
7.346445665387185686e-02
7.330011525217761115e-02
7.313639827727784481e-02
7.297330300241268441e-02
7.281082671341600199e-02
7.264896670866723138e-02
7.248772029904426706e-02
7.232708480787559957e-02
7.216705757089225681e-02
7.200763593617970360e-02
7.184881726413071268e-02
7.169059892739608475e-02
7.153297831083829661e-02
7.137595281148170767e-02
7.122008634670742855e-02
7.106640162456655252e-02
7.091329575443360012e-02
7.076076620176523224e-02
7.060881044400753315e-02
7.045742597054588385e-02
7.030661028265303147e-02
7.015636089343782467e-02
7.000667532779469848e-02
6.985755112235184083e-02
6.970939346545754201e-02
6.956263547092293720e-02
6.941641702892843713e-02
6.927073587039404845e-02
6.912558973616483859e-02
6.898097637697678253e-02
6.883689355342334504e-02
6.869333903592179935e-02
6.855031060467979553e-02
6.840780604966048561e-02
6.826582317054963323e-02
6.812435977672133547e-02
6.798341368720349498e-02
6.784298273064408302e-02
6.770306474527683360e-02
6.756365757888668777e-02
6.742475908877587631e-02
6.728636714172914202e-02
6.714847961397950316e-02
6.701109439117364230e-02
6.687420936833742002e-02
6.673782244984127754e-02
6.660193154936519533e-02
6.646653458986523377e-02
6.633162950353727050e-02
6.619721423178376307e-02
6.606328672517738920e-02
6.592984494342786495e-02
6.579688685534672288e-02
6.566441043881143802e-02
6.553241368073224604e-02
6.540089457701632469e-02
6.526985113253301607e-02
6.513928136107953459e-02
6.500918328534552315e-02
6.487955493687858066e-02
6.475039435604966476e-02
6.462169959201792546e-02
6.449346870269542786e-02
6.436569975471359562e-02
6.423839082338762829e-02
6.411153999268159875e-02
6.398514535517424440e-02
6.385920501202425881e-02
6.373371707293484789e-02
6.360867965611986807e-02
6.348409088826886815e-02
6.335994890451289441e-02
6.323625184838894964e-02
6.311299787180656151e-02
6.299018513501261629e-02
6.286781180655702517e-02
6.274587606325864042e-02
6.262437609017049156e-02
6.250331008054545168e-02
6.238267623580254218e-02
6.226247276549183585e-02
6.214269788726081017e-02
6.202334982682041614e-02
6.190442681791048785e-02
6.178592710226581824e-02
6.166784892958288716e-02
6.155019055748472967e-02
6.143295025148849675e-02
6.131612628497022655e-02
6.119971693913241195e-02
6.108372050296960454e-02
6.096813527323510784e-02
6.085295955440747639e-02
6.073819165865691760e-02
6.062382990581187403e-02
6.051037405658286211e-02
6.039761905105255069e-02
6.028525549143119722e-02
6.017377506489764161e-02
6.006348161333933261e-02
5.995356123480255484e-02
5.984401252412921424e-02
5.973483408138566958e-02
5.962602451185141511e-02
5.951758242601058735e-02
5.940950643954021754e-02
5.930179517330078781e-02
5.919444725332519142e-02
5.908746131080792885e-02
5.898083598209425543e-02
5.887456990866955786e-02
5.876866173714724584e-02
5.866311011925764984e-02
5.855791371183695360e-02
5.845307117681512038e-02
5.834858118120355569e-02
5.824444239708457399e-02
5.814065350159801360e-02
5.803721317692936421e-02
5.793412011029790143e-02
5.783137299394352365e-02
5.772897052511494903e-02
5.762691140605616380e-02
5.752519434399468168e-02
5.742381805112779791e-02
5.732278124460983559e-02
5.722208264653899645e-02
5.712172098394477371e-02
5.702169498877401183e-02
5.692200339787709118e-02
5.682683815290418688e-02
5.673262654448862907e-02
5.663871616177149071e-02
5.654510597009880513e-02
5.645179493793439640e-02
5.635878203686029569e-02
5.626606624157939190e-02
5.617364652991675700e-02
5.608152188282082562e-02
5.598969128436530329e-02
5.589815372174915947e-02
5.580690818529772390e-02
5.571595366846354702e-02
5.562528916782581018e-02
5.553491368309130399e-02
5.544482621709399817e-02
5.535502577579422268e-02
5.526551136827942412e-02
5.517628200676211181e-02
5.508733670657998960e-02
5.499867448619438770e-02
5.491029436718921491e-02
5.482219537426984146e-02
5.473477894105067271e-02
5.464840176301543478e-02
5.456229337913532512e-02
5.447645289778525052e-02
5.439087942987089197e-02
5.430557208883181330e-02
5.422052999064395223e-02
5.413575225382199346e-02
5.405123799942226220e-02
5.396698635104373726e-02
5.388299643483102780e-02
5.379926737947570564e-02
5.371579831621763057e-02
5.363258837884660180e-02
5.354963670370366247e-02
5.346694242968139110e-02
5.338450469822599714e-02
5.330232265333673114e-02
5.322039544156744600e-02
5.313872221202611823e-02
5.305730211637570137e-02
5.297613430883398034e-02
5.289521794617295380e-02
5.281455218771970855e-02
5.273413619535526065e-02
5.265396913351384073e-02
5.257405016918283158e-02
5.249437847190163015e-02
5.241495321376066913e-02
5.233577356940052883e-02
5.225683871601048691e-02
5.217814783332786616e-02
5.209970010363527276e-02
5.202149471176033962e-02
5.194353084507351975e-02
5.186580769348600461e-02
5.178832444944813512e-02
5.171108030794736160e-02
5.163407446650598864e-02
5.155730612517893385e-02
5.148077448655113270e-02
5.140447875573565806e-02
5.132841814037058387e-02
5.125259185061649403e-02
5.117699909915392198e-02
5.110163910117982572e-02
