4.737745248513421714e+00
2.093733285645493325e+00
1.379763597581567636e+00
1.079030284960538433e+00
9.383740368817236055e-01
8.632077125770865056e-01
8.214125684357520552e-01
8.030353982972147087e-01
7.874219879310118131e-01
7.744344726050138572e-01
7.634353123201579328e-01
7.528089044760182258e-01
7.427141469364998416e-01
7.345460504196790197e-01
7.267601178792122418e-01
7.192784466089446882e-01
7.120758779335126798e-01
7.051257452378639767e-01
6.984030835538523885e-01
6.918857507004361196e-01
6.855546049414398269e-01
6.793932889845982759e-01
6.733878784244244908e-01
6.675265108778065670e-01
6.622285010334929556e-01
6.571880534746725733e-01
6.523552760345655566e-01
6.476019388575002811e-01
6.429760203151164699e-01
6.384404242857624201e-01
6.339757387830058377e-01
6.295792285742599637e-01
6.252483871131216953e-01
6.209809040212557196e-01
6.167746383610657190e-01
6.126275966072548540e-01
6.085379144280682606e-01
6.045038415555963329e-01
6.006642096012003718e-01
5.969136329843695021e-01
5.932074320539668655e-01
5.895443847471296683e-01
5.860652896574477522e-01
5.826925095564448043e-01
5.793531747461256876e-01
5.760465601649794598e-01
5.727719756021198982e-01
5.695287627900297300e-01
5.663162928527937234e-01
5.631339640545188763e-01
5.599811998023740411e-01
5.568574468665974386e-01
5.537621737862705729e-01
5.506948694349246276e-01
5.476550417243435387e-01
5.446422164284495659e-01
5.416559361120587557e-01
5.386957591516624566e-01
5.357612588373603657e-01
5.328520225466928384e-01
5.299676509824676751e-01
5.271077574677901501e-01
5.242719672924515129e-01
5.214599171056021332e-01
5.186712543503017026e-01
5.159056367360914663e-01
5.131627317462006399e-01
5.104825708923083072e-01
5.078292026466325604e-01
5.051970574385599155e-01
5.025858387405830463e-01
4.999952584795639421e-01
4.974250366121770739e-01
4.948749007284679036e-01
4.923445856813284949e-01
4.898560735659045484e-01
4.874154852504919977e-01
4.850249344055331258e-01
4.826519974040695549e-01
4.802964594381672891e-01
4.779648913152896306e-01
4.757121667070329241e-01
4.735299450878577288e-01
4.713625405165289273e-01
4.692098024635782960e-01
4.670715829068116665e-01
4.649477362510562317e-01
4.628381192516992648e-01
4.607425909418408350e-01
4.586610125628935442e-01
4.565932474984563672e-01
4.545391612113097723e-01
4.524986211833725847e-01
4.504714968584748735e-01
4.484576595878037586e-01
4.464569825778839096e-01
4.444693408409637336e-01
4.424946111476833477e-01
4.405494726016397911e-01
4.386170360467541718e-01
4.366969573383392422e-01
4.347891226986442814e-01
4.328934198591928850e-01
4.310166253580136053e-01
4.291623603728665359e-01
4.273205562818727099e-01
4.254902570827951425e-01
4.236713603497592184e-01
4.218637649300933656e-01
4.200673709173534665e-01
4.182820796255004026e-01
4.165077935641628426e-01
4.147444164149226009e-01
4.129918530085634476e-01
4.112500093032264159e-01
4.095187923634194260e-01
4.077981103398333196e-01
4.060878724499137338e-01
4.043879889591501797e-01
4.026983711630375828e-01
4.010208382822723072e-01
3.993549926326717125e-01
3.976991190111824337e-01
3.960531331393801757e-01
3.944418756002202042e-01
3.928590661796446115e-01
3.912855692940945818e-01
3.897213076772664264e-01
3.881662049018196337e-01
3.866201853669693489e-01
3.850831742864573304e-01
3.835596797580769768e-01
3.820885720678336428e-01
3.806255377967276421e-01
3.791705146939597371e-01
3.777234411331330532e-01
3.762842561045351419e-01
3.748528992075976229e-01
3.734293106435249143e-01
3.720134312080813910e-01
3.706052022845281457e-01
3.692045658367007488e-01
3.678114644022208446e-01
3.664258410858345361e-01
3.650476395528696183e-01
3.636768040228078314e-01
3.623132792629648047e-01
3.609570105822733077e-01
3.596079438251639782e-01
3.582660253655412519e-01
3.569312021008481106e-01
3.556034214462177045e-01
3.542958189226999566e-01
3.530084284733406297e-01
3.517275742329849519e-01
3.504532092630301410e-01
3.491852870907496964e-01
3.479237617034573460e-01
3.466685875427736874e-01
3.454207181005763960e-01
3.441911070430010433e-01
3.429674957138292846e-01
3.417498440295522188e-01
3.405381122632148427e-01
3.393322610407021322e-01
3.381322513370706440e-01
3.369380444729275781e-01
3.357496021108518636e-01
3.345668862518593190e-01
3.333898592319092802e-01
3.322184837184503081e-01
3.310527227070052536e-01
3.298925395177956799e-01
3.287378977924016454e-01
3.275887614904590128e-01
3.264450948863915070e-01
3.253068625661784674e-01
3.241740294241550746e-01
3.230465606598484918e-01
3.219244217748433168e-01
3.208075785696834492e-01
3.196959971408022128e-01
3.185896438774864503e-01
3.174884854588693184e-01
3.163924888509555000e-01
3.153016213036748394e-01
3.142158503479674514e-01
3.131351437928965309e-01
3.120594697227911385e-01
3.109887964944176852e-01
3.099230927341801167e-01
3.088623273353474086e-01
3.078064694553099834e-01
3.067554885128636055e-01
3.057093541855204211e-01
3.046680364068470315e-01
3.036315053638304895e-01
3.025997314942706629e-01
3.015726854841979110e-01
3.005503382653197941e-01
2.995326610124912081e-01
2.985196251412120527e-01
2.975112023051509347e-01
2.965073643936929071e-01
2.955080835295143538e-01
2.945133320661815768e-01
2.935230825857756964e-01
2.925373078965416429e-01
2.915559810305619615e-01
2.905790752414554312e-01
2.896065640020990539e-01
2.886384210023757446e-01
2.876746201469441711e-01
2.867151355530337953e-01
2.857793299018075994e-01
2.848495000613984751e-01
2.839236895370968461e-01
2.830018753754629524e-01
2.820840348023473387e-01
2.811701452211491370e-01
2.802601842110891139e-01
2.793541295254995949e-01
2.784519590901307073e-01
2.775536510014722791e-01
2.766591835250916676e-01
2.757685350939886315e-01
2.748816843069648574e-01
2.739986099270098618e-01
2.731192908797033247e-01
2.722621003429044895e-01
2.714183054851216914e-01
2.705779941820163903e-01
2.697411479479415730e-01
2.689077484293808662e-01
2.680777774037360062e-01
2.672512167781264103e-01
2.664280485881974081e-01
2.656082549969437934e-01
2.647918182935405929e-01
2.639787208921869355e-01
2.631689453309607463e-01
2.623624742706846535e-01
2.615592904938018881e-01
2.607593769032646169e-01
2.599627165214316027e-01
2.591692924889781313e-01
2.583790880638156540e-01
2.575920866200222537e-01
2.568082716467851578e-01
2.560276267473509115e-01
2.552543315522581291e-01
2.544886954667020529e-01
2.537261144044736794e-01
2.529665727856387214e-01
2.522100551371191379e-01
2.514565460917340123e-01
2.507060303872510332e-01
2.499584928654446092e-01
2.492139184711660849e-01
2.484722922514211729e-01
2.477335993544569348e-01
2.469978250288583921e-01
2.462649546226544639e-01
2.455349735824309265e-01
2.448078674524547804e-01
2.440836218738057228e-01
2.433622225835168351e-01
2.426436554137244850e-01
2.419279062908261668e-01
2.412149612346476957e-01
2.405048063576180062e-01
2.397974278639527224e-01
2.390928120488469977e-01
2.383909452976747945e-01
2.376918140851988215e-01
2.369954049747857450e-01
2.363017046176326963e-01
2.356106997519984980e-01
2.349223772024458812e-01
2.342367238790893091e-01
2.335537267768520997e-01
2.328816450427241558e-01
2.322127895019174826e-01
2.315464448907055828e-01
2.308825998419599679e-01
2.302212430512040331e-01
2.295623632762173183e-01
2.289059493366412401e-01
2.282519901135867668e-01
2.276004745492434533e-01
2.269513916464916681e-01
2.263047304685156802e-01
2.256604801384190784e-01
2.250186298388421602e-01
2.243791688115816529e-01
2.237420863572118501e-01
2.231073718347085788e-01
2.224750146610746659e-01
2.218450043109677361e-01
2.212173303163299798e-01
2.205919822660205865e-01
2.199689498054495929e-01
2.193482226362140908e-01
2.187300988595679285e-01
2.181145207548926268e-01
2.175012146104831623e-01
2.168901703673017101e-01
2.162813780205113112e-01
2.156748276191276237e-01
2.150705092656740869e-01
2.144684131158383911e-01
2.138685293781315000e-01
2.132708483135485611e-01
2.126753602352322858e-01
2.120820555081380787e-01
2.114909245487020251e-01
2.109019578245098780e-01
2.103151458539699870e-01
2.097304792059857259e-01
2.091479484996333071e-01
2.085675444038392334e-01
2.079892576370606094e-01
2.074130789669681452e-01
2.068389992101306862e-01
2.062670092317024639e-01
2.056970999451113169e-01
2.051292623117505209e-01
2.045634873406720344e-01
2.039997660882810759e-01
2.034380896580343101e-01
2.028784492001394768e-01
2.023208359112559362e-01
2.017652410342001823e-01
2.012116558576496073e-01
2.006600717158518454e-01
2.001104799883342278e-01
1.995628720996149297e-01
1.990172395189184207e-01
1.984735737598903316e-01
1.979318663803158185e-01
1.973921089818392871e-01
1.968542932096870590e-01
1.963184107523905930e-01
1.957844533415132871e-01
1.952524127513774466e-01
1.947222807987948057e-01
1.941940493427981307e-01
1.936677102843754050e-01
1.931432555662045969e-01
1.926206771723917854e-01
1.920999671282109522e-01
1.915811174998446331e-01
1.910641203941275956e-01
1.905561485759675877e-01
1.900562557425016230e-01
1.895581286860438530e-01
1.890617600253530206e-01
1.885671424162293774e-01
1.880742685512891144e-01
1.875831311597382367e-01
1.870946033384464358e-01
1.866193106489515141e-01
1.861456651016059061e-01
1.856736599367083129e-01
1.852032884276088309e-01
1.847345438805152451e-01
1.842674196342999893e-01
1.838019090603084382e-01
1.833380055621690041e-01
1.828757025756030941e-01
1.824149935682385648e-01
1.819558720394218176e-01
1.814983315200330294e-01
1.810423655723024938e-01
1.805879677896266300e-01
1.801351317963868770e-01
1.796838512477691996e-01
1.792341198295847038e-01
1.787859312580914461e-01
1.783392792798174642e-01
1.778941576713851946e-01
1.774505602393368631e-01
1.770084808199608728e-01
1.765679132791198314e-01
1.761288515120792431e-01
1.756912894433377281e-01
1.752552210264580745e-01
1.748206402438995666e-01
1.743875411068514236e-01
1.739559176550675712e-01
1.735257639567020227e-01
1.730970741081457598e-01
1.726698422338643069e-01
1.722440624862374425e-01
1.718197290453986614e-01
1.713968361190760514e-01
1.709753779424351694e-01
1.705553487779216670e-01
1.701367429151059429e-01
1.697195546705282942e-01
1.693037783875455393e-01
1.688894084361778070e-01
1.684764392129578792e-01
1.680648651407798677e-01
1.676546806687498892e-01
1.672458802720377669e-01
1.668384584517292601e-01
1.664324097346796538e-01
1.660277286733679025e-01
1.656244098457522740e-01
1.652224478551268250e-01
1.648218373299785156e-01
1.644225729238454892e-01
1.640246493151762963e-01
1.636280612071906448e-01
1.632328033277395674e-01
1.628388704291682809e-01
1.624462572881784639e-01
1.620549587056926977e-01
1.616649695067192971e-01
1.612762845402174461e-01
1.608888986789639708e-01
1.605028068194212509e-01
1.601180038816052142e-01
1.597344848089544689e-01
1.593522445682005739e-01
1.589712781492391147e-01
1.585915805650014165e-01
1.582131468513268135e-01
1.578359720668370825e-01
1.574600512928100160e-01
1.570853796330547170e-01
1.567119522137878362e-01
1.563397641835105323e-01
1.559688107128855139e-01
1.555990869946163313e-01
1.552305882433257234e-01
1.548633096954362964e-01
1.544972466090512586e-01
1.541323942638358480e-01
1.537687479608998986e-01
1.534063030226808511e-01
1.530450547928279281e-01
1.526849986360867273e-01
1.523261299381844514e-01
1.519684441057164714e-01
1.516119365660329732e-01
1.512566027671269353e-01
1.509024381775221080e-01
1.505494382861628788e-01
1.501975986023032783e-01
1.498469146553981779e-01
1.494973819949942107e-01
1.491489961906221351e-01
1.488017528316891436e-01
1.484556475273725584e-01
1.481106759065137501e-01
1.477668336175129438e-01
1.474241163282247191e-01
1.470825197258539552e-01
1.467420395168529401e-01
1.464026714268184814e-01
1.460644112003904038e-01
1.457272546011496861e-01
1.453911974115187078e-01
1.450562354326605241e-01
1.447223644843802781e-01
1.443895804050260578e-01
1.440578790513908358e-01
1.437272562986151581e-01
1.433977080400909709e-01
1.430692301873643657e-01
1.427418186700409042e-01
1.424154694356899176e-01
1.420901784497510811e-01
1.417659416954398233e-01
1.414427551736546773e-01
1.411206149028842449e-01
1.407995169191159912e-01
1.404794572757439020e-01
1.401604320434784445e-01
1.398424373102557516e-01
1.395254691811483871e-01
1.392095237782758899e-01
1.388945972407165663e-01
1.385806857244186729e-01
1.382677854021142350e-01
1.379558924632310890e-01
1.376450031138070906e-01
1.373351135764036834e-01
1.370262200900213834e-01
1.367183189100144580e-01
1.364114063080069106e-01
1.361054785718087412e-01
1.358005320053327913e-01
1.354965629285117545e-01
1.351935676772167416e-01
1.348915426031746800e-01
1.345904840738881281e-01
1.342903884725535901e-01
1.339912521979823579e-01
1.336930716645201023e-01
1.333958433019684919e-01
1.330995635555053402e-01
1.328042288856075281e-01
1.325098357679727334e-01
1.322163806934423536e-01
1.319238601679243450e-01
1.316322707123179225e-01
1.313416088624361489e-01
1.310518711689321047e-01
1.307630541972229776e-01
1.304751545274157876e-01
1.301881687542340849e-01
1.299020934869431487e-01
1.296169253492778228e-01
1.293326609793694904e-01
1.290492970296738540e-01
1.287668301668991877e-01
1.284852570719346720e-01
1.282045744397800890e-01
1.279247789794746570e-01
1.276458674140272254e-01
1.273678364803467467e-01
1.270906829291726936e-01
1.268144035250064749e-01
1.265389950460427682e-01
1.262644542841018236e-01
1.259907780445614911e-01
1.257179631462903013e-01
1.254460064215805193e-01
1.251749047160815587e-01
1.249046548887345343e-01
1.246352538117057596e-01
1.243666983703224649e-01
1.240989854630070166e-01
1.238321120012133153e-01
1.235660749093619587e-01
1.233008711247770284e-01
1.230364975976223352e-01
1.227729512908389414e-01
1.225102291800820031e-01
1.222483282536593607e-01
1.219872455124686589e-01
1.217269779699364785e-01
1.214675226519570245e-01
1.212088765968312443e-01
1.209510368552069171e-01
1.206940004900180219e-01
1.204377645764246885e-01
1.201823262017545774e-01
1.199276824654439549e-01
1.196738304789778662e-01
1.194207673658329444e-01
1.191684902614186525e-01
1.189169963130201207e-01
1.186662826797404424e-01
1.184163465324438030e-01
1.181671850536985258e-01
1.179187954377211023e-01
1.176711748903200988e-01
1.174243206288400065e-01
1.171782298821063689e-01
1.169328998903703121e-01
1.166883279052539496e-01
1.164445111896958707e-01
1.162014470178972247e-01
1.159591326752674595e-01
1.157175654583712243e-01
1.154767426748744413e-01
1.152366616434924163e-01
1.149973196939362841e-01
1.147587141668613420e-01
1.145208424138146330e-01
1.142837017971831959e-01
1.140472896901427308e-01
1.138116034766068624e-01
1.135766405511752786e-01
1.133423983190840756e-01
1.131088741961549793e-01
1.128760656087456626e-01
1.126439699936996885e-01
1.124125847982970910e-01
1.121819074802056365e-01
1.119519355074313077e-01
1.117226663582700369e-01
1.114940975212592722e-01
1.112662264951297247e-01
1.110390507887580314e-01
1.108125679211186820e-01
1.105867754212368909e-01
1.103616708281419112e-01
1.101372516908194488e-01
1.099135155681661424e-01
1.096904600289425186e-01
1.094680826517274719e-01
1.092463810248725103e-01
1.090253527464558475e-01
1.088049954242374245e-01
1.085853066756143487e-01
