3.919434905523292656e+00
2.080612176480411080e+00
1.449619606121084647e+00
1.127989334784739617e+00
9.629541464653043059e-01
8.704850458030021221e-01
8.222949164823128987e-01
8.041795014783174045e-01
7.895011992369829201e-01
7.797895237130202384e-01
7.706346057960961060e-01
7.629517068371298727e-01
7.563308800317125602e-01
7.504076504656169710e-01
7.445712462781840513e-01
7.389291004794958928e-01
7.334503641651659578e-01
7.280361340519649893e-01
7.226850613498713161e-01
7.173949449345657925e-01
7.121634751868276547e-01
7.069885454220536936e-01
7.018683533609427760e-01
6.968014059520153403e-01
6.917864842129678449e-01
6.868225955744372557e-01
6.819089263460429429e-01
6.770447994928173729e-01
6.722296393074345122e-01
6.674629429111303969e-01
6.627442578387664485e-01
6.580731647586465227e-01
6.534492643895906117e-01
6.488812061948238119e-01
6.444252362650767507e-01
6.400209713922853094e-01
6.358571050903746302e-01
6.317355523722373301e-01
6.276556236500143715e-01
6.236166602674654280e-01
6.197155222145244169e-01
6.159562521814081482e-01
6.124216195970692000e-01
6.089164385869283436e-01
6.054404794798454725e-01
6.019935032241726658e-01
5.985752623507941683e-01
5.951855019419000081e-01
5.918239605832357197e-01
5.884903712841207390e-01
5.851844623545656709e-01
5.819059582326295832e-01
5.786545802580516096e-01
5.754300473903266600e-01
5.722320768710057459e-01
5.690603848311258650e-01
5.659146868455029455e-01
5.628089616842912868e-01
5.597402289676376430e-01
5.566951328548248590e-01
5.536734463788424154e-01
5.506749421449697035e-01
5.476993927016307051e-01
5.447465708717267319e-01
5.418162500479979382e-01
5.389082044556806617e-01
5.360222093854403180e-01
5.332246065675724234e-01
5.304729915249598582e-01
5.277407263646954894e-01
5.250276488123888363e-01
5.223335963538183746e-01
5.196584064489532251e-01
5.170019167234634061e-01
5.143639651397965418e-01
5.117443901497205072e-01
5.091430308300500807e-01
5.065597270031226840e-01
5.039943193434484048e-01
5.014466494718293754e-01
4.989165600381260113e-01
4.964636522885017000e-01
4.940401554280531848e-01
4.917259207935838483e-01
4.894308780364067246e-01
4.871487204466350973e-01
4.848793852974396246e-01
4.826228090984903685e-01
4.803789276781184059e-01
4.781476762592073992e-01
4.759289895293173922e-01
4.737228017054900264e-01
4.715290465941607279e-01
4.693476576465552275e-01
4.672249440848527113e-01
4.651160865293549329e-01
4.630531277354583697e-01
4.610691893529678120e-01
4.591298322636235274e-01
4.572415880136155297e-01
4.553621537493500737e-01
4.534915211648190558e-01
4.516296802437066438e-01
4.498336136967765464e-01
4.480642042793464563e-01
4.463028444109947701e-01
4.445495259955961065e-01
4.428042395615381932e-01
4.410669743259253428e-01
4.393377182558370619e-01
4.376164581267958376e-01
4.359031795785948127e-01
4.341978671686242408e-01
4.325005044228265039e-01
4.308110738844053711e-01
4.291295571604008541e-01
4.274559349662422902e-01
4.257901871683791306e-01
4.241374205515164864e-01
4.225012420732650043e-01
4.208724272985514547e-01
4.192509634852104594e-01
4.176368370162268917e-01
4.160300334368984276e-01
4.144305374905484229e-01
4.128383331528538425e-01
4.112534036648514690e-01
4.096757315646850084e-01
4.081052987181440495e-01
4.065420863480544988e-01
4.049860750625668970e-01
4.034465087591250776e-01
4.019150283019891634e-01
4.003907157712966458e-01
3.988735456932123169e-01
3.973663521117490882e-01
3.958951179001719556e-01
3.944303565380612442e-01
3.929720508474836560e-01
3.915201832129431847e-01
3.900747356000687782e-01
3.886356895736438610e-01
3.872030263150070262e-01
3.857767266388482663e-01
3.843567710094266676e-01
3.829431395562287732e-01
3.815358120890963711e-01
3.801347681128367517e-01
3.787399868413398041e-01
3.773514472112202145e-01
3.759691278950032522e-01
3.745930073138670213e-01
3.732230636499641041e-01
3.718592748583324226e-01
3.705016186784141352e-01
3.691500726451932279e-01
3.678046140999690627e-01
3.664652202007744330e-01
3.651318679324552785e-01
3.638045341164207747e-01
3.624831954200742890e-01
3.611678283659398025e-01
3.598584093404908479e-01
3.585549146026933975e-01
3.572573202922712521e-01
3.559656024377049199e-01
3.546797369639704267e-01
3.533996997000287132e-01
3.521254663860718948e-01
3.508570126805357625e-01
3.495943141668843568e-01
3.483373463601766029e-01
3.470860847134172311e-01
3.458405046237045810e-01
3.446005814381768451e-01
3.433662904597657439e-01
3.421376069527620745e-01
3.409145061482002914e-01
3.396969632490667301e-01
3.385058265555266899e-01
3.373284609388474964e-01
3.361564171499446529e-01
3.349896715367945976e-01
3.338282004350468513e-01
3.326719801722066716e-01
3.315209870716826490e-01
3.303751974567040173e-01
3.292345876541095118e-01
3.280991339980127708e-01
3.269688128333475552e-01
3.258436005192956730e-01
3.247234734326018279e-01
3.236084079707779448e-01
3.224983805551996929e-01
3.213933676340999801e-01
3.202933456854600847e-01
3.192002290094871908e-01
3.181332587174555138e-01
3.170711207330156323e-01
3.160137914926331448e-01
3.149612474820732144e-01
3.139134652387318147e-01
3.128704213538805456e-01
3.118320924748262946e-01
3.108169206435476006e-01
3.098109152879793271e-01
3.088093697240328339e-01
3.078122622346979864e-01
3.068195711553836635e-01
3.058312748758358901e-01
3.048473518419816952e-01
3.038677805577021385e-01
3.028925395865349479e-01
3.019216075533115995e-01
3.009699947946083975e-01
3.000226018816579132e-01
2.990793612449733074e-01
2.981402520186426375e-01
2.972052534114187905e-01
2.962743447077560988e-01
2.953475052688003255e-01
2.944247145333322435e-01
2.935059520186668047e-01
2.925911973215075679e-01
2.916804301187590487e-01
2.907736301682986579e-01
2.898707773097084495e-01
2.889718514649672332e-01
2.880768326391062173e-01
2.871857009208281797e-01
2.862984364830901129e-01
2.854150195836527293e-01
2.845354305655966032e-01
2.836596498578050074e-01
2.827876579754167174e-01
2.819194355202470637e-01
2.810549631811815607e-01
2.801942217345382291e-01
2.793371920444051582e-01
2.784838550629488152e-01
2.776341918306974854e-01
2.767907024367336488e-01
2.759525529888403050e-01
2.751179666833964976e-01
2.742869255658091920e-01
2.734594117607100916e-01
2.726354074723416065e-01
2.718148949849154006e-01
2.710037538061642604e-01
2.702116972577623955e-01
2.694229665899193771e-01
2.686375450206865967e-01
2.678554158447669087e-01
2.670765624337985145e-01
2.663009682366139219e-01
2.655286167794753682e-01
2.647594916662879827e-01
2.639935765787888022e-01
2.632308552767158583e-01
2.624713115979555034e-01
2.617149294586701980e-01
2.609616928534064795e-01
2.602115858551840577e-01
2.594645926155674243e-01
2.587206973647183661e-01
2.579798844114341572e-01
2.572421381431663212e-01
2.565074430260269600e-01
2.557757836047759858e-01
2.550471445027977513e-01
2.543215104220606926e-01
2.535988661430638169e-01
2.528791965247712548e-01
2.521624865045326569e-01
2.514487210979921006e-01
2.507378853989851164e-01
2.500299645794243908e-01
2.493249438891740333e-01
2.486228086559142125e-01
2.479235442849946069e-01
2.472271362592791955e-01
2.465335701389808620e-01
2.458433658292107082e-01
2.451595031537555369e-01
2.444783711660400427e-01
2.437999565359556808e-01
2.431242460021862395e-01
2.424512263720283167e-01
2.417808845212061353e-01
2.411132073936793352e-01
2.404481820014464921e-01
2.397857954243423906e-01
2.391260348098305510e-01
2.384688873727915659e-01
2.378165882090113592e-01
2.371712552467410140e-01
2.365284095440657042e-01
2.358880394962867555e-01
2.352501335576406560e-01
2.346146802410762622e-01
2.339816681180291458e-01
2.333510858181940539e-01
2.327229220292950651e-01
2.320971654968546072e-01
2.314738050239602551e-01
2.308528294710300854e-01
2.302342277555770311e-01
2.296179888519705170e-01
2.290041017911990662e-01
2.283925556606283824e-01
2.277833396037615143e-01
2.271764428199956887e-01
2.265718545643795601e-01
2.259736721520544667e-01
2.253816282292219197e-01
2.247982669873727357e-01
2.242210248687001306e-01
2.236458248093188828e-01
2.230726585045074983e-01
2.225015176821118768e-01
2.219323941025318214e-01
2.213652795587048860e-01
2.208001658760863350e-01
2.202370449126269392e-01
2.196759085587472182e-01
2.191303960745006607e-01
2.185882966833009589e-01
2.180480479476879785e-01
2.175096426150416040e-01
2.169730734604974065e-01
2.164383332869226628e-01
2.159054149248933463e-01
2.153743112326657050e-01
2.148450150961479788e-01
2.143175194288685081e-01
2.137918171719423444e-01
2.132679012940360552e-01
2.127457647913296723e-01
2.122254006874782495e-01
2.117068020335693412e-01
2.111902872523110097e-01
2.106779209238704154e-01
2.101672907879761076e-01
2.096583900357466834e-01
2.091512118853206259e-01
2.086457495818065389e-01
2.081419963972317433e-01
2.076399456304903468e-01
2.071395906072891757e-01
2.066409246800925970e-01
2.061477723204227508e-01
2.056602730871176787e-01
2.051771981906779507e-01
2.046970775793377217e-01
2.042185725768802529e-01
2.037416768703381453e-01
2.032663841719339615e-01
2.027926882190257962e-01
2.023205827740501561e-01
2.018500616244647550e-01
2.013811185826903105e-01
2.009137474860504535e-01
2.004479421967122199e-01
1.999836966016236006e-01
1.995210046124517300e-01
1.990598601655198530e-01
1.986002572217431816e-01
1.981421897665633369e-01
1.976856518098839555e-01
1.972312862943356171e-01
1.967833336956928691e-01
1.963368752455621757e-01
1.958919051125781463e-01
1.954484174891651660e-01
1.950064065914709766e-01
1.945658666592988140e-01
1.941274063959442520e-01
1.936911999687978558e-01
1.932630146244409541e-01
1.928365910761028201e-01
1.924115834697375238e-01
1.919879862819848237e-01
1.915657940121224256e-01
1.911450011819995354e-01
1.907256023359682751e-01
1.903075920408160981e-01
1.898909648856971777e-01
1.894757154820629619e-01
1.890618384635930627e-01
1.886493284861250064e-01
1.882381802275839566e-01
1.878283883879117988e-01
1.874199476889962523e-01
1.870128528745992891e-01
1.866070987102854128e-01
1.862026799833487178e-01
1.857995915027420564e-01
1.853978280990023764e-01
1.849973846241788067e-01
1.845982559517594934e-01
1.842004369765969096e-01
1.838039226148351080e-01
1.834087078038351415e-01
1.830147875021012616e-01
1.826221566892057557e-01
1.822308103657147293e-01
1.818407435531135541e-01
1.814519512937312617e-01
1.810644286506657985e-01
1.806781707077083909e-01
1.802931725692688836e-01
1.799094293602992167e-01
1.795269362262182922e-01
1.791456883328363392e-01
1.787656808662789198e-01
1.783869090329107399e-01
1.780093680592600702e-01
1.776330531919425026e-01
1.772579596975851213e-01
1.768840828627497030e-01
1.765114179938571115e-01
1.761399604171111632e-01
1.757697054784218005e-01
1.754006485433297069e-01
1.750327849969291194e-01
1.746661102437921942e-01
1.743006197078930397e-01
1.739363088325310280e-01
1.735731730802543005e-01
1.732112079327848830e-01
1.728504088909411651e-01
1.724907714745629317e-01
1.721322912224349522e-01
1.717749636922110412e-01
1.714187844603382305e-01
1.710649087727000583e-01
1.707121666929736770e-01
1.703605452845310120e-01
1.700100403450117981e-01
1.696656156282102812e-01
1.693227821716163095e-01
1.689810101832694145e-01
1.686402958110351791e-01
1.683006352177428278e-01
1.679620245811326573e-01
1.676244600938051332e-01
1.672879379631680152e-01
1.669524544113853426e-01
1.666180056753249483e-01
1.662845880065070003e-01
1.659521976710518765e-01
1.656208309496286224e-01
1.652904841374029654e-01
1.649611535439854393e-01
1.646328354933797589e-01
1.643055263239313335e-01
1.639792223882747535e-01
1.636539200532831362e-01
1.633296157000157511e-01
1.630063057236669777e-01
1.626839865335141522e-01
1.623626545528664145e-01
1.620423062190138319e-01
1.617229379831745806e-01
1.614045463104450129e-01
1.610871276797476714e-01
1.607706785837800800e-01
1.604551955289638676e-01
1.601406750353938369e-01
1.598271136367859224e-01
1.595185340518762152e-01
1.592147129002025041e-01
1.589117956867750203e-01
1.586097792483700530e-01
1.583086604336701175e-01
1.580084361032217388e-01
1.577091031293942902e-01
1.574106583963372497e-01
1.571130987999398154e-01
1.568164212477881347e-01
1.565206226591243921e-01
1.562256999648052314e-01
1.559316501072599281e-01
1.556384700404492560e-01
1.553461567298241863e-01
1.550547071522841436e-01
1.547641182961361772e-01
1.544743871610537445e-01
1.541855107580352990e-01
1.538974861093634627e-01
1.536103102485640026e-01
1.533239802203648083e-01
1.530384930806551469e-01
1.527538458964448065e-01
1.524700357458231570e-01
1.521870597179189877e-01
1.519049149128596510e-01
1.516235984417304838e-01
1.513431074265346177e-01
1.510634390001522054e-01
1.507845903063009252e-01
1.505065584994951522e-01
1.502293407450058793e-01
1.499529342188212766e-01
1.496773361076060294e-01
1.494025436086620917e-01
1.491285539298884133e-01
1.488553642897418317e-01
1.485829719171971319e-01
1.483142289252138146e-01
1.480482388316764486e-01
1.477830136841667419e-01
1.475185508767269116e-01
1.472548478128658245e-01
1.469919019055281328e-01
1.467297105770632715e-01
1.464682712591944824e-01
1.462075813929880341e-01
1.459476384288220796e-01
1.456884398263558200e-01
1.454299830544983629e-01
1.451722655913783022e-01
1.449152849243122987e-01
1.446590385497748543e-01
1.444035239733667542e-01
1.441487387097850348e-01
1.438946802827915650e-01
1.436413462251822926e-01
1.433887340787574627e-01
1.431371700709719863e-01
1.428920620765442573e-01
1.426476283698736858e-01
1.424038667623606369e-01
1.421607750728703101e-01
1.419183511277108678e-01
1.416765927606121189e-01
1.414354978127037588e-01
1.411950641324933864e-01
1.409552895758454660e-01
1.407161720059589560e-01
1.404777092933460481e-01
1.402398993158099905e-01
1.400027399584235499e-01
1.397662291135076396e-01
1.395303646806088094e-01
1.392951445664779575e-01
1.390605666850481259e-01
1.388266289574132673e-01
1.385933293118059018e-01
1.383606656835755511e-01
1.381286360151668391e-01
1.378972382560979815e-01
1.376664703629383035e-01
1.374363302992871183e-01
1.372068160357516609e-01
1.369779255499251058e-01
1.367496568263650292e-01
1.365220078565715645e-01
1.362949766389653372e-01
1.360685611788662874e-01
1.358427594884714096e-01
1.356175695868329922e-01
1.353929894998373296e-01
1.351690172601826556e-01
1.349456509073573562e-01
1.347228884876185140e-01
1.345007280539702588e-01
1.342791676661419242e-01
1.340582053905664817e-01
1.338378393003590294e-01
1.336180674752950048e-01
1.333988880017888956e-01
1.331802989728722297e-01
1.329622984881730363e-01
1.327448846538929472e-01
1.325280555827868245e-01
1.323118093941408058e-01
1.320961442137510988e-01
1.318810581739025822e-01
1.316665494133474057e-01
1.314526160772833963e-01
1.312392563173334359e-01
1.310264682915232293e-01
1.308142501642610700e-01
1.306026001063162745e-01
1.303915162947973105e-01
1.301809969131318412e-01
1.299710401510449087e-01
1.297616442045377849e-01
1.295528072758675708e-01
1.293445275735255195e-01
1.291368033122164416e-01
1.289296327128376662e-01
1.287230140024585856e-01
1.285169454142988665e-01
1.283114251877087997e-01
1.281064515681475668e-01
1.279020228071631460e-01
1.276981371623712724e-01
1.274947928974352052e-01
