4.482202875428622058e+00
2.095755632273724078e+00
1.195102792630100330e+00
9.039774662657207305e-01
8.545123877053115713e-01
8.444220427016269070e-01
8.328641495173002562e-01
8.211963181827480751e-01
8.096771568793735829e-01
7.986709248697081431e-01
7.887818477424840546e-01
7.793128943394824759e-01
7.705428960307255659e-01
7.628235174623306802e-01
7.564983574538304278e-01
7.503559187160192545e-01
7.443791297562613041e-01
7.385568744110938555e-01
7.328783965915309784e-01
7.273337114019722272e-01
7.219137038302317899e-01
7.166101061182318377e-01
7.114154326683070906e-01
7.063229043774655880e-01
7.013263747462307185e-01
6.964202620585232539e-01
6.915994886846564826e-01
6.871030659480221736e-01
6.826905399442289024e-01
6.783326578205769453e-01
6.740273161115344358e-01
6.697725804156237084e-01
6.655666667483070009e-01
6.614079253633873279e-01
6.573023696785578185e-01
6.533115321554381350e-01
6.493607731622057511e-01
6.454489957723362759e-01
6.415751734741068635e-01
6.377383436153755136e-01
6.339376015871636127e-01
6.301720956500416193e-01
6.264410223213344731e-01
6.227436222529472154e-01
6.190791765395293744e-01
6.154470034050829597e-01
6.118464552232031339e-01
6.082769158321598146e-01
6.047377981111417000e-01
6.012484871312350210e-01
5.978060475247292116e-01
5.943894073372751885e-01
5.909982403686457886e-01
5.876322324345619741e-01
5.842910803634510097e-01
5.809744910966163634e-01
5.776821808806034131e-01
5.744138745418225778e-01
5.711693048346044854e-01
5.679791633408367568e-01
5.648461857547766307e-01
5.617337863393740971e-01
5.586418015986398533e-01
5.555700712608012681e-01
5.525184379679994873e-01
5.495049194877822396e-01
5.465970055204358857e-01
5.437629791432223580e-01
5.409465600705992694e-01
5.381476006623777675e-01
5.353659574707620994e-01
5.326014908546816695e-01
5.298540646340683669e-01
5.271235457801307644e-01
5.244098041380530484e-01
5.217127121788832644e-01
5.190321447776976571e-01
5.163679790153870020e-01
5.137200940016887207e-01
5.110883707173038415e-01
5.084726918731513612e-01
5.058729417850036381e-01
5.032890062619190807e-01
5.007207725070351723e-01
4.981681290294403541e-01
4.956309655659534297e-01
4.931091730117691530e-01
4.906026433590220948e-01
4.881112696424205200e-01
4.856397981304528821e-01
4.832348824943469290e-01
4.808440905801201204e-01
4.784673312975733506e-01
4.761045140223297834e-01
4.737555485913964581e-01
4.714203453002404620e-01
4.690988149011542374e-01
4.667908686027105736e-01
4.644964180701334766e-01
4.622153754264265446e-01
4.599476532541234008e-01
4.576931645975355623e-01
4.554518229653951589e-01
4.532406249543557974e-01
4.510509442800316737e-01
4.488733603287242691e-01
4.467409656282834152e-01
4.446315847010949285e-01
4.425439339784699722e-01
4.404823084251847098e-01
4.384308710652884411e-01
4.363895885109572159e-01
4.343584268700426132e-01
4.323373517699702906e-01
4.303263283809144468e-01
4.283253214382668483e-01
4.263342952644070816e-01
4.243532137897884082e-01
4.223820405733572092e-01
4.204207388223136221e-01
4.184807525428654307e-01
4.165733980798476677e-01
4.146760228287946770e-01
4.127873954264064671e-01
4.109074962974539336e-01
4.090363053190517184e-01
4.071738018392472847e-01
4.053199646951439750e-01
4.034747722305671025e-01
4.016382023132794576e-01
3.998102323517628287e-01
3.979908393115663690e-01
3.961799997312395183e-01
3.943776897378519775e-01
3.925838850621158893e-01
3.907985610531138909e-01
3.890216926926468033e-01
3.872532546092061767e-01
3.854932210915819613e-01
3.837415661021147395e-01
3.819982632895991825e-01
3.802632860018468897e-01
3.785366072979196028e-01
3.768181999600370147e-01
3.751544305087761155e-01
3.734999625247861776e-01
3.718531896495345657e-01
3.702140893009589484e-01
3.685826385426950180e-01
3.669588140993980119e-01
3.653425923715635792e-01
3.637339494498654791e-01
3.621328611290265953e-01
3.605393029212389244e-01
3.589532500691464678e-01
3.573746775584090707e-01
3.558035601298559780e-01
3.542398722912493136e-01
3.526835883286640883e-01
3.511346823175021115e-01
3.495931281331495222e-01
3.480588994612908160e-01
3.465319698078897503e-01
3.450123125088506715e-01
3.434999007393652048e-01
3.419947075229624045e-01
3.404967057402648045e-01
3.390058681374648053e-01
3.375221673345276674e-01
3.360455758331315490e-01
3.345822033206215518e-01
3.331374331516852028e-01
3.316994798556993640e-01
3.302683172902559638e-01
3.288439192278806988e-01
3.274262593621443673e-01
3.260153113135774161e-01
3.246110486353988023e-01
3.232409406478318203e-01
3.218906972858277538e-01
3.205467830167659238e-01
3.192091737146866559e-01
3.178778451745847833e-01
3.165527731180529658e-01
3.152339331987451532e-01
3.139213010076651877e-01
3.126148520782890960e-01
3.113292677428406430e-01
3.100644316879822004e-01
3.088055736379381466e-01
3.075526693926589616e-01
3.063056947190254120e-01
3.050646253549767484e-01
3.038294370135072309e-01
3.026001053865362556e-01
3.013766061486572445e-01
3.001589149607668539e-01
2.989470074735807725e-01
2.977408593310368889e-01
2.965404461735917652e-01
2.953457436414124726e-01
2.941567273774666202e-01
2.929733730305154049e-01
2.917956562580105717e-01
2.906235527288993925e-01
2.894570381263407155e-01
2.882960881503333628e-01
2.871406785202614276e-01
2.859907849773578037e-01
2.848463832870880008e-01
2.837074492414577986e-01
2.825739586612458498e-01
2.814458873981651177e-01
2.803232113369527045e-01
2.792059063973930111e-01
2.780939485362740049e-01
2.769873137492792070e-01
2.758859780728185052e-01
2.747899175857972942e-01
2.736991084113279959e-01
2.726135267183833477e-01
2.715331487233960117e-01
2.704579506918029508e-01
2.693879089395386228e-01
2.683229998344763834e-01
2.672631997978222040e-01
2.662084853054592637e-01
2.651588328892461321e-01
2.641142191382707671e-01
2.630746207000593251e-01
2.620400142817437827e-01
2.610103766511862600e-01
2.600037149900260580e-01
2.590024118839033829e-01
2.580059176819277655e-01
2.570142097540344395e-01
2.560272655347071158e-01
2.550450625239046309e-01
2.540675782879536215e-01
2.530947904604054499e-01
2.521439842444384016e-01
2.512075451345807120e-01
2.502755476996889605e-01
2.493479708467648825e-01
2.484247935510404404e-01
2.475059948565788426e-01
2.465915538768500004e-01
2.456814497952815035e-01
2.447756618657862260e-01
2.438741694132671445e-01
2.429769518340988421e-01
2.420844927916367129e-01
2.411995826695757517e-01
2.403189024049558475e-01
2.394424310928908173e-01
2.385701479108938983e-01
2.377020321191309626e-01
2.368380630606579662e-01
2.359782201616411890e-01
2.351224829315581577e-01
2.342708309633851071e-01
2.334232439337660947e-01
2.325797016031683762e-01
2.317401838160220995e-01
2.309046705008447331e-01
2.300731416703526711e-01
2.292455774215584052e-01
2.284219579358543195e-01
2.276022634790834664e-01
2.267864744015981315e-01
2.259745711383061018e-01
2.251665342087048882e-01
2.243623442169043469e-01
2.235619818516390578e-01
2.227654278862685189e-01
2.219726631787679594e-01
2.211836686717081890e-01
2.203984253922259828e-01
2.196169144519850291e-01
2.188391170471269687e-01
2.180650144582137739e-01
2.172945880501613858e-01
2.165278192721649120e-01
2.157698126935131411e-01
2.150163908844867633e-01
2.142665372300104343e-01
2.135210063926208657e-01
2.128002425562040834e-01
2.120828645699041892e-01
2.113688553383537005e-01
2.106581978464870109e-01
2.099510982763893308e-01
2.092589466961800038e-01
2.085700281237369558e-01
2.078843262233289746e-01
2.072023167821255563e-01
2.065275390987883763e-01
2.058559022878706790e-01
2.051873902131138572e-01
2.045242332147402253e-01
2.038651804026543890e-01
2.032091859107779952e-01
2.025562340331214239e-01
2.019063091461022474e-01
2.012816978289609648e-01
2.006611291317961787e-01
2.000433958277146318e-01
1.994284834233590320e-01
1.988163775014021306e-01
1.982070637201935048e-01
1.976005278134037590e-01
1.969967555896716960e-01
1.963957329322501832e-01
1.957974457986531025e-01
1.952018802203027426e-01
1.946090223021766374e-01
1.940188582224573466e-01
1.934313742321792928e-01
1.928465566548799026e-01
1.922643918862480261e-01
1.916848663937759656e-01
1.911079667164095885e-01
1.905336794642006892e-01
1.899619913179600161e-01
1.893928890289102163e-01
1.888263594183407224e-01
1.882623893772618628e-01
1.877009658660615532e-01
1.871420759141621259e-01
1.865857066196767722e-01
1.860318451490697300e-01
1.854804787368143915e-01
1.849315946850541847e-01
1.843851803632640396e-01
1.838412232079122133e-01
1.832997107221242261e-01
1.827606304753466027e-01
1.822239701030123338e-01
1.816897173062075876e-01
1.811578598513383931e-01
1.806283855698001817e-01
1.801012823576460531e-01
1.795765381752584267e-01
1.790541410470207206e-01
1.785340790609897532e-01
1.780163403685699752e-01
1.775009131841887022e-01
1.769877857849723735e-01
1.764769465104239488e-01
1.759683837621018043e-01
1.754620860032988505e-01
1.749580417587243975e-01
1.744562396141857152e-01
1.739566682162714817e-01
1.734593162720369230e-01
1.729641725486887882e-01
1.724712258732729042e-01
1.719804651323623979e-01
1.714918792717469442e-01
1.710054572961237362e-01
1.705238865275485460e-01
1.700543446671391179e-01
1.695868251752080946e-01
1.691213180584912879e-01
1.686578133761743037e-01
1.681963012396160695e-01
1.677367718120754136e-01
1.672792153084375621e-01
1.668236219949426058e-01
1.663699821889148278e-01
1.659182862584934193e-01
1.654685246223642769e-01
1.650206877494931057e-01
1.645747661588596311e-01
1.641307504191934497e-01
1.636886311487103784e-01
1.632483990148501929e-01
1.628100447340168622e-01
1.623735590713176191e-01
1.619389328403054162e-01
1.615061569027216037e-01
1.610752221682395235e-01
1.606461195942106013e-01
1.602188401854097444e-01
1.597933749937837655e-01
1.593697151182000560e-01
1.589478517041966465e-01
1.585277759437333234e-01
1.581094790749445478e-01
1.576929523818924594e-01
1.572781871943224885e-01
1.568651748874189955e-01
1.564539068815624656e-01
1.560443746420884237e-01
1.556368486650521188e-01
1.552332567430622923e-01
1.548313564412969190e-01
1.544311394664235615e-01
1.540325975696743288e-01
1.536357225465847798e-01
1.532405062367363791e-01
1.528469405234992029e-01
1.524550173337765602e-01
1.520647286377518337e-01
1.516806615211717391e-01
1.513078242994715938e-01
1.509365300972751456e-01
1.505667713820606213e-01
1.501985406616017926e-01
1.498318304837352177e-01
1.494666334361279547e-01
1.491029421460482174e-01
1.487407492801356146e-01
1.483800475441749978e-01
1.480208296828699754e-01
1.476630884796188148e-01
1.473068167562916198e-01
1.469520073730086196e-01
1.465986532279200671e-01
1.462467472569878857e-01
1.458962824337679265e-01
1.455472517691943357e-01
1.451996483113646430e-01
1.448534651453269317e-01
1.445086953928677587e-01
1.441653322123017389e-01
1.438233687982617692e-01
1.434827983814922214e-01
1.431436142286411639e-01
1.428058096420557754e-01
1.424693779595780641e-01
1.421343125543424735e-01
1.418006068345738224e-01
1.414682542433874646e-01
1.411372482585903365e-01
1.408075823924829217e-01
1.404792501916632963e-01
1.401522452368311189e-01
1.398265611425943966e-01
1.395021915572758897e-01
1.391791301627217925e-01
1.388573706741114966e-01
1.385369068397677428e-01
1.382177324409686880e-01
1.378998412917613603e-01
1.375832272387752242e-01
1.372678841610379674e-01
1.369538059697915922e-01
1.366415837406507738e-01
1.363306489054701420e-01
1.360209465837603493e-01
1.357124709511486893e-01
1.354052162135213899e-01
1.350991766068542210e-01
1.347943463970449340e-01
1.344907198797459236e-01
1.341882913801981381e-01
1.338870552530663782e-01
1.335870058822749562e-01
1.332884245125463274e-01
1.329914375613329425e-01
1.326956165463253623e-01
1.324009559909368750e-01
1.321074504468994215e-01
1.318150944941054170e-01
1.315238827404514310e-01
1.312338098216823401e-01
1.309448704012366183e-01
1.306570591700921269e-01
1.303703708466131816e-01
1.300848001763987571e-01
1.298003419321310525e-01
1.295169909134251951e-01
1.292347419466798319e-01
1.289535898849286100e-01
1.286735296076927104e-01
1.283945560208339942e-01
1.281166640564087855e-01
1.278398486725234040e-01
1.275641048531897526e-01
1.272894276081816822e-01
1.270158119728931334e-01
1.267432530081961106e-01
1.264717458002998784e-01
1.262012854606111845e-01
1.259318671255951760e-01
1.256634859566370110e-01
1.253961371399039404e-01
1.251298158862095555e-01
1.248682524020328088e-01
1.246079763351733427e-01
1.243486796747658163e-01
1.240903579651694288e-01
1.238330067730786105e-01
1.235766216874037565e-01
1.233211983191521005e-01
1.230691936190220770e-01
1.228196900191670798e-01
1.225711097940920119e-01
1.223234487581346536e-01
1.220767027467189597e-01
1.218308676162402626e-01
1.215859392439520292e-01
1.213419135278535760e-01
1.210987863865767983e-01
1.208589171440372367e-01
1.206261289814422044e-01
1.204020029728912755e-01
1.201841197362715080e-01
1.199670024481629682e-01
1.197506476591497782e-01
1.195350519373977599e-01
1.193202118685573049e-01
1.191061240556665901e-01
1.188927851190551277e-01
1.186801916962479109e-01
1.184683404418709063e-01
1.182572280275556303e-01
1.180468511418457239e-01
1.178372064901031385e-01
1.176282907944157935e-01
1.174201007935043312e-01
1.172126332426310508e-01
1.170058849135086065e-01
1.167998525942087057e-01
1.165945330890727077e-01
1.163899232186212385e-01
1.161860198194659272e-01
1.159828197442198533e-01
1.157803198614101997e-01
1.155785170553904478e-01
1.153777401186245610e-01
1.151785356875507926e-01
1.149837394154715059e-01
1.147895962001636572e-01
1.145961031679568198e-01
1.144032574597085017e-01
1.142110562307246391e-01
1.140194966506789809e-01
1.138285759035341793e-01
1.136382911874625062e-01
1.134486397147673464e-01
1.132596187118049547e-01
1.130712254189073784e-01
1.128834570903047840e-01
1.126963109940489066e-01
1.125097844119370971e-01
1.123238746394362858e-01
1.121385789856075288e-01
1.119589580672256945e-01
1.117803385855595522e-01
1.116022925659575782e-01
1.114248175496327792e-01
1.112479110900172902e-01
1.110715707526958029e-01
1.108957941153395771e-01
1.107205787676400766e-01
1.105459223112439382e-01
1.103718223596877185e-01
1.101982765383333895e-01
1.100252824843040017e-01
1.098528378464194155e-01
1.096809402851332410e-01
1.095095874724694163e-01
1.093387770919591190e-01
1.091685068385790380e-01
1.089987744186883961e-01
1.088295775499677903e-01
1.086609139613578662e-01
1.084927813929979501e-01
1.083251775961656949e-01
1.081581003332165586e-01
1.079915473775240470e-01
1.078255165134200527e-01
1.076600055361354030e-01
1.074950122517412399e-01
1.073305344770901920e-01
1.071665700397585186e-01
1.070031167779877807e-01
1.068401725406273317e-01
1.066777351870775437e-01
1.065158025872326997e-01
1.063543726214237484e-01
1.061935070344421222e-01
1.060334714503546050e-01
1.058739350784099753e-01
1.057148957945486939e-01
1.055563514852744383e-01
1.053983000475960385e-01
1.052407393889706194e-01
1.050836674272463966e-01
1.049270820906066659e-01
1.047709813175128207e-01
1.046153630566490217e-01
1.044602252668663522e-01
1.043055659171275157e-01
1.041513829864522955e-01
1.039976744638620998e-01
1.038444383483264899e-01
1.036916726487088075e-01
