9.170953531518183377e-01
7.181022717324837545e-01
6.713061560592270549e-01
6.451296043582355200e-01
6.253093049654987468e-01
6.103800116801442188e-01
5.970944399387554391e-01
5.846437533272446085e-01
5.731364157546059435e-01
5.625067447013974986e-01
5.526020207369918280e-01
5.433300673076273402e-01
5.346787650779978307e-01
5.265569558684460860e-01
5.196773468802938778e-01
5.133632005598212089e-01
5.074361483502244363e-01
5.018305451389434291e-01
4.965440084186446001e-01
4.915465589167670735e-01
4.867937694079538247e-01
4.826266222170592091e-01
4.787549440517048782e-01
4.751492539450528074e-01
4.716446922642887896e-01
4.684423296181359220e-01
4.655088496246569951e-01
4.628309169506118481e-01
4.603175948514163229e-01
4.578745211395669479e-01
4.554771046807265522e-01
4.532114209260572624e-01
4.510080229231984705e-01
4.488392063427388834e-01
4.467038379426105932e-01
4.446008235418268950e-01
4.425291080075757777e-01
4.406318098740680256e-01
4.387600497108420372e-01
4.369087117917604957e-01
4.350773448073520511e-01
4.332655029182067019e-01
4.314727472123448537e-01
4.296986468736700981e-01
4.279619664312511174e-01
4.263251031073939101e-01
4.247005947429009498e-01
4.230883208606320278e-01
4.214881580628891400e-01
4.198999806903142007e-01
4.183236613967222239e-01
4.167590716499247061e-01
4.152060821674008473e-01
4.136645632946233664e-01
4.121520937140539242e-01
4.106637423412238808e-01
4.091852916069002588e-01
4.077166642729802004e-01
4.062577820620746905e-01
4.048085658336370574e-01
4.033689357450093715e-01
4.019388113986109845e-01
4.005181119763999154e-01
3.991067563626340964e-01
3.977046632558732253e-01
3.963117512710835344e-01
3.949279390326360106e-01
3.935531452589208778e-01
3.921872888392451961e-01
3.908302889036219807e-01
3.894820648860126688e-01
3.881425365815390771e-01
3.868116241981409131e-01
3.854892484031122168e-01
3.841753303649239060e-01
3.828697917907012416e-01
3.815725549596976629e-01
3.802835427530843471e-01
3.790026786803433745e-01
3.777298869025348393e-01
3.764650922526886490e-01
3.752082202535475530e-01
3.739591971328763975e-01
3.727179498365325028e-01
3.714844060394801861e-01
3.702584941549154629e-01
3.690401433416591881e-01
3.678292835099601921e-01
3.666258453258419148e-01
3.654297602141166612e-01
3.642409603601830526e-01
3.630593787107055381e-01
3.618849489732846592e-01
3.607176056151973342e-01
3.595572838612987598e-01
3.584039196911598113e-01
3.572574498355121642e-01
3.561178117720685266e-01
3.549849437207777125e-01
3.538587846385724545e-01
3.527617405953676899e-01
3.516752328255615678e-01
3.505947554263674215e-01
3.495202638421833763e-01
3.484517136691833716e-01
3.473890606759661437e-01
3.463322608224229660e-01
3.452812702769444964e-01
3.442360454320849694e-01
3.431965429187837646e-01
3.421627196192498777e-01
3.411345326785990006e-01
3.401119395153314184e-01
3.390948978307317674e-01
3.380833656172675949e-01
3.370773011660573859e-01
3.360840066207542720e-01
3.351239498022869912e-01
3.341688146542812765e-01
3.332185651444581342e-01
3.322731655837031783e-01
3.313325806225145276e-01
3.303967752474477604e-01
3.294657147775632566e-01
3.285393648608800343e-01
3.276176914708391896e-01
3.267006609027823250e-01
3.257882397704445765e-01
3.248803950024677367e-01
3.239770938389350263e-01
3.230783038279290142e-01
3.221839928221151284e-01
3.212941289753523111e-01
3.204086807393322078e-01
3.195276168602483313e-01
3.186509063754955906e-01
3.177785186104027382e-01
3.169104231749962364e-01
3.160465899607985407e-01
3.151869891376597455e-01
3.143315911506238125e-01
3.135187819410286680e-01
3.127207313107824294e-01
3.119262102346018750e-01
3.111351975743353870e-01
3.103476723357300182e-01
3.095636136678736050e-01
3.087830008626108458e-01
3.080058133539391729e-01
3.072320307173806997e-01
3.064616326693360149e-01
3.056945990664196033e-01
3.049309099047776694e-01
3.041705453193913611e-01
3.034134855833652278e-01
3.026597111072029112e-01
3.019092024380702899e-01
3.011619402590485217e-01
3.004179053883760941e-01
2.996770787786824930e-01
2.989394415162131002e-01
2.982049748200469308e-01
2.974736600413077636e-01
2.967454786623682783e-01
2.960204122960506390e-01
2.952984426848208610e-01
2.945795516999792918e-01
2.938637213408479831e-01
2.931509337339547328e-01
2.924411711322143503e-01
2.917344159141080917e-01
2.910306505828615387e-01
2.903298577656203139e-01
2.896320202126262955e-01
2.889371207963917776e-01
2.882451425108751297e-01
2.875560684706541248e-01
2.868698819101029307e-01
2.861865661825662710e-01
2.855061047595378043e-01
2.848284812298366164e-01
2.841536792987882087e-01
2.834816827874043210e-01
2.828124756315668065e-01
2.821460418812120619e-01
2.814883205493464158e-01
2.808442549649792785e-01
2.802028078041432502e-01
2.795639643466036328e-01
2.789277099713607377e-01
2.782940301560726248e-01
2.776629104764749556e-01
2.770343366058004020e-01
2.764082943141951132e-01
2.757918195039163467e-01
2.752195290437089992e-01
2.746493366586857388e-01
2.740812316872219823e-01
2.735307121764332106e-01
2.729842693813802623e-01
2.724395903370757099e-01
2.718966693630896492e-01
2.713555007566607058e-01
2.708160787941029657e-01
2.702783977321740472e-01
2.697424518094034274e-01
2.692082352473865181e-01
2.686757422520411609e-01
2.681449670148294273e-01
2.676159037139450025e-01
2.670885465154677063e-01
2.665628895744852067e-01
2.660389270361822045e-01
2.655166530369005295e-01
2.649960617051660416e-01
2.644771471626894410e-01
2.639599035253353265e-01
2.634443249040655521e-01
2.629304054058534956e-01
2.624181391345721259e-01
2.619075201918568685e-01
2.613985426779422139e-01
2.608912006924734017e-01
2.603854883352949567e-01
2.598813997072147997e-01
2.593789289107455431e-01
2.588780700508240273e-01
2.583788172355078738e-01
2.578811645766522775e-01
2.573851061905649273e-01
2.568906361986404985e-01
2.563977487279767709e-01
2.559064379119700416e-01
2.554166978908929408e-01
2.549285228124534286e-01
2.544419068323355848e-01
2.539568441147243005e-01
2.534733288328118173e-01
2.529913551692877793e-01
2.525109173168147425e-01
2.520320094784861409e-01
2.515546258682702097e-01
2.510787607114383091e-01
2.506044082449793153e-01
2.501315627179994672e-01
2.496602183921089180e-01
2.491903695417941600e-01
2.487220104547781252e-01
2.482551354323672133e-01
2.477897387897857462e-01
2.473258148564985437e-01
2.468633579765222852e-01
2.464023625087237712e-01
2.459428228271089700e-01
2.454847333211002125e-01
2.450280883958023959e-01
2.445728824722595840e-01
2.441191099877017545e-01
2.436667653957805268e-01
2.432158431667967857e-01
2.427663377879182016e-01
2.423182437633876751e-01
2.418715556147238710e-01
2.414262678809116491e-01
2.409823751185861673e-01
2.405398719022063814e-01
2.400987528242231051e-01
2.396590124952381606e-01
2.392206455441556190e-01
2.387836466183269890e-01
2.383480103836877473e-01
2.379137315248891771e-01
2.374808047454211590e-01
2.370492247677295217e-01
2.366189863333279797e-01
2.361900842029016345e-01
2.357625131564063947e-01
2.353362679931622903e-01
2.349113435319395149e-01
2.344877346110418592e-01
2.340654360883814844e-01
2.336444428415510033e-01
2.332247497678890946e-01
2.328063517845418984e-01
2.323892438285191930e-01
2.319734208567464095e-01
2.315588778461107888e-01
2.311456097935056520e-01
2.307336117158674815e-01
2.303228786502110326e-01
2.299134056536594473e-01
2.295051878034703730e-01
2.290982201970586107e-01
2.286924979520158219e-01
2.282880162061243223e-01
2.278847701173700446e-01
2.274827548639505037e-01
2.270819656442802092e-01
2.266823976769926086e-01
2.262840462009386711e-01
2.258869064751831413e-01
2.254909737789974333e-01
2.250962434118501110e-01
2.247027106933937035e-01
2.243103709634503284e-01
2.239192195819934006e-01
2.235292519291280922e-01
2.231404634050679070e-01
2.227528494301100059e-01
2.223664054446086724e-01
2.219811269089454198e-01
2.215970093034974886e-01
2.212140481286046512e-01
2.208322389045332401e-01
2.204515771714395667e-01
2.200720584893301468e-01
2.196936784380207341e-01
2.193164326170937983e-01
2.189403166458540329e-01
2.185653261632822253e-01
2.181914568279883226e-01
2.178187043181617766e-01
2.174470643315209173e-01
2.170765325852620775e-01
2.167071048160053304e-01
2.163387767797405048e-01
2.159715442517718686e-01
2.156054030266599253e-01
2.152403489181647644e-01
2.148763777591861934e-01
2.145134854017031467e-01
2.141609974043911513e-01
2.138111716773472559e-01
2.134680631355751479e-01
2.131306852510613248e-01
2.127942469231206279e-01
2.124587446150877634e-01
2.121241829165359805e-01
2.117905699678670206e-01
2.114578823721889600e-01
2.111261166677293466e-01
2.107952694108450042e-01
2.104653371759094560e-01
2.101363165552012358e-01
2.098082041587919500e-01
2.094809966144349778e-01
2.091546905674547263e-01
2.088292826806364688e-01
2.085047696341169321e-01
2.081811481252741070e-01
2.078584148686188349e-01
2.075365665956868944e-01
2.072156000549306709e-01
2.068955120116114654e-01
2.065762992476938009e-01
2.062579585617383415e-01
2.059404867687955887e-01
2.056238807003019087e-01
2.053081372039741725e-01
2.049932531437050620e-01
2.046792253994603183e-01
2.043660508671750753e-01
2.040537264586511079e-01
2.037422491014554971e-01
2.034316157388186552e-01
2.031218233295334630e-01
2.028128688478548491e-01
2.025047492834002316e-01
2.021974616410500969e-01
2.018910029408492179e-01
2.015853702179085938e-01
2.012805605223083327e-01
2.009765709189996752e-01
2.006733984877095422e-01
2.003710403228442793e-01
2.000694935333937885e-01
1.997687552428384361e-01
1.994688225890527966e-01
1.991696927242138926e-01
1.988713628147071033e-01
1.985738300410338220e-01
1.982770915977204729e-01
1.979811446932259744e-01
1.976859865498520885e-01
1.973916144036524378e-01
1.970980255043436047e-01
1.968052171152157026e-01
1.965131865130441413e-01
1.962219309880016693e-01
1.959314478435710272e-01
1.956417343964585442e-01
1.953527879765075415e-01
1.950646059266130661e-01
1.947771856026366544e-01
1.944905243733220657e-01
1.942046196202112385e-01
1.939194687375608850e-01
1.936350691322600848e-01
1.933514182237473789e-01
1.930685134439299178e-01
1.927863522371018046e-01
1.925049320598636593e-01
1.922242503810426828e-01
1.919443046816131371e-01
1.916650924546174639e-01
1.913866112050880142e-01
1.911088584499689158e-01
1.908318317180394408e-01
1.905555285498362617e-01
1.902799464975782340e-01
1.900050831250904293e-01
1.897309360077283347e-01
1.894575027323046057e-01
1.891847808970134881e-01
1.889127681113585977e-01
1.886414619960790906e-01
1.883708601830769713e-01
1.881009603153460941e-01
1.878317600468997761e-01
1.875632570427002987e-01
1.872954489785884358e-01
1.870283335412131764e-01
1.867619084279627251e-01
1.864961713468955562e-01
1.862311200166715253e-01
1.859667521664843393e-01
1.857030655359944993e-01
1.854400578752612161e-01
1.851777269446772678e-01
1.849160705149019701e-01
1.846550863667967002e-01
1.843947722913588383e-01
1.841351260896583186e-01
1.838761455727725147e-01
1.836178285617237615e-01
1.833601728874154346e-01
1.831031763905697773e-01
1.828468369216653122e-01
1.825911523408758896e-01
1.823361205180086264e-01
1.820817393324435374e-01
1.818280066730729727e-01
1.815749204382424986e-01
1.813224785356900848e-01
1.810706788824888169e-01
1.808195194049864452e-01
1.805689980387489291e-01
1.803191127285021511e-01
1.800698614280744070e-01
1.798212421003397565e-01
1.795732527171619297e-01
1.793258912593383714e-01
1.790791557165439252e-01
1.788330440872768212e-01
1.785875543788034703e-01
1.783426846071036187e-01
1.780984327968177239e-01
1.778547969811924145e-01
1.776117752020278939e-01
1.773693655096252597e-01
1.771275659627338794e-01
1.768863746285002925e-01
1.766457895824160573e-01
1.764058089082667924e-01
1.761664306980816608e-01
1.759276530520829940e-01
1.756894740786365261e-01
1.754518918942010730e-01
1.752149046232806262e-01
1.749785103983745871e-01
1.747427073599295555e-01
1.745074936562915624e-01
1.742728674436581082e-01
1.740388268860307008e-01
1.738053701551681984e-01
1.735724954305400969e-01
1.733402008992804000e-01
1.731084847561411011e-01
1.728773452034476354e-01
1.726467804510525839e-01
1.724167887162917079e-01
1.721873682239388470e-01
1.719585172061619260e-01
1.717302339024794622e-01
1.715025165597159063e-01
1.712753634319601481e-01
1.710487727805209690e-01
1.708227428738859077e-01
1.705972719876779065e-01
1.703723584046141493e-01
1.701480004144644287e-01
1.699241963140094847e-01
1.697009444070003703e-01
1.694782430041177623e-01
1.692560904229317986e-01
1.690344849878612221e-01
1.688134250301353556e-01
1.685929088877529403e-01
1.683729349054437774e-01
1.681535014346300372e-01
1.679346068333875397e-01
1.677162494664073134e-01
1.674984277049581805e-01
1.672811399268485932e-01
1.670643845163892194e-01
1.668481598643563879e-01
1.666324643679548134e-01
1.664172964307813751e-01
1.662026544627882296e-01
1.659885368802476446e-01
1.657749421057154726e-01
1.655618685679966506e-01
1.653493147021090348e-01
1.651372789492492055e-01
1.649257597567570788e-01
1.647147555780825168e-01
1.645042648727500223e-01
1.642942861063258486e-01
1.640848177503837491e-01
1.638758582824720034e-01
1.636674061860796114e-01
1.634594599506043744e-01
1.632520180713194768e-01
1.630450790493412627e-01
1.628386413915973163e-01
1.626327036107943491e-01
1.624272642253865306e-01
1.622223217595440692e-01
1.620178747431218480e-01
1.618139217116289497e-01
1.616104612061969314e-01
1.614074917735505432e-01
1.612050119659762526e-01
1.610030203412929073e-01
1.608015154628215371e-01
1.606004958993561271e-01
1.603999602251335588e-01
1.601999070198047437e-01
1.600003348684058413e-01
1.598034284005294958e-01
1.596077654395443024e-01
1.594125595802358408e-01
1.592178095528302972e-01
1.590235140919980528e-01
1.588296719368315069e-01
1.586362818308222344e-01
1.584433425218397529e-01
1.582508527621088179e-01
1.580588113081881074e-01
1.578675252693901021e-01
1.576803013895052841e-01
1.574935094654149603e-01
1.573071482949428279e-01
1.571212166802370969e-01
1.569357134277475918e-01
1.567506373482027704e-01
1.565659872565866306e-01
1.563817619721168950e-01
1.561979603182215570e-01
1.560145811225176204e-01
1.558316232167888671e-01
1.556490854369637356e-01
1.554669666230933667e-01
1.552852656193310921e-01
1.551039812739098134e-01
1.549231124391217684e-01
1.547426579712969652e-01
1.545626167307822263e-01
1.543829875819211495e-01
1.542037693930326525e-01
1.540249610363911559e-01
1.538465613882060712e-01
1.536685693286018450e-01
1.534909837415978362e-01
1.533138035150887757e-01
1.531370275408246995e-01
1.529606547143919637e-01
1.527846839351935104e-01
1.526091141064295498e-01
1.524339441350791580e-01
1.522591729318803766e-01
1.520847994113123103e-01
1.519108224915761973e-01
1.517372410945762307e-01
1.515640541459024881e-01
1.513912605748115314e-01
1.512188593142090309e-01
1.510468493006312529e-01
1.508752294742279898e-01
1.507039987787436863e-01
1.505331561615010916e-01
1.503627005733831346e-01
1.501926309688157990e-01
1.500229463057508039e-01
1.498536455456485061e-01
1.496847276534614968e-01
1.495161915976167544e-01
1.493480363500001851e-01
1.491802608859389978e-01
1.490128641841860502e-01
