8.645922709256885774e-01
8.725965952050015462e-01
8.352391206333499296e-01
8.017669610641734446e-01
7.698860300044013671e-01
7.412736888966712234e-01
7.149992515488660105e-01
6.915161728879759551e-01
6.708869055419890426e-01
6.534134745183024506e-01
6.393882020335215355e-01
6.283238913815356597e-01
6.195032108301126161e-01
6.111793973652599465e-01
6.033048018602975571e-01
5.963068159019503378e-01
5.897949652532255005e-01
5.835825597448229818e-01
5.776380166178469722e-01
5.719391648620361090e-01
5.664660810577487604e-01
5.612008212213603908e-01
5.561271959538748311e-01
5.512437383853687756e-01
5.466445959366904583e-01
5.423317584172220318e-01
5.381948484669751842e-01
5.342772673602129707e-01
5.304799836157075843e-01
5.268391497099401688e-01
5.234036683484171171e-01
5.200499902003958841e-01
5.167749269785865129e-01
5.135407072650266525e-01
5.103462812816736971e-01
5.071906771593586161e-01
5.040729919296326189e-01
5.009923836180811829e-01
4.979480642915699584e-01
4.949392939375559242e-01
4.920541784185965550e-01
4.893742323615540291e-01
4.867618351759671613e-01
4.841701098635856626e-01
4.816016340982067212e-01
4.790592193097995000e-01
4.765396372383676749e-01
4.740427533054112907e-01
4.715684257913921873e-01
4.691165061320182184e-01
4.666868392449893266e-01
4.642792638795330551e-01
4.618936129821651360e-01
4.595297140730655872e-01
4.571873896283069616e-01
4.548664574639056379e-01
4.525667311183051433e-01
4.502880202304720414e-01
4.480301309112590391e-01
4.458062681450995490e-01
4.436148990481603716e-01
4.414440404275536967e-01
4.392934321915859530e-01
4.371628175164504748e-01
4.350519427024958641e-01
4.330163080686220689e-01
4.310202900499555678e-01
4.290415680297019474e-01
4.270799419056644508e-01
4.251567543566858176e-01
4.232591602639740880e-01
4.213779813077270786e-01
4.195129978965708717e-01
4.176639942350273693e-01
4.158307582030343341e-01
4.140130812466434329e-01
4.122107582785007884e-01
4.104235875868734174e-01
4.086513707521347016e-01
4.068939125697569881e-01
4.051545468701301944e-01
4.034781018569353339e-01
4.018202540769836295e-01
4.001759594673285902e-01
3.985450191604797965e-01
3.969272389848612081e-01
3.953224292946981300e-01
3.937304048090058406e-01
3.921509844590399529e-01
3.905839912436089301e-01
3.890292520917067454e-01
3.874865977319673638e-01
3.859558625684810229e-01
3.844368845625518727e-01
3.829295051200088951e-01
3.814335689837158871e-01
3.799499468785497713e-01
3.785051677937879555e-01
3.770707540426360693e-01
3.756465786374744709e-01
3.742325170448966842e-01
3.728284471119641119e-01
3.714342489959663318e-01
3.700498050974466713e-01
3.686749999962738444e-01
3.673097203905556496e-01
3.659538550382103184e-01
3.646072947010269294e-01
3.632699320910552920e-01
3.619416618191858004e-01
3.606223803457849764e-01
3.593119859332636890e-01
3.580191588048666773e-01
3.567460950107387285e-01
3.555339738126095939e-01
3.543293908048955609e-01
3.531322703486428072e-01
3.519425378985803765e-01
3.507601199817936832e-01
3.495849441770624288e-01
3.484169390948196332e-01
3.472560343576976960e-01
3.461021605816243518e-01
3.449552493574379874e-01
3.438236700170014259e-01
3.427077707720935229e-01
3.415982197116922969e-01
3.404949613655884888e-01
3.393979409294367589e-01
3.383071042555903518e-01
3.372223978440509473e-01
3.361437688335349727e-01
3.350711649926488289e-01
3.340045347111765817e-01
3.329477497062186542e-01
3.319199906352272578e-01
3.308973513323962834e-01
3.298797981578122651e-01
3.288672977053928581e-01
3.278598168025347315e-01
3.268573225096997326e-01
3.258597821199417655e-01
3.248671631583755492e-01
3.238794333815911419e-01
3.228965607770141744e-01
3.219185135622180116e-01
3.209571008170536977e-01
3.200228174212229049e-01
3.190928757835679863e-01
3.181672487991545895e-01
3.172459095787503180e-01
3.163288314466443096e-01
3.154159879384952347e-01
3.145195615886839935e-01
3.136329016942998038e-01
3.127504217631683070e-01
3.118720948956796302e-01
3.109978944068331197e-01
3.101277938242668064e-01
3.092617668863053004e-01
3.083997875400279476e-01
3.075418299393566923e-01
3.066878684431619262e-01
3.058378776133892640e-01
3.049918322132036397e-01
3.041497072051531636e-01
3.033114777493515768e-01
3.024771192016779131e-01
3.016466071119973669e-01
3.008199172223964268e-01
2.999970254654395485e-01
2.991779079624415916e-01
2.983625410217585761e-01
2.975509011370959800e-01
2.967429649858346896e-01
2.959387094273728813e-01
2.951381115014866663e-01
2.943429478053523063e-01
2.935692887743018287e-01
2.927989248801470823e-01
2.920318379539584841e-01
2.912680099362703334e-01
2.905074228766956201e-01
2.897500589335285093e-01
2.889959003733342802e-01
2.882449295705288295e-01
2.874971290069469054e-01
2.867524812714015714e-01
2.860355928840790374e-01
2.853275526701598563e-01
2.846223441549270428e-01
2.839199522549626376e-01
2.832203619806313299e-01
2.825235584356813323e-01
2.818295268168370393e-01
2.811382524133809735e-01
2.804497206067287918e-01
2.797639168699964096e-01
2.790808267675586873e-01
2.784004359546036200e-01
2.777227301766790335e-01
2.770476952692338402e-01
2.763753171571541878e-01
2.757097131818879721e-01
2.750651284992946533e-01
2.744229459370999824e-01
2.737831536889153150e-01
2.731457400212491393e-01
2.725106932730016474e-01
2.718780018549621924e-01
2.712476542493091336e-01
2.706196390091132886e-01
2.699939447578444396e-01
2.693705601888788381e-01
2.687494740650129277e-01
2.681306752179770103e-01
2.675141525479537985e-01
2.668998950230997425e-01
2.662878916790680783e-01
2.656781316185372055e-01
2.650706040107398964e-01
2.644652980909974471e-01
2.638622031602556040e-01
2.632613085846239320e-01
2.626626037949190140e-01
2.620660782862097582e-01
2.614717216173660375e-01
2.608795234106112693e-01
2.602894733510769942e-01
2.597015611863610629e-01
2.591157767260884315e-01
2.585321098414766761e-01
2.579505504649021175e-01
2.573710885894707756e-01
2.567937142685920437e-01
2.562184176155547499e-01
2.556451888031073261e-01
2.550740180630398646e-01
2.545321590918596111e-01
2.539967609466735055e-01
2.534632735271253323e-01
2.529316865637190603e-01
2.524019898719042643e-01
2.518741733511090097e-01
2.513482269837852834e-01
2.508241408344680234e-01
2.503019050488469732e-01
2.497815098528502198e-01
2.492629455517416381e-01
2.487462025292291046e-01
2.482312712465853388e-01
2.477181422417809586e-01
2.472068061286286089e-01
2.466972535959384705e-01
2.461894754066868418e-01
2.456834623971929088e-01
2.451792054763090034e-01
2.446766956246208269e-01
2.441759238936583587e-01
2.436768814051172571e-01
2.431795593500908070e-01
2.426839489883119982e-01
2.421900416474054851e-01
2.416978287221498156e-01
2.412073016737494302e-01
2.407184520291162644e-01
2.402312713801599275e-01
2.397457513830892062e-01
2.392618837577208946e-01
2.387796602867984230e-01
2.382990728153201454e-01
2.378201132498750647e-01
2.373427735579883568e-01
2.368670457674747487e-01
2.363929219658013059e-01
2.359203942994570480e-01
2.354494549733321118e-01
2.349800962501049639e-01
2.345123104496358579e-01
2.340460899483705060e-01
2.335814271787500229e-01
2.331183146286285035e-01
2.326567448406994532e-01
2.321967104119271041e-01
2.317382039929877791e-01
2.312812182877168055e-01
2.308257460525627858e-01
2.303717800960492501e-01
2.299193132782427207e-01
2.294683385102275763e-01
2.290188487535884387e-01
2.285708370198980266e-01
2.281242963702118098e-01
2.276792199145700746e-01
2.272356008115037629e-01
2.267934322675507208e-01
2.263527075367733621e-01
2.259134199202857962e-01
2.254755627657852035e-01
2.250391294670899822e-01
2.246041134636830305e-01
2.241705082402609406e-01
2.237383073262892152e-01
2.233075042955623979e-01
2.228780927657701139e-01
2.224500663980679971e-01
2.220234188966551114e-01
2.215981440083545917e-01
2.211742355222016121e-01
2.207516872690350740e-01
2.203304931210947337e-01
2.199106469916229378e-01
2.194921428344719649e-01
2.190749746437157530e-01
2.186591364532657900e-01
2.182446223364928606e-01
2.178314264058524574e-01
2.174195428125150487e-01
2.170089657460011201e-01
2.165996894338195755e-01
2.161917081411122987e-01
2.157850161703012970e-01
2.153796078607407849e-01
2.149754775883734037e-01
2.145726197653909928e-01
2.141710288398981921e-01
2.137706992955815954e-01
2.133716256513814857e-01
2.129738024611685376e-01
2.125772243134234352e-01
2.121818858309211520e-01
2.117877816704181460e-01
2.113949065223439394e-01
2.110032551104956411e-01
2.106128221917368815e-01
2.102250033829167197e-01
2.098447221948091246e-01
2.094694007473237030e-01
2.091077762504761073e-01
2.087471718390107311e-01
2.083875837198239656e-01
2.080290081202354480e-01
2.076714412878196137e-01
2.073148794902406056e-01
2.069593190150887940e-01
2.066047561697182955e-01
2.062511872810871560e-01
2.058986086955982564e-01
2.055470167789433533e-01
2.051964079159475651e-01
2.048467785104160499e-01
2.045046958494857736e-01
2.041818823166841879e-01
2.038599357122924394e-01
2.035388530089213832e-01
2.032186311940763490e-01
2.029039443469400905e-01
2.025951996672719357e-01
2.022872463686689326e-01
2.019800818928746966e-01
2.016737036926319060e-01
2.013681092316066124e-01
2.010632959843126899e-01
2.007592614360385330e-01
2.004560030827730599e-01
2.001535184311340199e-01
1.998518049982953015e-01
1.995508603119176827e-01
1.992506819100775262e-01
1.989512673411982513e-01
1.986526141639820831e-01
1.983547199473416067e-01
1.980575822703341815e-01
1.977611987220946332e-01
1.974699848976926020e-01
1.971831747781683797e-01
1.969024924875358573e-01
1.966229769738911948e-01
1.963441188776104962e-01
1.960659164282226030e-01
1.957883678589870113e-01
1.955114714069156601e-01
1.952389916351958965e-01
1.949685807196820941e-01
1.946987911436789120e-01
1.944296212451787076e-01
1.941610693661413589e-01
1.938931338525027859e-01
1.936258130541832767e-01
1.933591053250973413e-01
1.930930090231599006e-01
1.928275225102946133e-01
1.925626441524402044e-01
1.922983723195577921e-01
1.920347053856360786e-01
1.917716417286981778e-01
1.915091797308059729e-01
1.912473177780656675e-01
1.909860542606323652e-01
1.907253875727139836e-01
1.904653161125752781e-01
1.902058382825418947e-01
1.899469524890031180e-01
1.896886571424142576e-01
1.894309506573003399e-01
1.891738314522575237e-01
1.889172979499551819e-01
1.886613485771379550e-01
1.884059817646263346e-01
1.881511959473184115e-01
1.878969895641905419e-01
1.876433610582973199e-01
1.873903088767721326e-01
1.871378314708277701e-01
1.868859272957549555e-01
1.866345948109225938e-01
1.863838324797769952e-01
1.861336387698403205e-01
1.858840121527098321e-01
1.856349511040563394e-01
1.853864541036223668e-01
1.851385196352201279e-01
1.848911461867298323e-01
1.846443322500970208e-01
1.843980763213300678e-01
1.841523769004972666e-01
1.839072324917245260e-01
1.836628058178817746e-01
1.834235600421006140e-01
1.831848186956811786e-01
1.829465806889933599e-01
1.827088449331136788e-01
1.824716103398494604e-01
1.822348758217624820e-01
1.819986402921929258e-01
1.817629026652824442e-01
1.815276618559969746e-01
1.812929167801493047e-01
1.810586663544209163e-01
1.808249094963843839e-01
1.805916451245246912e-01
1.803588721582597143e-01
1.801265895179620935e-01
1.798947961249787453e-01
1.796634909016520398e-01
1.794326727713385361e-01
1.792023406584296874e-01
1.789724934883698826e-01
1.787431301876762912e-01
1.785142496839572102e-01
1.782858509059302710e-01
1.780579327834406478e-01
1.778304942474785988e-01
1.776035342301970077e-01
1.773770516649286477e-01
1.771510454862030570e-01
1.769255146297627757e-01
1.767004580325801932e-01
1.764758746328733974e-01
1.762517633701218001e-01
1.760281231850819028e-01
1.758049530198025623e-01
1.755822518176396452e-01
1.753600185232712383e-01
1.751382520827119982e-01
1.749169514433271677e-01
1.746961155538467036e-01
1.744757433643792932e-01
1.742558338264255935e-01
1.740363858928915264e-01
1.738173985181011849e-01
1.735988706578102947e-01
1.733808012692178158e-01
1.731631893109791265e-01
1.729460337432177364e-01
1.727293335275372210e-01
1.725130876270332958e-01
1.722972950063047515e-01
1.720819546314649728e-01
1.718670654701529854e-01
1.716526264915444744e-01
1.714386366663618877e-01
1.712250949668855660e-01
1.710120003669636790e-01
1.707993518420221624e-01
1.705871483690744594e-01
1.703753889267317079e-01
1.701640724952115102e-01
1.699531980563478983e-01
1.697427645935999097e-01
1.695327710920606634e-01
1.693232165384661592e-01
1.691140999212036866e-01
1.689054202303203189e-01
1.686971764575312394e-01
1.684893675962273463e-01
1.682819926414833300e-01
1.680750505900655833e-01
1.678685404404394732e-01
1.676624611927766129e-01
1.674568526623146925e-01
1.672516733344014406e-01
1.670469217851788535e-01
1.668425970225813626e-01
1.666386980562769293e-01
1.664352238976734011e-01
1.662321735599250616e-01
1.660295460579387650e-01
1.658273404083801250e-01
1.656255556296790943e-01
1.654241907420358759e-01
1.652232447674266413e-01
1.650227167296089703e-01
1.648226056541271800e-01
1.646254967309311867e-01
1.644300206714625900e-01
1.642349473308954977e-01
1.640402757415923840e-01
1.638460049380695838e-01
1.636521339569970701e-01
1.634586618371984268e-01
1.632655876196511813e-01
1.630729103474861386e-01
1.628806290659876033e-01
1.626887428225929910e-01
1.624972506668923289e-01
1.623061516506280888e-01
1.621154448276943827e-01
1.619251292541370735e-01
1.617352039881524706e-01
1.615456680900869968e-01
1.613565206224363835e-01
1.611677606498451709e-01
1.609793872391051262e-01
1.607913994591552709e-01
1.606037963810804381e-01
1.604165770781099953e-01
1.602297406256171508e-01
1.600432861011178709e-01
1.598572125842695479e-01
1.596715191568693626e-01
1.594862049028537287e-01
1.593012689082964617e-01
1.591167102614074180e-01
1.589325280525310247e-01
1.587487213741450298e-01
1.585652893208585601e-01
1.583822309894107327e-01
1.581995454786690736e-01
1.580172318896274353e-01
1.578352893254048039e-01
1.576537168912430509e-01
1.574725136945052117e-01
1.572916788446735159e-01
1.571112114533478599e-01
1.569311106342431705e-01
1.567513755031880174e-01
1.565720051781219757e-01
1.563929987790940723e-01
1.562143554282600377e-01
1.560360742498808906e-01
1.558581543703197458e-01
1.556805949180405657e-01
1.555033950236049400e-01
1.553265538196704765e-01
1.551500704409878584e-01
1.549739440243988187e-01
1.547981737088333920e-01
1.546227586353076111e-01
1.544476979469211753e-01
1.542729907888542584e-01
1.540986363083654831e-01
1.539246336547892835e-01
1.537509819795328248e-01
1.535776804360736436e-01
1.534047281799569284e-01
1.532321243687927992e-01
1.530598681622530322e-01
1.528879587220689229e-01
1.527163952120282053e-01
1.525451767979719708e-01
1.523743026477918927e-01
1.522037719314273674e-01
1.520335838208628221e-01
1.518637374901237735e-01
1.516942321152750794e-01
1.515250668744168860e-01
1.513562409476823523e-01
1.511912020805008250e-01
1.510281934392778691e-01
1.508654941654319348e-01
1.507031035946375663e-01
1.505410210637291024e-01
1.503792459107028689e-01
1.502177774747198991e-01
1.500566150961070988e-01
1.498957581163603003e-01
1.497352058781452888e-01
1.495749577253005225e-01
1.494150130028384371e-01
