7.807198928249913239e-01
6.318797947854579711e-01
6.095338415858941872e-01
6.065295490425952618e-01
5.998693519927376094e-01
5.918203082337298859e-01
5.835692706908622851e-01
5.755409593417575298e-01
5.680049284294013123e-01
5.608312326767739275e-01
5.541772571986319784e-01
5.478375586346568848e-01
5.418894470027572074e-01
5.362393192032144373e-01
5.308210835954746409e-01
5.257298918433462864e-01
5.208149577789012996e-01
5.161400147111103731e-01
5.117197121726687614e-01
5.074400677390416003e-01
5.032785232640726303e-01
4.992268538033567959e-01
4.953396041413016260e-01
4.915583109628225977e-01
4.878610087775668291e-01
4.842429297192482607e-01
4.806997542550324187e-01
4.772312414704381611e-01
4.740141560784159602e-01
4.709074255605353310e-01
4.678501967117063565e-01
4.649109813856623363e-01
4.620760670226737865e-01
4.592829916687706793e-01
4.565304303506066974e-01
4.538171469164020144e-01
4.511524718902827913e-01
4.485480431023941561e-01
4.459782481527229114e-01
4.434422663058634750e-01
4.409393148897483572e-01
4.384686461647295252e-01
4.360295445185443097e-01
4.336213239510682826e-01
4.312433258168160144e-01
4.289510885461375045e-01
4.266876703859491249e-01
4.244521870365615124e-01
4.222440544447859101e-01
4.201295273393511609e-01
4.180670700672491358e-01
4.160284710815040921e-01
4.140132753991686565e-01
4.120210418155812460e-01
4.100513421323003782e-01
4.081037604539261010e-01
4.061778925464837320e-01
4.042733452508717740e-01
4.023897359455922418e-01
4.005266920536194597e-01
3.986838505888422590e-01
3.968608577380082769e-01
3.950573684745589120e-01
3.933052739557922339e-01
3.915883632427550332e-01
3.898885302017062182e-01
3.882054997659986073e-01
3.865390024837117022e-01
3.848887744039466985e-01
3.832545569634084326e-01
3.816360968735738601e-01
3.800331460087177926e-01
3.784454612950146624e-01
3.768728046009110488e-01
3.753149426289226764e-01
3.737716468089932187e-01
3.722426931935186589e-01
3.707278623541273577e-01
3.692269392802854933e-01
3.677397132797811663e-01
3.662659778811287459e-01
3.648055307379208800e-01
3.633581735351461006e-01
3.619312574304414665e-01
3.605585528607565537e-01
3.591974436964153750e-01
3.578477611054613483e-01
3.565093396169554119e-01
3.551820170421779443e-01
3.538702457010374780e-01
3.526300106792675249e-01
3.514002704000385724e-01
3.502419566706410636e-01
3.490909786099845036e-01
3.479472635777996481e-01
3.468107398474667979e-01
3.456813365985611508e-01
3.445589839088808448e-01
3.434436127460280264e-01
3.423351549586046705e-01
3.412786259858801019e-01
3.402325816433074968e-01
3.391922097066644715e-01
3.381574672381745250e-01
3.371283116882669573e-01
3.361047008943486292e-01
3.350865930792696901e-01
3.340739468495221298e-01
3.330667211932026861e-01
3.320648754777696388e-01
3.310724256875178795e-01
3.301199467783295094e-01
3.291724050334636220e-01
3.282297638058839784e-01
3.272919867947956529e-01
3.263590380429663429e-01
3.254308819339417624e-01
3.245074831891713307e-01
3.235888068650564775e-01
3.226748183499362765e-01
3.217654833610190113e-01
3.208607679412716074e-01
3.199903325894504214e-01
3.191494953153414804e-01
3.183125642808337652e-01
3.174795130244107977e-01
3.166503153368454004e-01
3.158249452583345440e-01
3.150033770756379692e-01
3.142077072207354882e-01
3.134382478740000977e-01
3.126716427796183417e-01
3.119078827723651415e-01
3.111469586307643032e-01
3.103888610799825920e-01
3.096335807946282714e-01
3.088811084014615460e-01
3.081314344820199058e-01
3.073845495751606482e-01
3.066404441795255731e-01
3.058991087559289612e-01
3.051605337296742770e-01
3.044247094927991504e-01
3.036916264062538562e-01
3.029612748020140134e-01
3.022336449851307227e-01
3.015087272357203640e-01
3.007865118108940528e-01
3.000669889466325846e-01
2.993501488596046478e-01
2.986359817489323554e-01
2.979244777979059289e-01
2.972347432488072205e-01
2.965556311188680683e-01
2.958788256448088294e-01
2.952043201516998949e-01
2.945321079304338840e-01
2.938621822393217564e-01
2.931945363056460696e-01
2.925291633271723257e-01
2.918660564736197949e-01
2.912052088880929257e-01
2.905466136884735096e-01
2.898902639687773730e-01
2.892361528004732119e-01
2.885842732337678962e-01
2.879346182988563041e-01
2.872871810071402909e-01
2.866419543524122981e-01
2.859989313120107624e-01
2.853581048479433835e-01
2.847194679079815827e-01
2.840830134267260942e-01
2.834487343266439696e-01
2.828166235190796018e-01
2.821866739052379947e-01
2.815588783771429959e-01
2.809332298185703847e-01
2.803097211059558114e-01
2.796883451092804784e-01
2.790690946929312299e-01
2.784519627165403244e-01
2.778369420358022257e-01
2.772240255032680789e-01
2.766132059691209788e-01
2.760044762819298669e-01
2.753978292893827784e-01
2.747932578390026581e-01
2.741907547788422495e-01
2.735903129581619408e-01
2.730033733399723772e-01
2.724300384824438481e-01
2.718584812283401098e-01
2.712886980959679506e-01
2.707206855470834506e-01
2.701544399885304482e-01
2.695899577738480324e-01
2.690272352048421189e-01
2.684662685331288823e-01
2.679070539616436042e-01
2.673495876461197129e-01
2.667938656965385680e-01
2.662398841785477144e-01
2.656876391148508265e-01
2.651371264865692856e-01
2.645883422345753355e-01
2.640412822607971499e-01
2.634959424294977537e-01
2.629523185685267994e-01
2.624104064705459205e-01
2.618702018942289933e-01
2.613317005654376968e-01
2.607948981783713149e-01
2.602597903966930026e-01
2.597263728546325701e-01
2.591946411580649534e-01
2.586645908855670362e-01
2.581362175894512667e-01
2.576095167967778488e-01
2.570844840103440054e-01
2.565611147096545364e-01
2.560394043518687268e-01
2.555193483727291048e-01
2.550009421874686599e-01
2.544841811916998542e-01
2.539690607622830387e-01
2.534555762581768845e-01
2.529437230212701060e-01
2.524334963771944218e-01
2.519248916361206958e-01
2.514224980610454407e-01
2.509251156163848639e-01
2.504293092449843550e-01
2.499350743157841559e-01
2.494424061853652286e-01
2.489513001986556340e-01
2.484617516896223677e-01
2.479737559819468751e-01
2.474873083896853010e-01
2.470024042179141677e-01
2.465190387633609814e-01
2.460372073150209615e-01
2.455752383081922230e-01
2.451221160876869420e-01
2.446703053123075178e-01
2.442198027114053094e-01
2.437706050004908864e-01
2.433227088817902228e-01
2.428761110447912042e-01
2.424308081667764514e-01
2.419867969133461250e-01
2.415440739389295988e-01
2.411026358872863096e-01
2.406624793919958649e-01
2.402236010769383812e-01
2.397859975567636914e-01
2.393496654373515331e-01
2.389146013162612436e-01
2.384808017831717697e-01
2.380482634203139047e-01
2.376169828028902309e-01
2.371869564994892599e-01
2.367581810724881386e-01
2.363306530784486381e-01
2.359043690685028727e-01
2.354793255887316916e-01
2.350555191805349664e-01
2.346329463809923577e-01
2.342116037232184478e-01
2.337914877367081590e-01
2.333725949476753159e-01
2.329549218793842136e-01
2.325384650524727204e-01
2.321232209852693296e-01
2.317091861941024955e-01
2.312963571936033913e-01
2.308847304970014780e-01
2.304743026164140507e-01
2.300650700631286238e-01
2.296570293478798208e-01
2.292501769811187973e-01
2.288445094732772800e-01
2.284400233350256382e-01
2.280367150775252372e-01
2.276345812126735479e-01
2.272336182533458426e-01
2.268338227136295349e-01
2.264351911090534686e-01
2.260377199568124884e-01
2.256414057759864034e-01
2.252462450877532329e-01
2.248522344155982344e-01
2.244593702855176842e-01
2.240676492262175801e-01
2.236770677693077636e-01
2.232876224494918793e-01
2.228993098047513666e-01
2.225121263765267032e-01
2.221260687098931819e-01
2.217411333537327167e-01
2.213573168609005437e-01
2.209746157883900330e-01
2.205930266974905907e-01
2.202125461539438389e-01
2.198331707280946068e-01
2.194548969950387007e-01
2.190777215347670670e-01
2.187016409323051525e-01
2.183266517778498506e-01
2.179527506669032000e-01
2.175799342004008097e-01
2.172081989848389794e-01
2.168375416323971017e-01
2.164679587610571221e-01
2.160994469947208896e-01
2.157320029633222336e-01
2.153656233029376255e-01
2.150003046558939535e-01
2.146360436708719954e-01
2.142728370030081153e-01
2.139106813139930452e-01
2.135495732721674478e-01
2.131895095526150086e-01
2.128304868372525582e-01
2.124725018149185019e-01
2.121155511814578065e-01
2.117596316398044631e-01
2.114047399000616723e-01
2.110508726795808088e-01
2.106980267030355014e-01
2.103461987024960733e-01
2.099953854174996526e-01
2.096455835951194224e-01
2.092967899900310125e-01
2.089490013645768640e-01
2.086022144888292906e-01
2.082564261406496531e-01
2.079116331057476730e-01
2.075678321777374158e-01
2.072250201581919415e-01
2.068831938566957074e-01
2.065423500908957211e-01
2.062024856865498357e-01
2.058716640292572175e-01
2.055434736941081086e-01
2.052161875263261714e-01
2.048898028504597679e-01
2.045643169956669893e-01
2.042397272957870435e-01
2.039160310894082284e-01
2.035932257199351836e-01
2.032713085356536165e-01
2.029502768897933906e-01
2.026301281405906707e-01
2.023108596513476798e-01
2.019924687904902094e-01
2.016749529316261835e-01
2.013583094535986162e-01
2.010425357405410118e-01
2.007276291819282688e-01
2.004135871726279994e-01
2.001004071129499073e-01
1.997880864086925001e-01
1.994766224711910230e-01
1.991660127173607298e-01
1.988562545697424855e-01
1.985473454565433726e-01
1.982392828116791572e-01
1.979320640748132021e-01
1.976256866913955745e-01
1.973201481127002943e-01
1.970154457958616101e-01
1.967115772039086941e-01
1.964085398057998366e-01
1.961063310764556422e-01
1.958049484967897269e-01
1.955043895537401932e-01
1.952046517402988290e-01
1.949057325555396958e-01
1.946076295046462734e-01
1.943103400989388552e-01
1.940138618558991113e-01
1.937181922991953187e-01
1.934233289587058979e-01
1.931292693705419228e-01
1.928360110770692137e-01
1.925435516269291547e-01
1.922518885750591211e-01
1.919610194827109650e-01
1.916709419174702778e-01
1.913816534532738478e-01
1.910931516704259536e-01
1.908054341556149613e-01
1.905184985019286459e-01
1.902323423088679855e-01
1.899469631823618998e-01
1.896623587347798789e-01
1.893785265849441679e-01
1.890954643581419514e-01
1.888131696861359843e-01
1.885316402071751940e-01
1.882508735660042565e-01
1.879708674138724500e-01
1.876916194085426759e-01
1.874131272142989524e-01
1.871353885019534646e-01
1.868584009488535591e-01
1.865821622388880441e-01
1.863066700624920191e-01
1.860319221166525094e-01
1.857579161049126015e-01
1.854846497373755787e-01
1.852121207307080297e-01
1.849403268081430685e-01
1.846692656994824433e-01
1.843989351410990352e-01
1.841293328759375514e-01
1.838604566535161078e-01
1.835923042299265062e-01
1.833248733678345122e-01
1.830581618364793550e-01
1.827921674116733397e-01
1.825268878757997926e-01
1.822623210178127839e-01
1.819984646332340195e-01
1.817353165241512858e-01
1.814728744992150922e-01
1.812111363736359781e-01
1.809500999691809608e-01
1.806897631141696214e-01
1.804301236434701361e-01
1.801711793984941967e-01
1.799129282271931529e-01
1.796553679840517670e-01
1.793984965300835788e-01
1.791423117328246883e-01
1.788868114663275666e-01
1.786319936111550044e-01
1.783786455950714667e-01
1.781370355890357637e-01
1.778960346522459879e-01
1.776556410375259021e-01
1.774158530022599267e-01
1.771780533199077412e-01
1.769488310399146003e-01
1.767228692718910976e-01
1.764974661245209409e-01
1.762726200341888372e-01
1.760483294410493671e-01
1.758245927890336735e-01
1.756014085258562063e-01
1.753787751030196074e-01
1.751566909758209001e-01
1.749351546033558746e-01
1.747141644485247225e-01
1.744937189780362830e-01
1.742738166624124285e-01
1.740544559759922838e-01
1.738356353969358614e-01
1.736173534072278091e-01
1.733996084926803238e-01
1.731823991429368159e-01
1.729657238514739903e-01
1.727495811156050942e-01
1.725339694364816934e-01
1.723188873190958925e-01
1.721043332722825281e-01
1.718903058087204172e-01
1.716768034449338287e-01
1.714638247012938987e-01
1.712513681020194911e-01
1.710394321751776137e-01
1.708280154526848060e-01
1.706171164703066956e-01
1.704067337676584415e-01
1.701968658882051233e-01
1.699875113792609638e-01
1.697786687919889403e-01
1.695703366814008406e-01
1.693625136063557635e-01
1.691551981295595641e-01
1.689483888175637716e-01
1.687420842407639510e-01
1.685362829733988155e-01
1.683309835935481724e-01
1.681261846831312856e-01
1.679218848279048215e-01
1.677180826174612116e-01
1.675147766452258491e-01
1.673119655084552571e-01
1.671096478082338688e-01
1.669078221494720571e-01
1.667064871409030535e-01
1.665056413950798675e-01
1.663052835283723163e-01
1.661054121609636947e-01
1.659060259168478324e-01
1.657071234238252644e-01
1.655087033134997332e-01
1.653107642212740813e-01
1.651144430883692282e-01
1.649227083571723484e-01
1.647314303213168185e-01
1.645406076542981766e-01
1.643502390339338370e-01
1.641603231423499065e-01
1.639708586659676393e-01
1.637818442954908638e-01
1.635932787258922161e-01
1.634051606563996228e-01
1.632174887904835336e-01
1.630302618358439593e-01
1.628434785043963162e-01
1.626571375122591590e-01
1.624712375797401909e-01
1.622857774313237467e-01
1.621007557956570810e-01
1.619191789028754658e-01
1.617386860753394218e-01
1.615586068459480273e-01
1.613789400728648238e-01
1.611996846177282672e-01
1.610208393456412090e-01
1.608424031251611264e-01
1.606643748282902684e-01
1.604867533304651928e-01
1.603095375105478837e-01
1.601327262508146498e-01
1.599563184369469371e-01
1.597803129580212533e-01
1.596047087064990655e-01
1.594295045782177234e-01
1.592546994723793297e-01
1.590802922915421913e-01
1.589062819416102446e-01
1.587326673318233683e-01
1.585594473747479749e-01
1.583866209862665742e-01
1.582141870855690580e-01
1.580421445951416815e-01
1.578704924407582921e-01
1.576992295514704490e-01
1.575283548595974026e-01
1.573611515601034960e-01
1.571953227414297771e-01
1.570298623131678450e-01
1.568647692621127354e-01
1.567000425783298401e-01
1.565356812551422783e-01
1.563716842891194891e-01
1.562080506800653246e-01
1.560447794310068081e-01
1.558818695481817285e-01
1.557193200410276479e-01
1.555571299221703285e-01
1.553952982074116029e-01
1.552338239157187993e-01
1.550727060692128900e-01
1.549119436931570837e-01
1.547515358159457233e-01
1.545914814690928230e-01
1.544317796872211601e-01
1.542724295080505070e-01
1.541134299723873891e-01
1.539547801241132330e-01
1.537964790101735979e-01
1.536385256805674893e-01
1.534809191883360346e-01
1.533236585895514370e-01
1.531667429433067329e-01
1.530101713117045514e-01
1.528539427598463452e-01
1.526980563558218706e-01
1.525425111706981141e-01
1.523873062785093546e-01
1.522324407562457849e-01
1.520779136838436851e-01
1.519237241441740716e-01
1.517698712230331204e-01
1.516163540091312045e-01
1.514641219801196592e-01
1.513147961562399946e-01
1.511657854227536901e-01
1.510170889516551374e-01
1.508687059175223277e-01
1.507206354975075546e-01
1.505728768713289201e-01
1.504254292212614808e-01
1.502782917321282830e-01
1.501314635912915363e-01
1.499849439886438429e-01
1.498387321166000652e-01
1.496928271700876112e-01
1.495472283465388852e-01
1.494019348458816843e-01
1.492569458705310104e-01
1.491122606253808269e-01
1.489678783177951216e-01
1.488237981575993296e-01
1.486800193570720907e-01
