9.185133859391880762e-01
8.462828275377117793e-01
8.007623790530260521e-01
7.646495863214983757e-01
7.389070090912540634e-01
7.177879238707715048e-01
6.998947622936193547e-01
6.847459761479646190e-01
6.723910865105661161e-01
6.621059702800092817e-01
6.533326157800776190e-01
6.454639513926778704e-01
6.380971042360180645e-01
6.311379877613734202e-01
6.245319829818094526e-01
6.183703760217331702e-01
6.124298772056473439e-01
6.066771500896130931e-01
6.012554759390658088e-01
5.961084624758962169e-01
5.910650700045033679e-01
5.861147442799409246e-01
5.813854853375354237e-01
5.768749156316854698e-01
5.724284542497384276e-01
5.681412402588009725e-01
5.639639362231767539e-01
5.598365631127961706e-01
5.558740528704154693e-01
5.521374856489675853e-01
5.485724652865554551e-01
5.450713799188452446e-01
5.415956527303108503e-01
5.381454819742370610e-01
5.347210747609442150e-01
5.313226349752707689e-01
5.279503548298349891e-01
5.246044091489043826e-01
5.212849516914730419e-01
5.179921129862704587e-01
5.147259992773989268e-01
5.114866922758982692e-01
5.082742494865730709e-01
5.050887049361039161e-01
5.019300701718162339e-01
4.987983354335922548e-01
4.956934709266602179e-01
4.926154281422077119e-01
4.895641411873525861e-01
4.865395280970440939e-01
4.835414921087908269e-01
4.805699228873615003e-01
4.776246976912631448e-01
4.747056824762618255e-01
4.718127329337362674e-01
4.689456954634958485e-01
4.661044080819996549e-01
4.632887012678223448e-01
4.604983987468221351e-01
4.577333182198555783e-01
4.549932720361012373e-01
4.522780678151635536e-01
4.495875090211321479e-01
4.469213954917315990e-01
4.442795239256018269e-01
4.416616883306264119e-01
4.390676804360906793e-01
4.364972900713023907e-01
4.339503055131491149e-01
4.314265138049177550e-01
4.289257010485463817e-01
4.264476526723340322e-01
4.239921536759877485e-01
4.215589888547585096e-01
4.191479430042847065e-01
4.167588011076472365e-01
4.143913485060213286e-01
4.120453710542115733e-01
4.097206552622582598e-01
4.074283125100096603e-01
4.051671301833628669e-01
4.029268914744083552e-01
4.007073697625678776e-01
3.985083402652470630e-01
3.963295800904970134e-01
3.941708682830019628e-01
3.920319858639512156e-01
3.899127158653117875e-01
3.878128433589775881e-01
3.857321554812291886e-01
3.836704414529085727e-01
3.816274925956744668e-01
3.796268112255458127e-01
3.776771697080892887e-01
3.757519621375274288e-01
3.738438359318229653e-01
3.719526053889838368e-01
3.700846793067417151e-01
3.682714322095752002e-01
3.664818056985083006e-01
3.647076064833763009e-01
3.629486679268514870e-01
3.612048252549329708e-01
3.594759155439743448e-01
3.577617777071295246e-01
3.560889436480099146e-01
3.544916771259695176e-01
3.529174323814850966e-01
3.513563456266654006e-01
3.498082776998983068e-01
3.482730909767223215e-01
3.467576060029505247e-01
3.452868102221873792e-01
3.438347094969443907e-01
3.423943617364978986e-01
3.409656457250414552e-01
3.395484415641862319e-01
3.381426306612737576e-01
3.367480957176365308e-01
3.353647207168189426e-01
3.339923909127661683e-01
3.326309928179903008e-01
3.312804141917243261e-01
3.299405440280680502e-01
3.286112725441365234e-01
3.272924911682172922e-01
3.259840925279408608e-01
3.246859704384723599e-01
3.233980198907294712e-01
3.221201370396314934e-01
3.208522191923846023e-01
3.195941647968071897e-01
3.183458734297011650e-01
3.171072457852700532e-01
3.158781836635911611e-01
3.146585899591426427e-01
3.134483686493892973e-01
3.122474247834298722e-01
3.110827172193414425e-01
3.099290873520761380e-01
3.087842047997638173e-01
3.076479812063079855e-01
3.065203292059617834e-01
3.054011624128136759e-01
3.042903954103332587e-01
3.031879437409779054e-01
3.021045273308679557e-01
3.010768484486387453e-01
3.000567712233561113e-01
2.990442199394834355e-01
2.980391197260184866e-01
2.970413965474855700e-01
2.960509771949858537e-01
2.950677892773033717e-01
2.940917612120710345e-01
2.931228222169966480e-01
2.921609023011509931e-01
2.912059322563194108e-01
2.902578436484175017e-01
2.893165688089724963e-01
2.883820408266715707e-01
2.874541935389764435e-01
2.865329615238068062e-01
2.856182800912929198e-01
2.847100852755969358e-01
2.838083138268041039e-01
2.829129032028861457e-01
2.820237915617325730e-01
2.811409177532562254e-01
2.802753128905700053e-01
2.794475627815475871e-01
2.786250998633188480e-01
2.778078775322719296e-01
2.769958496522042513e-01
2.761889705500125136e-01
2.753871950113951916e-01
2.745904782765689056e-01
2.737987760359993916e-01
2.730120444261494028e-01
2.722302400252435972e-01
2.714533198490512445e-01
2.706812413466886391e-01
2.699139623964412205e-01
2.691514413016065643e-01
2.683936367863587469e-01
2.676405079916358565e-01
2.668920144710493214e-01
2.661481161868178291e-01
2.654087735057256148e-01
2.646739471951042311e-01
2.639435984188415740e-01
2.632176887334153337e-01
2.624961800839532566e-01
2.617790348003203316e-01
2.610662155932326201e-01
2.603576855503988985e-01
2.596534081326901111e-01
2.589709343348823301e-01
2.583127254873411327e-01
2.576583349598929873e-01
2.570077299489578748e-01
2.563608779971224827e-01
2.557177469892817911e-01
2.550783051488190734e-01
2.544425210338231991e-01
2.538103635333445185e-01
2.531818018636888268e-01
2.525568055647478549e-01
2.519353444963685629e-01
2.513173888347588480e-01
2.507029090689308348e-01
2.500918759971806349e-01
2.494842607236053833e-01
2.488800346546561071e-01
2.482869497013198146e-01
2.477160222238390108e-01
2.471480012147983518e-01
2.465828643655431085e-01
2.460205895886418415e-01
2.454611550154916499e-01
2.449045389939457085e-01
2.443507200859646178e-01
2.437996770652921252e-01
2.432513889151516062e-01
2.427058348259678033e-01
2.421629941931105479e-01
2.416228466146612408e-01
2.410853718892024544e-01
2.405505500136291552e-01
2.400183611809841577e-01
2.394887857783147556e-01
2.389618043845507800e-01
2.384489445838880728e-01
2.379431294079976944e-01
2.374396115740904367e-01
2.369383752334412174e-01
2.364394046882462574e-01
2.359426843899341819e-01
2.354481989374961892e-01
2.349559330758345943e-01
2.344658716941304955e-01
2.339779998242304815e-01
2.334923026390507417e-01
2.330087654510002437e-01
2.325273737104211480e-01
2.320481130040483175e-01
2.315709690534849541e-01
2.310959277136969692e-01
2.306229749715248412e-01
2.301520969442115427e-01
2.296832798779484264e-01
2.292165101464378740e-01
2.287517742494722672e-01
2.282890588115299435e-01
2.278358207270097802e-01
2.273923479999174768e-01
2.269507108604933432e-01
2.265108980689286011e-01
2.260728984811837261e-01
2.256367010480068158e-01
2.252022948139618952e-01
2.247696689164671580e-01
2.243388125848434500e-01
2.239097151393732166e-01
2.234823659903691084e-01
2.230567546372523025e-01
2.226328706676411751e-01
2.222107037564487186e-01
2.217902436649908937e-01
2.213714802401034742e-01
2.209544034132687185e-01
2.205390031997514766e-01
2.201252696977445411e-01
2.197131930875229622e-01
2.193027636306077999e-01
2.188939716689388137e-01
2.184868076240560619e-01
2.180812619962900212e-01
2.176773253639610328e-01
2.172749883825872419e-01
2.168742417841010017e-01
2.164814257413750220e-01
2.160958099637448060e-01
2.157115245457004171e-01
2.153285636041780693e-01
2.149469212915066096e-01
2.145665917951071200e-01
2.141875693371973199e-01
2.138098481744979129e-01
2.134334225979432897e-01
2.130582869323934814e-01
2.126844355363509964e-01
2.123118628016786302e-01
2.119405631533223255e-01
2.115705310490353097e-01
2.112017609791053685e-01
2.108342474660857557e-01
2.104679850645282402e-01
2.101029683607187337e-01
2.097391919724164722e-01
2.093766505485950280e-01
2.090153387691868203e-01
2.086552513448297896e-01
2.082963830166164598e-01
2.079387285558465803e-01
2.075822827637809065e-01
2.072270404713993652e-01
2.068729965391598591e-01
2.065201458567609560e-01
2.061684833429061059e-01
2.058180039450713539e-01
2.054687026392738591e-01
2.051205744298446598e-01
2.047736143492025207e-01
2.044278174576305562e-01
2.040831788430549631e-01
2.037421804344853038e-01
2.034201076522180185e-01
2.030990429393614294e-01
2.027789823104581279e-01
2.024599218010594837e-01
2.021418574675656332e-01
2.018312264645336918e-01
2.015220371530268562e-01
2.012138020790719961e-01
2.009065175037033357e-01
2.006001797074420390e-01
2.002947849901518529e-01
1.999903390789781465e-01
1.996871873038695011e-01
1.993849659033825883e-01
1.990836712662782115e-01
1.987832997998136564e-01
1.984838479296084091e-01
1.981853120995109574e-01
1.978876887714675070e-01
1.975909744253912248e-01
1.972951655590330644e-01
1.970002586878535911e-01
1.967062503448961108e-01
1.964131370806608823e-01
1.961209154629806328e-01
1.958295820768972684e-01
1.955391335245389439e-01
1.952495664249998542e-01
1.949806359822482404e-01
1.947179746949230517e-01
1.944580951261150326e-01
1.941989679864543072e-01
1.939405906397512203e-01
1.936829604604637378e-01
1.934260748336444902e-01
1.931699311548888687e-01
1.929145268302830951e-01
1.926598592763519024e-01
1.924059259200083249e-01
1.921527241985016843e-01
1.919002515593669911e-01
1.916485054603754568e-01
1.913974833694831179e-01
1.911471827647819588e-01
1.908976011344501733e-01
1.906487359767029266e-01
1.904005847997436163e-01
1.901531451217150226e-01
1.899064144706515411e-01
1.896603903844308603e-01
1.894175791771832984e-01
1.891756465595479109e-01
1.889344032129532114e-01
1.886951103898797666e-01
1.884594075162806248e-01
1.882313266571901678e-01
1.880044993692610578e-01
1.877782990722884626e-01
1.875527237135148351e-01
1.873277712462559086e-01
1.871034396299013081e-01
1.868797268299140502e-01
1.866566308178301270e-01
1.864341495712574792e-01
1.862122810738751633e-01
1.859910233154312975e-01
1.857703742917413137e-01
1.855503320046863469e-01
1.853308944622096832e-01
1.851120596783146222e-01
1.848938256730615626e-01
1.846761904725641446e-01
1.844591521089856412e-01
1.842427086205352671e-01
1.840268580514638208e-01
1.838115984520592994e-01
1.835969278786415138e-01
1.833828443935580643e-01
1.831693460651785121e-01
1.829564309678886613e-01
1.827440971820854521e-01
1.825323427941702714e-01
1.823211658965433468e-01
1.821105645875966683e-01
1.819005369717079101e-01
1.816910811592331587e-01
1.814821952664999460e-01
1.812738774158000610e-01
1.810661257353816112e-01
1.808589383594418343e-01
1.806523134281186604e-01
1.804462490874832459e-01
1.802407434895309246e-01
1.800357947921734370e-01
1.798314011592299089e-01
1.796275607604178870e-01
1.794242717713447344e-01
1.792215323734980825e-01
1.790193407542368109e-01
1.788176951067813047e-01
1.786265771845168826e-01
1.784366804945259066e-01
1.782472760873238249e-01
1.780583624001688958e-01
1.778699378748761217e-01
1.776820009578165827e-01
1.774945500999154657e-01
1.773075837566508162e-01
1.771211003880508172e-01
1.769350984586923470e-01
1.767495764376982026e-01
1.765645327987351021e-01
1.763799660200100761e-01
1.761958745842684970e-01
1.760122569787901659e-01
1.758291116953866196e-01
1.756464372303974675e-01
1.754642320846866999e-01
1.752824947636388575e-01
1.751012237771553959e-01
1.749204176396499943e-01
1.747400748700446427e-01
1.745601939917654222e-01
1.743807735327372599e-01
1.742018120253794600e-01
1.740233080066011795e-01
1.738452600177957941e-01
1.736676666048360962e-01
1.734905263180685497e-01
1.733138377123085438e-01
1.731375993468338148e-01
1.729618097853794223e-01
1.727864675961318097e-01
1.726115713517222816e-01
1.724371196292218134e-01
1.722631110101335572e-01
1.720895440803877074e-01
1.719164174303342008e-01
1.717437296547364989e-01
1.715714793527645665e-01
1.713996651279884598e-01
1.712282855883711097e-01
1.710573393462612446e-01
1.708868250183865622e-01
1.707167412258458750e-01
1.705470865941026148e-01
1.703778597529766736e-01
1.702090593366371585e-01
1.700406839835948980e-01
1.698727323366942821e-01
1.697052030431059344e-01
1.695380947543185801e-01
1.693714061261310522e-01
1.692051358186442145e-01
1.690392824962528850e-01
1.688738448276377591e-01
1.687088214857566659e-01
1.685442111478365201e-01
1.683800124953647726e-01
1.682162242140810282e-01
1.680528449939681090e-01
1.678898735292437272e-01
1.677273085183515200e-01
1.675651486639524457e-01
1.674033926729154853e-01
1.672420392563093716e-01
1.670810871293930411e-01
1.669205350116067521e-01
1.667603816265632033e-01
1.666006257020377634e-01
1.664412659699600339e-01
1.662823011664039397e-01
1.661237300315787924e-01
1.659655513098195201e-01
1.658077637495777301e-01
1.656503661034115504e-01
1.654933571279769422e-01
1.653367355840174024e-01
1.651834951196995416e-01
1.650341474672938624e-01
1.648851398515928657e-01
1.647364713346767262e-01
1.645881409806743412e-01
1.644401478557681040e-01
1.642924910281989004e-01
1.641451695682704381e-01
1.639981825483539657e-01
1.638515290428924909e-01
1.637052081284047500e-01
1.635592188834895100e-01
1.634135603888294264e-01
1.632682317271947348e-01
1.631232319834470257e-01
1.629785602445426862e-01
1.628342155995363971e-01
1.626901971395841029e-01
1.625465039579465920e-01
1.624031351499922449e-01
1.622600898132000036e-01
1.621173670471621198e-01
1.619749659535869579e-01
1.618328856363014379e-01
1.616911252012533384e-01
1.615496837565141564e-01
1.614085604122805218e-01
1.612677542808768905e-01
1.611272644767577089e-01
1.609870901165083301e-01
1.608472303188480390e-01
1.607076842046308018e-01
1.605684508968472368e-01
1.604295295206262517e-01
1.602909192032358210e-01
1.601526190740849565e-01
1.600146282647242624e-01
1.598769459088477674e-01
1.597395711422930076e-01
1.596025031030425811e-01
1.594657409312248419e-01
1.593292837691142605e-01
1.591937671761078088e-01
1.590624895878803569e-01
1.589315035431070888e-01
1.588008082251786413e-01
1.586704028195666527e-01
1.585402865138234307e-01
1.584104584975809527e-01
1.582809179625507268e-01
1.581516641025225989e-01
1.580226961133641694e-01
1.578940131930198776e-01
1.577656145415103350e-01
1.576374993609310493e-01
1.575096668554515078e-01
1.573822844272657617e-01
1.572579057228095933e-01
1.571338013974044878e-01
1.570099705903478526e-01
1.568864124443893060e-01
1.567631261057122194e-01
1.566401107239141777e-01
1.565173654519882163e-01
1.563948894463039474e-01
1.562726818665894635e-01
1.561507418759119914e-01
1.560290686406601846e-01
1.559076613305261649e-01
1.557865191184870102e-01
1.556656411807872120e-01
1.555450266969206352e-01
1.554246748496134756e-01
1.553045848248063299e-01
1.551847558116371817e-01
1.550651870024242207e-01
1.549458775926486342e-01
1.548268267809380094e-01
1.547080337690490970e-01
1.545894977618518795e-01
1.544712179673125851e-01
1.543531935964774782e-01
1.542354238634565944e-01
1.541179079854075040e-01
1.540006451825197964e-01
1.538836346779988151e-01
1.537668756980498375e-01
1.536503674718628087e-01
1.535382775463486615e-01
1.534289373122727507e-01
1.533198137374297276e-01
1.532109061897430347e-01
1.531022140395844611e-01
1.529937366597604598e-01
1.528854734254980474e-01
1.527774237144307601e-01
1.526695869065858024e-01
1.525619623843698092e-01
1.524545495325558553e-01
1.523473477382694952e-01
1.522403563909769109e-01
1.521335748824701184e-01
1.520270026068557268e-01
1.519206389605408658e-01
1.518144833422208073e-01
