5.125979789065125303e+00
1.568420686486278415e+00
9.230773755050214469e-01
8.238336772845608058e-01
7.896131340457832604e-01
7.697677008678668331e-01
7.527325455658178122e-01
7.371132783287567269e-01
7.221355735400682985e-01
7.078210065471082224e-01
6.942651501801061498e-01
6.813797503878643580e-01
6.690622306617804993e-01
6.572769682280521497e-01
6.459417050991511644e-01
6.353051801253262187e-01
6.251655885864585427e-01
6.153908890765339423e-01
6.061305480861585160e-01
5.979521893668072741e-01
5.904617641550656826e-01
5.832214988420697521e-01
5.761962641049813705e-01
5.693741837025230179e-01
5.627444318934993195e-01
5.562971054015510841e-01
5.500231145521737863e-01
5.439140903134564997e-01
5.379623045751850130e-01
5.321611661519453085e-01
5.265038995498572127e-01
5.209838216879809636e-01
5.155951694270058949e-01
5.103636240403944813e-01
5.053229542891201076e-01
5.003944108937293800e-01
4.955736836942842283e-01
4.908567156854972691e-01
4.862396828740601640e-01
4.817189761099954226e-01
4.772911846661265778e-01
4.729530813693152980e-01
4.687016091122664929e-01
4.645338685962471237e-01
4.604471071735170007e-01
4.565548735200989361e-01
4.527982399802883418e-01
4.492041153915964369e-01
4.456706764534175691e-01
4.423756997756321252e-01
4.392004351820033570e-01
4.360697940037710496e-01
4.329827285190032682e-01
4.299382340386860291e-01
4.269353461843785058e-01
4.239922381632781900e-01
4.211033085885954041e-01
4.182524336671308851e-01
4.154551285076348299e-01
4.129248154519589153e-01
4.104248930730793887e-01
4.079547815716553227e-01
4.055139195402999719e-01
4.031654467341211912e-01
4.008558314985517512e-01
3.985705131126585088e-01
3.963091150611086633e-01
3.940712711426096471e-01
3.918566249590675343e-01
3.896648294390029910e-01
3.874955463926525456e-01
3.853484460963824132e-01
3.832232069042383893e-01
3.811195148846249214e-01
3.790370634802623928e-01
3.769755531897273082e-01
3.749346912689953681e-01
3.729141914515501921e-01
3.709137736857145984e-01
3.689331638879744801e-01
3.669720937111574655e-01
3.650527429511044586e-01
3.631561492999457741e-01
3.612775606201505951e-01
3.594170230150885992e-01
3.575741714925431691e-01
3.557486319535940744e-01
3.539401827112690913e-01
3.521486068326308283e-01
3.503736919322377186e-01
3.486152299787364517e-01
3.468730171136591434e-01
3.451468534815805289e-01
3.434658321582064189e-01
3.418381234204418972e-01
3.402242812251501936e-01
3.386241565429091716e-01
3.370376028192532125e-01
3.354644758727860498e-01
3.339046338003414660e-01
3.323579368886652174e-01
3.308242475321322984e-01
3.293034301560515131e-01
3.277953511451387469e-01
3.262998787767742992e-01
3.248168831586875083e-01
3.233462361707377664e-01
3.218878114104857247e-01
3.204414841422723592e-01
3.190071312495426636e-01
3.175846311901711627e-01
3.161738639545653706e-01
3.147747110263373060e-01
3.133870553453523833e-01
3.120107812729758789e-01
3.106457745593532160e-01
3.092919223125684125e-01
3.079491129695449136e-01
3.066172362685504194e-01
3.052961832231924633e-01
3.039858460977865606e-01
3.026861183839978375e-01
3.013968947786566654e-01
3.001180711626630915e-01
2.988495445808967976e-01
2.975912132230560392e-01
2.963429764053575610e-01
2.951047345530314892e-01
2.938763891835522446e-01
2.926578428905509677e-01
2.914489993283570501e-01
2.902616960871736707e-01
2.891014282260133128e-01
2.879501462104734899e-01
2.868077622195023824e-01
2.856741894041247010e-01
2.845493418741075753e-01
2.834331346850247346e-01
2.823254838256938348e-01
2.812263062059635055e-01
2.801355196448256923e-01
2.790530428588349765e-01
2.779787954508151637e-01
2.769126978988348808e-01
2.758546715454371356e-01
2.748046385871061315e-01
2.737625220639599011e-01
2.727282458496533279e-01
2.717017346414818957e-01
2.706829139506728987e-01
2.696717100928573418e-01
2.686680501787093167e-01
2.676804053472115474e-01
2.667025423614919899e-01
2.657318518471706859e-01
2.647682654263991409e-01
2.638117154543788145e-01
2.628621350117927857e-01
2.619194578972982024e-01
2.609836186200812924e-01
2.600545523924721047e-01
2.591321951226174813e-01
2.582164834072128157e-01
2.573073545242883786e-01
2.564047464260537645e-01
2.555085977317955725e-01
2.546188477208298218e-01
2.537354363255098777e-01
2.528583041242863372e-01
2.519873923348202038e-01
2.511226428071510752e-01
2.502639980169162337e-01
2.494114010586232499e-01
2.485807534292114318e-01
2.477599830774027401e-01
2.469448343428403414e-01
2.461352560396405931e-01
2.453311975285922264e-01
2.445326087108757873e-01
2.437394400218567403e-01
2.429516424249506812e-01
2.421691674055595489e-01
2.413919669650778088e-01
2.406199936149685248e-01
2.398532003709054339e-01
2.390915407469837717e-01
2.383349687499964897e-01
2.375834388737754488e-01
2.368369060935973935e-01
2.360953258606527660e-01
2.353586540965786622e-01
2.346268471880516848e-01
2.338998619814446622e-01
2.331776557775417091e-01
2.324601863263143497e-01
2.317520429208732580e-01
2.310509660861968517e-01
2.303543634851651645e-01
2.296621970150277692e-01
2.289744289534418886e-01
2.282910219544393160e-01
2.276119390444317214e-01
2.269371436182542612e-01
2.262665994352459353e-01
2.256002706153696358e-01
2.249381216353681656e-01
2.242801173249579505e-01
2.236262228630612192e-01
2.229764037740731564e-01
2.223306259241686622e-01
2.216888555176438902e-01
2.210510590932945607e-01
2.204172035208315783e-01
2.197872559973320650e-01
2.191611840437271974e-01
2.185389555013245444e-01
2.179205385283671803e-01
2.173059015966277430e-01
2.166950134880376577e-01
2.160878432913511948e-01
2.154843603988444989e-01
2.148845345030491460e-01
2.142883355935195633e-01
2.137009284406777843e-01
2.131197495139633413e-01
2.125420161534198604e-01
2.119677004764792538e-01
2.113967748771476696e-01
2.108292120227373001e-01
2.102649848506445152e-01
2.097040665651741520e-01
2.091464306344091861e-01
2.085920507871248664e-01
2.080409010097473144e-01
2.074958562836298204e-01
2.069636636921892425e-01
2.064344795443093794e-01
2.059082803257754057e-01
2.053850427477210694e-01
2.048647437441082908e-01
2.043473604692383760e-01
2.038328702952960925e-01
2.033212508099266069e-01
2.028207304339428585e-01
2.023366007214482398e-01
2.018550012460657295e-01
2.013759135664595634e-01
2.008998614980581354e-01
2.004334541509181777e-01
1.999694136092808050e-01
1.995077232202263628e-01
1.990483664709609690e-01
1.985913269875634601e-01
1.981365885337414978e-01
1.976841350095973338e-01
1.972339504504066754e-01
1.967887812863901853e-01
1.963483318348756557e-01
1.959100291138460292e-01
1.954738587868823096e-01
1.950398066305926437e-01
1.946078585336920852e-01
1.941780004960845796e-01
1.937502186279550509e-01
1.933244991488649311e-01
1.929008283868557938e-01
1.924791927775583167e-01
1.920595788633081558e-01
1.916419732922679531e-01
1.912263628175549512e-01
1.908127364916595015e-01
1.904058926836618704e-01
1.900009552503217347e-01
1.895979117496832955e-01
1.891967498397684466e-01
1.887974572776523752e-01
1.884000219185491265e-01
1.880044317149075772e-01
1.876106747155163179e-01
1.872187390646185001e-01
1.868286130010365920e-01
1.864402848573055715e-01
1.860537430588160845e-01
1.856698412973715739e-01
1.852883548198242525e-01
1.849085991907217230e-01
1.845305635018150980e-01
1.841542686469588574e-01
1.837803877787346218e-01
1.834081678840329133e-01
1.830375989239139412e-01
1.826686709319365887e-01
1.823013740135804306e-01
1.819356983456737187e-01
1.815716341758253916e-01
1.812091718218630243e-01
1.808483016712745806e-01
1.804890141806570203e-01
1.801312998751675165e-01
1.797751493479811113e-01
1.794205532597520636e-01
1.790727018562019712e-01
1.787284075308941678e-01
1.783897568077408569e-01
1.780546131939209631e-01
1.777208326105934322e-01
1.773884074583808035e-01
1.770573301896851137e-01
1.767275933082896877e-01
1.763991893689659807e-01
1.760721109770819748e-01
1.757463507882152665e-01
1.754245250804883915e-01
1.751045011284281250e-01
1.747907351039793278e-01
1.744797049943533906e-01
1.741698637443003517e-01
1.738612051469505537e-01
1.735537230358759619e-01
1.732474112847685599e-01
1.729422638071232421e-01
1.726382745559233711e-01
1.723375951823480356e-01
1.720409130063531300e-01
1.717452987092371597e-01
1.714507473037369945e-01
1.711572538293832657e-01
1.708648133523445189e-01
1.705734209652718936e-01
1.702830717871452182e-01
1.699937609631209656e-01
1.697054836643808184e-01
1.694182350879813448e-01
1.691320104567059224e-01
1.688468050189165515e-01
1.685626140484073887e-01
1.682794328442597798e-01
1.679972567306972919e-01
1.677160810569428562e-01
1.674359011970768529e-01
1.671567125498955309e-01
1.668785105387708134e-01
1.666012906115116043e-01
1.663250482402250097e-01
1.660497789211794195e-01
1.657754781746684503e-01
1.655021415448747479e-01
1.652297645997363174e-01
1.649583429308122684e-01
1.646878721531509493e-01
1.644183479051563868e-01
1.641497658484594446e-01
1.638821216677854853e-01
1.636154110708265830e-01
1.633496297881118775e-01
1.630847735728805092e-01
1.628208382009537214e-01
1.625578194706092106e-01
1.622957132024559213e-01
1.620345152393083410e-01
1.617742214460630990e-01
1.615149220480875947e-01
1.612632287229565364e-01
1.610123585165256777e-01
1.607623080471970722e-01
1.605130739482090452e-01
1.602646528675832627e-01
1.600170414680725239e-01
1.597702364271073872e-01
1.595242344367441278e-01
1.592790322036119477e-01
1.590346264488599060e-01
1.587910139081046279e-01
1.585481913313773750e-01
1.583061554830716144e-01
1.580649031418903672e-01
1.578253017846850403e-01
1.575867126004409091e-01
1.573488802963708133e-01
1.571118019733024618e-01
1.568754747420347817e-01
1.566398957233492983e-01
1.564050620480197107e-01
1.561709708568220500e-01
1.559376193005419520e-01
1.557050045399823723e-01
1.554731237459693882e-01
1.552419740993578323e-01
1.550115527910357616e-01
1.547818986944862751e-01
1.545532847737959570e-01
1.543253929022908588e-01
1.540982202323251671e-01
1.538717639278336657e-01
1.536460211643035922e-01
1.534209891287463545e-01
1.531966650196692481e-01
1.529730460470462294e-01
1.527501294322890502e-01
1.525279124082180027e-01
1.523063922190311947e-01
1.520855661202755449e-01
1.518654313788166677e-01
1.516459852728072044e-01
1.514300770719088363e-01
1.512166645557143085e-01
1.510038963744811669e-01
1.507917700890936130e-01
1.505802832702796412e-01
1.503694334985802017e-01
1.501592183643188083e-01
1.499496354675703969e-01
1.497406824181306828e-01
1.495323568354848531e-01
1.493246563487770073e-01
1.491175785967791823e-01
1.489111212278600160e-01
1.487052818999535786e-01
1.485000582805284519e-01
1.482954480465561997e-01
1.480914488844805033e-01
1.478880584901852979e-01
1.476852745689641033e-01
1.474830948354881321e-01
1.472815170137748431e-01
1.470839259779620212e-01
1.468953185755661750e-01
1.467072198788795523e-01
1.465196282853528376e-01
1.463325421965696871e-01
1.461459600182573870e-01
1.459598801602979001e-01
1.457743010367379410e-01
1.455892210657994401e-01
1.454046386698880644e-01
1.452205522756030709e-01
1.450369603137456609e-01
1.448538612193279451e-01
1.446712534315802157e-01
1.444891353939594947e-01
1.443075055541556961e-01
1.441263623640997582e-01
1.439457042799697495e-01
1.437655297621968919e-01
1.435858372754721390e-01
1.434066252887515047e-01
1.432278922752608374e-01
1.430496367125021484e-01
1.428718570822570255e-01
1.426945518705913796e-01
1.425177195678600239e-01
1.423413586687097554e-01
1.421654676720830734e-01
1.419900450812215942e-01
1.418150894036685483e-01
1.416405991512722506e-01
1.414665728401869604e-01
1.412930089908763787e-01
1.411199061281149247e-01
1.409472627809889855e-01
1.407750774828988027e-01
1.406033487715588060e-01
1.404320751889991115e-01
1.402612552815656610e-01
1.400908875999206105e-01
1.399209706990419133e-01
1.397515031382244033e-01
1.395824834810776571e-01
1.394139102955266885e-01
1.392457821538107543e-01
1.390780976324819673e-01
1.389108553124039913e-01
1.387440537787511252e-01
1.385776916210061382e-01
1.384117674329580217e-01
1.382462798127004899e-01
1.380812273626292608e-01
1.379166086894399734e-01
1.377524224041247192e-01
1.375886671219699875e-01
1.374253414625528913e-01
1.372624440497382803e-01
1.370999735116751328e-01
1.369379284807933639e-01
1.367763075937992734e-01
1.366151094916720765e-01
1.364543328196599348e-01
1.362939762272750988e-01
1.361340383682901056e-01
1.359745179007326721e-01
1.358154134868812257e-01
1.356567237932596870e-01
1.354984474906329173e-01
1.353405832540009457e-01
1.351831297625943340e-01
1.350260856998676540e-01
1.348694497534951020e-01
1.347132206153635603e-01
1.345573969815676008e-01
1.344019775524031568e-01
1.342469610323610840e-01
1.340923461301214981e-01
1.339381315585466137e-01
1.337843160346752214e-01
1.336308982797152489e-01
1.334778770190371278e-01
1.333252509821672704e-01
1.331730189027809930e-01
1.330211795186953261e-01
1.328697315718620209e-01
1.327186738083600825e-01
1.325680049783882763e-01
1.324177238362581055e-01
1.322678291403861228e-01
1.321183196532857429e-01
1.319691941415600811e-01
1.318204513758939045e-01
1.316720901310454994e-01
1.315241091858390110e-01
1.313765073231562552e-01
1.312292833299279760e-01
1.310824359971264341e-01
1.309359641197563873e-01
1.307898664968472346e-01
1.306441419314439412e-01
1.304987892305986552e-01
1.303539151526542650e-01
1.302112958426134837e-01
1.300690272540235837e-01
1.299271083438091889e-01
1.297855380717909402e-01
1.296456291445557407e-01
1.295075233301685724e-01
1.293697440750442296e-01
1.292322904586099275e-01
1.290951615626553250e-01
1.289583564713338570e-01
1.288218742711643994e-01
1.286857140510317965e-01
1.285498749021883602e-01
1.284143559182545358e-01
1.282791561952198456e-01
1.281442748314436109e-01
1.280097109276549239e-01
1.278754635869538414e-01
1.277415319148111628e-01
1.276079150190689848e-01
1.274746120099401470e-01
1.273416220000088417e-01
1.272089441042301705e-01
1.270765774399298942e-01
1.269445211268040719e-01
1.268127742869185615e-01
1.266813360447084369e-01
1.265502055269774329e-01
1.264193818628969179e-01
1.262888641840054504e-01
1.261586516242070577e-01
1.260287433197712081e-01
1.258991384093305077e-01
1.257698360338805887e-01
1.256408353367774455e-01
1.255121354637375175e-01
1.253837355628350803e-01
1.252556347845009688e-01
1.251278322815208011e-01
1.250003272090336182e-01
1.248731187245294971e-01
1.247462059878478580e-01
1.246195881611754930e-01
1.244932644090447488e-01
1.243672338983305287e-01
1.242414957982489743e-01
1.241160492803548981e-01
1.239908935185389527e-01
1.238660276890260342e-01
1.237414509703717580e-01
1.236171625434609594e-01
1.234931615915041692e-01
1.233694473000353647e-01
1.232460188569090564e-01
1.231228754522974006e-01
1.230000162786876461e-01
1.228774405308786094e-01
1.227551474059782599e-01
1.226331361034001394e-01
1.225114058248606419e-01
1.223899557743754890e-01
1.222687851582567736e-01
1.221478931851095601e-01
1.220272790658284284e-01
1.219069420135942272e-01
1.217868812438706594e-01
1.216670959744006048e-01
1.215475854252027338e-01
1.214283488185681215e-01
1.213093853790557369e-01
1.211906943334900288e-01
1.210722749109562207e-01
1.209541263427970637e-01
