5.027624529312765489e+00
7.958232382475319833e-01
6.327795932499211684e-01
6.108407323295674818e-01
5.921548968619076980e-01
5.762040332454795299e-01
5.632341579421860089e-01
5.516469376303869687e-01
5.414652841631182323e-01
5.325911577704092181e-01
5.240655628069458283e-01
5.157919326498826562e-01
5.077783238012422151e-01
5.000255185166005978e-01
4.925294352111741492e-01
4.858561616971814323e-01
4.797172648335532030e-01
4.738187027858454803e-01
4.680701008192444390e-01
4.630900216590276841e-01
4.585735565465071661e-01
4.541063555102413662e-01
4.496901064638971213e-01
4.453260130385413573e-01
4.412270739584817081e-01
4.373008888803315841e-01
4.335322634839192113e-01
4.297923252986275422e-01
4.260826045837645681e-01
4.224043929074693948e-01
4.187587761006010822e-01
4.151466614695797919e-01
4.115688005285086937e-01
4.080258081949523219e-01
4.045181791616758726e-01
4.010463019856707612e-01
3.976104713094064658e-01
3.942108985354425554e-01
3.908477212055516681e-01
3.875210112829981512e-01
3.842307824969677932e-01
3.809769968779480043e-01
3.777595705896853451e-01
3.745783791453601852e-01
3.714332620815420927e-01
3.683240271523145482e-01
3.652504540970077929e-01
3.622122980276934467e-01
3.592092924766401851e-01
3.562411521389381996e-01
3.533075753413375542e-01
3.504082462647947205e-01
3.475428369451719068e-01
3.447110090739105570e-01
3.419124156181961305e-01
3.391467022781320950e-01
3.364135087966534932e-01
3.337124701363509138e-01
3.310432175359647178e-01
3.284053794580760188e-01
3.257985824383865525e-01
3.232224518459934637e-01
3.206766125631523301e-01
3.181606895922196587e-01
3.156743085967277374e-01
3.132170963828941890e-01
3.107886813272636162e-01
3.083886937556503116e-01
3.060167662780559072e-01
3.036725340838042353e-01
3.013556352007294992e-01
2.990657107219011346e-01
2.968024050030335648e-01
2.945653658334435043e-01
2.923542445831401326e-01
2.901686963283967580e-01
2.880083799579307713e-01
2.858729582616177933e-01
2.837620980034894491e-01
2.816754699805931184e-01
2.796127490691516781e-01
2.775736142593198119e-01
2.755577486797162745e-01
2.735648396127968729e-01
2.715945785020318914e-01
2.696466609517684243e-01
2.677207867205632641e-01
2.658166597087059380e-01
2.639339879405819267e-01
2.620724835424598775e-01
2.602318627162372167e-01
2.584118457096223898e-01
2.566121567831873840e-01
2.548325241746873249e-01
2.530726800609942040e-01
2.513323605179722531e-01
2.496196631181224201e-01
2.479516255825590099e-01
2.463017263894909381e-01
2.446898348195577499e-01
2.431083527261576893e-01
2.415433672324949210e-01
2.399946774784452175e-01
2.384620848762330492e-01
2.369453931224477228e-01
2.354487787691993683e-01
2.340139672650120850e-01
2.325935058661123267e-01
2.311949135505357578e-01
2.298379286554610990e-01
2.284942235647327291e-01
2.271636384737603376e-01
2.258460157128132917e-01
2.245411997266390514e-01
2.232490370532751733e-01
2.219693763021636790e-01
2.207020681316748112e-01
2.194765125734137456e-01
2.182639293168717187e-01
2.170625198891330543e-01
2.158721575449449592e-01
2.147154818348377403e-01
2.136122912545432295e-01
2.125184809299758282e-01
2.114339529958816633e-01
2.103586107994799559e-01
2.092923588856622497e-01
2.082351029821694621e-01
2.071867499847665217e-01
2.061472079424391257e-01
2.051163860426256369e-01
2.040941945965042137e-01
2.030805450243472199e-01
2.020753498409565141e-01
2.010785226411921367e-01
2.000899780856023324e-01
1.991096318861650949e-01
1.981374007921500868e-01
1.971732025761057661e-01
1.962169560199797658e-01
1.952685809013758600e-01
1.943279979799543422e-01
1.933951289839775378e-01
1.924698965970051134e-01
1.915522244447420697e-01
1.906420370820401666e-01
1.897392599800570845e-01
1.888438195135719033e-01
1.879556429484610380e-01
1.870746584293330461e-01
1.862007949673238905e-01
1.853339824280528514e-01
1.844741515197388659e-01
1.836212337814766560e-01
1.827751615716740330e-01
1.819506872073835546e-01
1.811351891181981755e-01
1.803260010276918068e-01
1.795230633289688071e-01
1.787263171417783902e-01
1.779357043006186134e-01
1.771511673430977707e-01
1.763726494985461135e-01
1.756020463186867830e-01
1.748436037589382319e-01
1.740909425700557234e-01
1.733440087178777234e-01
1.726027488186138992e-01
1.718671101284318381e-01
1.711370405332635347e-01
1.704124885388212385e-01
1.696934032608221898e-01
1.689797344154128078e-01
1.682714323097903864e-01
1.675684478330146943e-01
1.668821494395508198e-01
1.662062323021433197e-01
1.655352163456387526e-01
1.648690585750926252e-01
1.642077164817806745e-01
1.635511480356485747e-01
1.628993116779216543e-01
1.622521663138685455e-01
1.616096713057180723e-01
1.609739851769597663e-01
1.603465138305196491e-01
1.597234926520670617e-01
1.591048838853310610e-01
1.584906501771149445e-01
1.578807545715500138e-01
1.572751605044604983e-01
1.566738317978371431e-01
1.560767326544164613e-01
1.554838276523642371e-01
1.548950817400573943e-01
1.543104602309665063e-01
1.537299287986318985e-01
1.531534534717340912e-01
1.525810006292551146e-01
1.520125369957286698e-01
1.514480296365762757e-01
1.508874459535292367e-01
1.503307536801328226e-01
1.497779208773297455e-01
1.492289159291243228e-01
1.486837075383227458e-01
1.481422647223478439e-01
1.476045568091281512e-01
1.470705534330585817e-01
1.465402245310301332e-01
1.460135403385298958e-01
1.454904713858058696e-01
1.449771677788990465e-01
1.444703216774753385e-01
1.439668172566530013e-01
1.434666296657721163e-01
1.429697342684256856e-01
1.424761066400483112e-01
1.419857225655487276e-01
1.414985580369801377e-01
1.410145892512515431e-01
1.405337926078771560e-01
1.400561447067636134e-01
1.395816223460329408e-01
1.391102025198820702e-01
1.386418624164760527e-01
1.381765794158763550e-01
1.377143310880014904e-01
1.372550951906199301e-01
1.367988496673747945e-01
1.363455726458390749e-01
1.358952424356010547e-01
1.354478375263787615e-01
1.350033365861636747e-01
1.345617184593909943e-01
1.341229621651392478e-01
1.336870468953551272e-01
1.332539520131043043e-01
1.328236570508495862e-01
1.323961417087506920e-01
1.319713858529920902e-01
1.315493695141325137e-01
1.311300728854777053e-01
1.307134763214773121e-01
1.302995603361424559e-01
1.298883056014870641e-01
1.294796929459885726e-01
1.290737033530708344e-01
1.286703179596076496e-01
1.282695180544449476e-01
1.278712850769446741e-01
1.274756006155459143e-01
1.270824464063466386e-01
1.266918043317023790e-01
1.263036564188441124e-01
1.259179848385139910e-01
1.255347719036169207e-01
1.251540000678915132e-01
1.247756519245956236e-01
1.243997102052099291e-01
1.240261577781566898e-01
1.236549776475349971e-01
1.232861529518703148e-01
1.229196669628805638e-01
1.225555030842566950e-01
1.221936448504579026e-01
1.218340759255208960e-01
1.214767801018834942e-01
1.211270211610665642e-01
1.207883581800182626e-01
1.204516807761459168e-01
1.201169766180904264e-01
1.197842334504298639e-01
1.194534390932626283e-01
1.191245814417928595e-01
1.187976484659171439e-01
1.184726282098131911e-01
1.181495087915295922e-01
1.178282784025790758e-01
1.175089253075305706e-01
1.171914378436053616e-01
1.168758044202745788e-01
1.165620135188559503e-01
1.162500536921156485e-01
1.159399135638698036e-01
1.156315818285870295e-01
1.153250472509935870e-01
1.150202986656809340e-01
1.147173249767124009e-01
1.144161151572338081e-01
1.141166582490842074e-01
1.138189433624086505e-01
1.135229596752725389e-01
1.132286964332775703e-01
1.129361429491789054e-01
1.126452886025037375e-01
1.123561228391724842e-01
1.120686351711199652e-01
1.117828151759187871e-01
1.114986524964051984e-01
1.112161368403042638e-01
1.109352579798587174e-01
1.106568442505864169e-01
1.103819041959674258e-01
1.101085338771769229e-01
1.098367237983638861e-01
1.095664645198659720e-01
1.092977466579397455e-01
1.090305608844882590e-01
1.087648979267923643e-01
1.085007485672394162e-01
1.082381036430536125e-01
1.079769540460259053e-01
1.077172907222441051e-01
1.074591046718237214e-01
1.072023869486383313e-01
1.069471286600513354e-01
1.066933209666464655e-01
1.064409550819602895e-01
1.061900222722134829e-01
1.059405138560435972e-01
1.056924212042376077e-01
1.054457357394654737e-01
1.052004489360132689e-01
1.049565523195173516e-01
1.047150034859700429e-01
1.044800823767477321e-01
1.042464355991584851e-01
1.040140558769499651e-01
1.037829359745982144e-01
1.035530686971141145e-01
1.033244468898529417e-01
1.030970634383217566e-01
1.028709112679897647e-01
1.026459833440951652e-01
1.024222726714569126e-01
1.021997722942820652e-01
1.019784752959776858e-01
1.017583747989596332e-01
1.015394639644637553e-01
1.013217359923571093e-01
1.011051841209482799e-01
1.008898016268001546e-01
1.006755818245408524e-01
1.004625180666767897e-01
1.002506037434051367e-01
1.000398322824271186e-01
9.983019714876133210e-02
9.962169184455821336e-02
9.941430990891361730e-02
9.920804491768452082e-02
9.900289048330364328e-02
9.879884025459544084e-02
9.859588791659285034e-02
9.839402719035239553e-02
9.819325183277295699e-02
9.799355563641252986e-02
9.779493242930624441e-02
9.759737607478530252e-02
9.740088047129587256e-02
9.720543955221862265e-02
9.701104728568885061e-02
9.681769767441732177e-02
9.662538475551091244e-02
9.643410260029477987e-02
9.624384531413415766e-02
9.605460703625764984e-02
9.586638193957980336e-02
9.567916423052560959e-02
9.549294814885420091e-02
9.530772796748498976e-02
9.512349799232193426e-02
9.494025256208017682e-02
9.476139922439058560e-02
9.458635402838501405e-02
9.441219354986638002e-02
9.423891316019146480e-02
9.406650825301531016e-02
9.389497424423119687e-02
9.372430657190944370e-02
9.355450069623590104e-02
9.338555209944911228e-02
9.321745628577703113e-02
9.305020878137347518e-02
9.288380513425223417e-02
9.271824091422249670e-02
9.255351171282263922e-02
9.238961314325302987e-02
9.222654084030887378e-02
9.206429046031222585e-02
9.190285768104357322e-02
9.174223820167208554e-02
9.158242774268703090e-02
9.142342204582649956e-02
9.126521687400709903e-02
9.110780801125323292e-02
9.095119126262460330e-02
9.079536245414482343e-02
9.064031743272878139e-02
9.048605206610954577e-02
9.033256224276492441e-02
9.017984387184410644e-02
9.002789288309356874e-02
8.987670522678246898e-02
8.972627687362806637e-02
8.957660381472036526e-02
8.942768206144738330e-02
8.927950764541903172e-02
8.913207661839132878e-02
8.898538505219007189e-02
8.883942903863477347e-02
8.869420468946208336e-02
8.854970813624798986e-02
8.840593553033228302e-02
8.826288304273983976e-02
8.812054686410408788e-02
8.797892320458902682e-02
8.783800829381145647e-02
8.769779838076323386e-02
8.755828973373351587e-02
8.741947864022939219e-02
8.728136140689911338e-02
8.714393435945268218e-02
8.700719384258392974e-02
8.687113621989117629e-02
8.673575787379980695e-02
8.660105520548253000e-02
8.646702463478092571e-02
8.633366260012684257e-02
8.620096555846323838e-02
8.606892998516563198e-02
8.593755237396305535e-02
8.580682923685897801e-02
8.567675710405292522e-02
8.554733252386065301e-02
8.541855206263665456e-02
8.529041230469408541e-02
8.516290985222618737e-02
8.503604132522803172e-02
8.490980336141698559e-02
8.478419261615495472e-02
8.465920576236871109e-02
8.453483949047171930e-02
8.441109050828612959e-02
8.428795554096345233e-02
8.416543133090695350e-02
8.404351463769281494e-02
8.392220223799221057e-02
8.380149092549311896e-02
8.368137751082284359e-02
8.356185882146922872e-02
8.344420030409542555e-02
8.332718253748629123e-02
8.321073705691300892e-02
8.309486087886715222e-02
8.297955103507041741e-02
8.286480457241077180e-02
8.275061855288205759e-02
8.263699005352038995e-02
8.252391616634217886e-02
8.241139399828154022e-02
8.229942067112835935e-02
8.218799332146467518e-02
8.207710910060320164e-02
8.196676517452443356e-02
8.185695872381350269e-02
8.174768694359896282e-02
8.163894704348777231e-02
8.153073624750592496e-02
8.142305179403280802e-02
8.131589093574102811e-02
8.120925093953229590e-02
8.110312908647530905e-02
8.099752267174446796e-02
8.089242900455516361e-02
8.078784540810377002e-02
8.068376921950352887e-02
8.058019778972357050e-02
8.047712848352543691e-02
8.037455867940218601e-02
8.027248576951585834e-02
8.017090715963492986e-02
8.006982026907293049e-02
7.996922253062686836e-02
7.986911139051479369e-02
7.976948430831480585e-02
7.967033875690310296e-02
7.957167222239278082e-02
7.947348220407185471e-02
7.937576621434332125e-02
7.927852177866234751e-02
7.918174643547699898e-02
7.908543773616595607e-02
7.898959324497867307e-02
7.889421053897381630e-02
7.879928720796001984e-02
7.870482085443433751e-02
7.861080909352249901e-02
7.851724955291926322e-02
7.842413987282705057e-02
7.833147770589814207e-02
7.823926071717297870e-02
7.814748658402223547e-02
7.805615299608643920e-02
7.796525765521720996e-02
7.787479827541825272e-02
7.778477258278615469e-02
7.769517831545195985e-02
7.760601322352239650e-02
7.751727506902147957e-02
7.742896162583230713e-02
7.734107067963924553e-02
7.725360002786954561e-02
7.716654747963590244e-02
7.707991085567909850e-02
7.699368798831023042e-02
7.690787672135375452e-02
7.682247491009026874e-02
7.673748042120039081e-02
7.665289113270667976e-02
7.656870493391876309e-02
7.648491972537620198e-02
7.640153341879248050e-02
7.631854393699903649e-02
7.623594921389005574e-02
7.615374719436666939e-02
7.607193583428080441e-02
7.599051310038175411e-02
7.590947697025994534e-02
7.582882543229235717e-02
7.574855648558841137e-02
7.566866813993539109e-02
7.558915841574447014e-02
7.551002534399628430e-02
7.543126696618754345e-02
7.535288133427778257e-02
7.527486651063537704e-02
7.519722056798491816e-02
7.511994158935385302e-02
7.504302766801997093e-02
7.496647690745938952e-02
7.489028742129306970e-02
7.481445733323553726e-02
7.473898477704304932e-02
7.466386789646135835e-02
7.458910484517448924e-02
7.451469378675359967e-02
7.444063289460538246e-02
7.436724968137438385e-02
7.429436337782645283e-02
7.422229625993892466e-02
7.415153841199829954e-02
7.408110138876328188e-02
7.401295983090525055e-02
7.394848071813263368e-02
7.388427834526463400e-02
7.382035139641847377e-02
7.375669856198234509e-02
7.369331853858999970e-02
7.363021002909382606e-02
7.356737174254113221e-02
7.350480239414700079e-02
7.344250070526991969e-02
7.338046540338581669e-02
7.331869522206245493e-02
7.325718890093488311e-02
7.319594518567870689e-02
7.313496282798617742e-02
7.307424058553992074e-02
7.301377722198829079e-02
7.295357150691957060e-02
7.289362221583707557e-02
7.283392813013457590e-02
7.277448803707006753e-02
7.271571721634059737e-02
7.265727526871101905e-02
7.259907787572761340e-02
7.254112389646452663e-02
7.248341219538660674e-02
7.242594164232792064e-02
7.236871111246816202e-02
7.231171948631072433e-02
7.225496564965942781e-02
7.219844849359668970e-02
7.214216691446044549e-02
7.208611981382216649e-02
7.203030609846410026e-02
7.197472468035724658e-02
7.191937447663883376e-02
7.186425440959040567e-02
7.180936340661529804e-02
7.175470040021660056e-02
7.170026432797499405e-02
7.164605413252747579e-02
7.159206876154376731e-02
7.153830716770638587e-02
7.148476830868717713e-02
7.143145114712634580e-02
7.137835465061062590e-02
7.132547779165100688e-02
