3.978420239317674412e+00
2.067003577257779945e+00
1.335313522505338302e+00
1.016125329985403836e+00
8.814015676159476786e-01
8.121575372649108004e-01
7.708410536115556377e-01
7.445852825737290237e-01
7.271031057107923967e-01
7.113855330807210553e-01
6.974019093767036548e-01
6.863994690132873000e-01
6.773071183459826727e-01
6.691374432562188224e-01
6.613541457570787374e-01
6.539125529394538283e-01
6.467720491709412212e-01
6.398975838038327701e-01
6.332595923098409685e-01
6.268333624325227449e-01
6.205982756135827172e-01
6.145370907000355931e-01
6.086872084883407918e-01
6.029960984614520791e-01
5.974268079467469628e-01
5.919728111228907963e-01
5.866283535649600145e-01
5.814124109847925714e-01
5.763274839027372476e-01
5.713360831159127740e-01
5.664346378657876269e-01
5.616198575119948355e-01
5.568886949905936801e-01
5.522383164405079148e-01
5.479163491729739377e-01
5.436770191942218444e-01
5.395970056928076630e-01
5.357117039258699753e-01
5.318828865148598206e-01
5.281089270179465389e-01
5.243882799437309394e-01
5.207194744374659123e-01
5.171335612138393545e-01
5.135988234909738548e-01
5.101127527715952903e-01
5.066740165766331350e-01
5.032813457041046545e-01
4.999335295805888424e-01
4.967162968406763635e-01
4.936089946170189036e-01
4.905377038807883228e-01
4.875016175550191400e-01
4.844999616449121582e-01
4.815319930783958369e-01
4.785969977542829934e-01
4.756942887705525314e-01
4.728232048098217066e-01
4.699831086627369037e-01
4.671733858730141575e-01
4.643934434903151942e-01
4.617194195886917263e-01
4.590948727062623691e-01
4.564970197815808595e-01
4.539253666032737611e-01
4.513794350986966020e-01
4.488587625389240943e-01
4.463629007961856798e-01
4.438914156492453911e-01
4.414438861327193986e-01
4.390199039267525527e-01
4.366666436226430137e-01
4.343399972226225092e-01
4.320346470970292674e-01
4.297502597002192393e-01
4.274865103543777356e-01
4.252430828862815426e-01
4.230196692845900608e-01
4.208159693761351350e-01
4.186316905198300131e-01
4.164665473169447685e-01
4.143202613366065434e-01
4.121925608554896647e-01
4.101022310843113194e-01
4.080464088059861383e-01
4.060074181865186982e-01
4.039850450939069249e-01
4.019790797483808742e-01
4.000057515559895527e-01
3.981256324502721045e-01
3.962601198514483225e-01
3.944090349742011004e-01
3.925722025408367455e-01
3.907603043092079953e-01
3.889779452173925955e-01
3.872089021645842011e-01
3.854530153601755105e-01
3.837101281628318983e-01
3.819800869784362729e-01
3.802627411628623499e-01
3.785579429292881826e-01
3.768655472597771672e-01
3.751854118208792777e-01
3.735173968830179936e-01
3.718613652434455963e-01
3.702171821525628292e-01
3.685847152434177931e-01
3.670302130096241844e-01
3.655290600694075520e-01
3.640399167568087457e-01
3.625604512543012525e-01
3.610905657543405090e-01
3.596301640924577381e-01
3.581791516982345547e-01
3.567374355484628778e-01
3.553049241223619203e-01
3.538815273587497257e-01
3.524671566150650026e-01
3.510617246281382275e-01
3.496651454766240286e-01
3.482773345450063673e-01
3.469045089233860346e-01
3.456006616884818583e-01
3.443341551893371322e-01
3.431121166741534778e-01
3.419008116661656493e-01
3.406959414548149101e-01
3.395089873859051255e-01
3.383679793384039014e-01
3.372323109759204907e-01
3.361019563147862321e-01
3.349768893769406453e-01
3.338652126688854138e-01
3.327646039302446512e-01
3.316760376823142398e-01
3.305955247305107370e-01
3.295199191730598387e-01
3.284491983524914227e-01
3.273833395971324500e-01
3.263223202234440401e-01
3.252661175384269909e-01
3.242147088420853640e-01
3.231691240516323949e-01
3.221295284875319576e-01
3.211000546106504427e-01
3.200842602234708623e-01
3.190729530169614803e-01
3.180661132775431388e-01
3.170637212502381841e-01
3.160843177095800094e-01
3.151442877328968217e-01
3.142081196988620317e-01
3.132757987752723405e-01
3.123473100538425862e-01
3.114226385545185161e-01
3.105017692297093457e-01
3.095846869684364400e-01
3.086713766003997828e-01
3.077618228999610128e-01
3.068560105900410284e-01
3.059539243459339919e-01
3.050555487990370684e-01
3.041608685404946777e-01
3.032698681247594785e-01
3.023825320730691990e-01
3.014988448768392004e-01
3.006187910009737729e-01
2.997423548870929988e-01
2.988695209566799571e-01
2.980002736141456054e-01
2.971345972498151133e-01
2.962724762428341485e-01
2.954138949639978362e-01
2.945614788370160553e-01
2.937213552734597721e-01
2.928846404392409508e-01
2.920513181552220616e-01
2.912213722849040787e-01
2.903947867355958778e-01
2.895715454595497174e-01
2.887516324550618574e-01
2.879350317675382631e-01
2.871217274905263350e-01
2.863117037667138320e-01
2.855049447888927672e-01
2.847014348008912732e-01
2.839011580984727723e-01
2.831040990302029492e-01
2.823102419982836397e-01
2.815195714593580756e-01
2.807320719252823782e-01
2.799477279638687977e-01
2.791665241995984759e-01
2.783884453143044002e-01
2.776134760478264907e-01
2.768416011986375991e-01
2.760728056244423634e-01
2.753070742427486950e-01
2.745443920314128428e-01
2.737847440291574785e-01
2.730281153360660795e-01
2.722831508857208593e-01
2.715428551765099452e-01
2.708054245842499985e-01
2.700708451742934169e-01
2.693391030742389169e-01
2.686101844742765365e-01
2.678840756275046586e-01
2.671607628502231102e-01
2.664402325222025025e-01
2.657224710869294793e-01
2.650074650518304265e-01
2.642952009884733666e-01
2.635856655327479814e-01
2.628788453850268159e-01
2.621747273103057774e-01
2.614732981383265376e-01
2.607745447636801717e-01
2.600784541458940335e-01
2.593850133095005339e-01
2.586942093440909307e-01
2.580060294043523550e-01
2.573204607100895158e-01
2.566374905462332490e-01
2.559571062628332450e-01
2.552792952750380651e-01
2.546040450630620566e-01
2.539313431721395564e-01
2.532611772124665483e-01
2.525935348591319962e-01
2.519284038520358537e-01
2.512657719957985258e-01
2.506056271596585061e-01
2.499479572773604386e-01
2.492927503470335759e-01
2.486399944310613563e-01
2.479896776559420146e-01
2.473417882121401457e-01
2.466963143539307735e-01
2.460532443992365093e-01
2.454125667294545232e-01
2.447742697892798802e-01
2.441383420865188558e-01
2.435047721918980335e-01
2.428735487388657133e-01
2.422446604233884082e-01
2.416180960037407621e-01
2.409938443002901942e-01
2.403718941952770749e-01
2.397522346325887121e-01
2.391348546175298684e-01
2.385197432165877818e-01
2.379068895571936348e-01
2.372962828274794156e-01
2.366879122760316423e-01
2.360817672116402866e-01
2.354778370030453649e-01
2.348761110786798945e-01
2.342765789264091847e-01
2.336792300932683253e-01
2.330840541851958436e-01
2.324910408667654194e-01
2.319001798609149345e-01
2.313114609486730811e-01
2.307279424711305704e-01
2.301513822157590650e-01
2.295768708217824083e-01
2.290043987137162229e-01
2.284339563688078945e-01
2.278655343168368985e-01
2.272991231399093537e-01
2.267347134722505209e-01
2.261722959999936111e-01
2.256118614609649575e-01
2.250534006444661339e-01
2.244969043910539364e-01
2.239423635923170341e-01
2.233897691906500393e-01
2.228391121790254947e-01
2.222903836007633915e-01
2.217435745492980226e-01
2.211986761679445024e-01
2.206556796496610406e-01
2.201145762368121039e-01
2.195753572209268589e-01
2.190508111721189421e-01
2.185327024427354825e-01
2.180163514604196995e-01
2.175017504793969880e-01
2.169888917943064155e-01
2.164777677400437639e-01
2.159683706916038504e-01
2.154606930639181295e-01
2.149547273116929613e-01
2.144504659292446880e-01
2.139479014503327947e-01
2.134470264479919333e-01
2.129478335343619189e-01
2.124503153605170613e-01
2.119544646162927204e-01
2.114602740301117223e-01
2.109677363688093332e-01
2.104768444374567615e-01
2.099875910791830780e-01
2.094999691749978299e-01
2.090139716436112960e-01
2.085295914412536866e-01
2.080468215614953431e-01
2.075656550350637730e-01
2.070860849296620454e-01
2.066081043497859371e-01
2.061317064365397744e-01
2.056568843674531355e-01
2.051836313562958036e-01
2.047119406528940255e-01
2.042418055429440771e-01
2.037732193478283549e-01
2.033061754244286645e-01
2.028406671649412574e-01
2.023766879966904519e-01
2.019142313819433654e-01
2.014532908177231740e-01
2.009938598356235950e-01
2.005359320016228686e-01
2.000795009158981286e-01
1.996245602126393848e-01
1.991711035598636714e-01
1.987191246592302507e-01
1.982686172458549834e-01
1.978195750881257264e-01
1.973719919875171758e-01
1.969258617784067911e-01
1.964811783278908597e-01
1.960379355356005604e-01
1.955961273335185546e-01
1.951557476857964102e-01
1.947167905885720807e-01
1.942792500697875235e-01
1.938431201890079281e-01
1.934083950372392502e-01
1.929750687367494666e-01
1.925431354408873863e-01
1.921125893339033497e-01
1.916834246307706768e-01
1.912556355770070327e-01
1.908292164484975406e-01
1.904041615513162311e-01
1.899804652215512368e-01
1.895581218251279065e-01
1.891371257576341669e-01
1.887174714441460788e-01
1.882991533390538097e-01
1.878821659258887722e-01
1.874665037171514559e-01
1.870521612541395373e-01
1.866391331067770165e-01
1.862274138734440476e-01
1.858169981808077131e-01
1.854078806836532700e-01
1.850000560647160064e-01
1.845935190345147081e-01
1.841882643311851531e-01
1.837842867203139663e-01
1.833815809947744457e-01
1.829801419745627766e-01
1.825799645066343568e-01
1.821810654516754779e-01
1.817843917979690971e-01
1.813889507277032520e-01
1.809947374280625743e-01
1.806017471082802250e-01
1.802099749995498823e-01
1.798194163549355629e-01
1.794300664492822772e-01
1.790419205791264345e-01
1.786549740626056648e-01
1.782692222393692516e-01
1.778846604704868994e-01
1.775012841383586115e-01
1.771190886466240400e-01
1.767380694200716695e-01
1.763582219045475019e-01
1.759795415668644891e-01
1.756020238947109680e-01
1.752256643965599547e-01
1.748504586015770246e-01
1.744764020595298282e-01
1.741034903406964152e-01
1.737317190357736130e-01
1.733610837557861550e-01
1.729915801319943658e-01
1.726232038158039550e-01
1.722559504786740636e-01
1.718898158120257535e-01
1.715247955271513025e-01
1.711608853551225551e-01
1.707980810467003840e-01
1.704363783722428194e-01
1.700757731216151203e-01
1.697162611040980706e-01
1.693578381482979123e-01
1.690005001020551956e-01
1.686442428323549902e-01
1.682890622252358748e-01
1.679349541857003969e-01
1.675830653036404494e-01
1.672364363707808388e-01
1.668908454632678229e-01
1.665462886771345019e-01
1.662027621257814725e-01
1.658602619399024702e-01
1.655187842674097909e-01
1.651783252733594609e-01
1.648388811398771858e-01
1.645004480660839097e-01
1.641630222680213747e-01
1.638265999785773475e-01
1.634911774474124557e-01
1.631567509408846095e-01
1.628233167419765592e-01
1.624908711502201786e-01
1.621594104816236059e-01
1.618289310685972482e-01
1.614994292598799508e-01
1.611709014204650292e-01
1.608433439315277158e-01
1.605167531903508582e-01
1.601911256102518111e-01
1.598664576205100496e-01
1.595427456662932841e-01
1.592199862085852125e-01
1.588981757241126058e-01
1.585773107052730058e-01
1.582573876600620877e-01
1.579384031120015797e-01
1.576203536000672645e-01
1.573032356786172870e-01
1.569870459173199895e-01
1.566717809010830520e-01
1.563574372299815496e-01
1.560440115191875088e-01
1.557315003988985480e-01
1.554273377590325855e-01
1.551290754266510530e-01
1.548316597816897511e-01
1.545350878069244593e-01
1.542393564978201126e-01
1.539444628624784539e-01
1.536504039215865480e-01
1.533571767083651283e-01
1.530647782685164993e-01
1.527732056601729116e-01
1.524824559538449364e-01
1.521925262323697292e-01
1.519034135908593208e-01
1.516151151366494365e-01
1.513276279892477039e-01
1.510409492802821108e-01
1.507550761534501571e-01
1.504700057644670630e-01
1.501857352810147817e-01
1.499022618826907627e-01
1.496195827609574647e-01
1.493376951190900637e-01
1.490565961721272703e-01
1.487762831468192326e-01
1.484967532815778257e-01
1.482180038264248323e-01
1.479400320429430371e-01
1.476628352042245185e-01
1.473864105948211878e-01
1.471107555106941911e-01
1.468358672591640324e-01
1.465617431588610853e-01
1.462883805396747727e-01
1.460157767427048281e-01
1.457483781367268916e-01
1.454822641062974431e-01
1.452168827455669053e-01
1.449522315031580855e-01
1.446883078384496868e-01
1.444251092215271259e-01
1.441626331331344602e-01
1.439008770646260926e-01
1.436398385179185888e-01
1.433795150054429923e-01
1.431199040500966413e-01
1.428610031851960671e-01
1.426028099544289496e-01
1.423453219118068769e-01
1.420885366216187440e-01
1.418324516583828188e-01
1.415770646068002792e-01
1.413223730617090557e-01
1.410683746280359807e-01
1.408150669207514361e-01
1.405624475648228344e-01
1.403105141951682955e-01
1.400592644566110434e-01
1.398086960038332771e-01
1.395588065013308732e-01
1.393095936233681165e-01
1.390610550539314871e-01
1.388131884866860288e-01
1.385659916249293022e-01
1.383194621815468650e-01
1.380735978789676965e-01
1.378283964491201774e-01
1.375838556333872642e-01
1.373399731825627190e-01
1.370967468568070058e-01
1.368541744256037695e-01
1.366122536677162047e-01
1.363709823711436453e-01
1.361303583330780165e-01
1.358903793598616461e-01
1.356510432669436050e-01
1.354123478788371027e-01
1.351742910290771316e-01
1.349368705601785567e-01
1.347000843235929557e-01
1.344639301796676234e-01
1.342284059976031618e-01
1.339935096554119021e-01
1.337592390398766873e-01
1.335255920465092117e-01
1.332925665795095804e-01
1.330601605517245656e-01
1.328283718846073047e-01
1.325971985081766391e-01
1.323666383609769792e-01
1.321366893900373929e-01
1.319073495508323035e-01
1.316786168072412166e-01
1.314504891315090296e-01
1.312229645042066184e-01
1.309960409141915916e-01
1.307697163585690159e-01
1.305439888426524475e-01
1.303188563799248800e-01
1.300943169920006082e-01
1.298703687085861758e-01
1.296470095674428780e-01
1.294242376143476814e-01
1.292020509030562814e-01
1.289804474952644664e-01
1.287594254605711752e-01
1.285389828764407216e-01
1.283191178281657130e-01
1.280998284088298578e-01
1.278811127192713837e-01
1.276629688680459840e-01
1.274453949713905687e-01
1.272283891531863498e-01
1.270119495449232860e-01
1.267960742856640011e-01
1.265807615220074234e-01
1.263660094080534535e-01
1.261518161053674647e-01
1.259381797829448035e-01
1.257250986171758178e-01
1.255125707918106348e-01
1.253005944979246333e-01
1.250891679338832219e-01
1.248782893053080184e-01
1.246679568250419895e-01
1.244581687131153941e-01
1.242489231967123103e-01
1.240402185101358440e-01
1.238320528947751131e-01
1.236244245990717888e-01
1.234173318784863305e-01
1.232107729954653313e-01
1.230047462194077124e-01
1.227992498266329419e-01
1.225942821003473543e-01
1.223898413306123145e-01
1.221859258143112997e-01
1.219825338551183830e-01
1.217796637634653567e-01
1.215773138565105077e-01
1.213754824581064623e-01
1.211741678987689752e-01
1.209733685156451632e-01
1.207730826524826828e-01
1.205733086595981302e-01
1.203740448938464547e-01
1.201752897185899838e-01
1.199770415036677113e-01
1.197792986253652936e-01
1.195820594663841302e-01
1.193853224158115539e-01
1.191890858690907440e-01
1.189933482279906529e-01
1.187981079005766133e-01
1.186033633011804450e-01
1.184091128503712009e-01
1.182153549749262178e-01
1.180220881078012651e-01
1.178293106881021235e-01
1.176370211610554134e-01
